0.000    0.001557    0.000000
0.150    0.001638    0.003221
0.300    0.001751    0.004943
0.440    0.001917    0.006228
0.590    0.001682    0.007069
0.740    0.001548    0.007686
0.890    0.001553    0.008201
1.040    0.001562    0.008644
1.180    0.001710    0.009071
1.330    0.002289    0.009579
1.480    0.002647    0.010107
1.630    0.002830    0.010619
1.770    0.002926    0.011106
1.920    0.003100    0.011583
2.070    0.003354    0.012061
2.220    0.003130    0.012476
2.370    0.003152    0.012869
2.510    0.003236    0.013249
2.660    0.003039    0.013586
2.810    0.003137    0.013915
2.960    0.003247    0.014239
3.110    0.003371    0.014559
3.250    0.003506    0.014877
3.400    0.003679    0.015196
3.550    0.003902    0.015521
3.700    0.004220    0.015857
3.840    0.004707    0.016219
3.990    0.005838    0.016650
4.140    0.010209    0.017378
4.290    0.023714    0.019008
4.440    0.018419    0.020232
4.580    0.017148    0.021337
4.730    0.014047    0.022213
4.880    0.024352    0.023685
5.030    0.020862    0.024908
5.180    0.014692    0.025745
5.320    0.018818    0.026789
5.470    0.022591    0.028007
5.620    0.021339    0.029127
5.770    0.017114    0.030002
5.910    0.016944    0.030848
6.060    0.023579    0.031996
6.210    0.020157    0.032953
6.360    0.018630    0.033817
6.510    0.015692    0.034528
6.650    0.026905    0.035722
6.800    0.020060    0.036592
6.950    0.019365    0.037414
7.100    0.022213    0.038337
7.250    0.029098    0.039521
7.390    0.027134    0.040604
7.540    0.024758    0.041573
7.690    0.032084    0.042804
7.840    0.036596    0.044181
7.980    0.037895    0.045582
8.130    0.030032    0.046671
8.280    0.031500    0.047794
8.430    0.036807    0.049082
8.580    0.026628    0.049997
8.720    0.023511    0.050793
8.870    0.021641    0.051512
9.020    0.020903    0.052196
9.170    0.017599    0.052762
9.320    0.017468    0.053315
9.460    0.017725    0.053868
9.610    0.018272    0.054429
9.760    0.019312    0.055012
9.910    0.020641    0.055627
10.060    0.022248    0.056279
10.200    0.023996    0.056973
10.350    0.026180    0.057719
10.500    0.028746    0.058527
10.650    0.031789    0.059408
10.790    0.035167    0.060369
10.940    0.039543    0.061435
11.090    0.044946    0.062631
11.240    0.051739    0.063989
11.390    0.060703    0.065561
11.530    0.071346    0.067386
11.680    0.087638    0.069600
11.830    0.110902    0.072365
11.980    0.147528    0.075998
12.130    0.213730    0.081196
12.270    0.343243    0.089448
12.420    0.820479    0.108936
12.570    2.319463    0.163371
12.720    3.228331    0.238242
12.860    3.765684    0.324624
13.010    3.354781    0.400693
13.160    3.763642    0.485061
13.310    3.295609    0.558104
13.460    3.797804    0.641340
13.600    4.030129    0.728758
13.750    2.935321    0.791734
13.900    2.421920    0.843134
14.050    2.128212    0.887819
14.200    1.558373    0.920194
14.340    1.372593    0.948431
14.490    1.350452    0.975924
14.640    1.491939    1.005987
14.790    1.466164    1.035231
14.930    1.414809    1.063186
15.080    1.767962    1.097772
15.230    1.959210    1.135721
15.380    2.700425    1.187517
15.530    2.700107    1.238807
15.670    3.073309    1.296664
15.820    3.024895    1.353070
15.970    3.451492    1.416827
16.120    3.454024    1.480036
16.270    3.078067    1.535846
16.410    2.564210    1.581943
16.560    2.727533    1.630531
16.710    2.461725    1.673991
16.860    2.583498    1.719194
17.010    3.603757    1.781693
17.150    2.698072    1.828103
17.300    1.784144    1.858527
17.450    1.366131    1.881622
17.600    1.229562    1.902231
17.740    0.799236    1.915521
17.890    0.646599    1.926183
18.040    0.715139    1.937878
18.190    0.661363    1.948604
18.340    0.312453    1.953629
18.480    0.245914    1.957555
18.630    0.121790    1.959484
18.780    0.093558    1.960953
18.930    0.084362    1.962268
19.080    0.085425    1.963589
19.220    0.097607    1.965087
19.370    0.132572    1.967106
19.520    0.213795    1.970337
19.670    0.387254    1.976145
19.810    0.677691    1.986236
19.960    1.006773    2.001116
20.110    1.224233    2.019075
20.260    1.484948    2.040697
20.410    1.200056    2.058042
20.550    1.402041    2.078169
20.700    0.957722    2.091817
20.850    1.037847    2.106501
21.000    0.853666    2.118493
21.150    0.759165    2.129082
21.290    0.842525    2.140756
21.440    0.589654    2.148870
21.590    0.586771    2.156887
21.740    0.487293    2.163499
21.880    0.452003    2.169594
22.030    0.574657    2.177289
22.180    0.200583    2.179957
22.330    0.255575    2.183333
22.480    0.541644    2.190441
22.620    0.259711    2.193828
22.770    0.367851    2.198594
22.920    0.307167    2.202547
23.070    0.100210    2.203829
23.220    0.075869    2.204792
23.360    0.109229    2.206172
23.510    0.408780    2.211301
23.660    0.294137    2.214969
23.810    0.084099    2.216010
23.950    0.054998    2.216688
24.100    0.094698    2.217847
24.250    0.068409    2.218679
24.400    0.028083    2.219019
24.550    0.019263    2.219250
24.690    0.015688    2.219438
24.840    0.013429    2.219597
24.990    0.011902    2.219738
25.140    0.010771    2.219864
25.290    0.009885    2.219979
25.430    0.009208    2.220086
25.580    0.008597    2.220185
25.730    0.008076    2.220278
25.880    0.007624    2.220365
26.030    0.007228    2.220447
26.170    0.006898    2.220525
26.320    0.006581    2.220598
26.470    0.006295    2.220668
26.620    0.006036    2.220735
26.760    0.005816    2.220799
26.910    0.005599    2.220861
27.060    0.005400    2.220920
27.210    0.005216    2.220976
27.360    0.005047    2.221031
27.500    0.004900    2.221083
27.650    0.004753    2.221134
27.800    0.004617    2.221183
27.950    0.004490    2.221230
28.100    0.004372    2.221276
28.240    0.004268    2.221321
28.390    0.004164    2.221364
28.540    0.004067    2.221406
28.690    0.003977    2.221447
28.830    0.003897    2.221487
28.980    0.003817    2.221526
29.130    0.003742    2.221564
29.280    0.003672    2.221601
29.430    0.003606    2.221637
29.570    0.003549    2.221672
29.720    0.003491    2.221707
29.870    0.003438    2.221741
30.020    0.003388    2.221774
30.170    0.003342    2.221807
30.310    0.003302    2.221839
30.460    0.003262    2.221870
30.610    0.003225    2.221902
30.760    0.003192    2.221932
30.900    0.003163    2.221962
31.050    0.003136    2.221992
31.200    0.003111    2.222022
31.350    0.003089    2.222051
31.500    0.003070    2.222079
31.640    0.003055    2.222108
31.790    0.003042    2.222136
31.940    0.003031    2.222164
32.090    0.003024    2.222192
32.240    0.003019    2.222220
32.380    0.003017    2.222247
32.530    0.003018    2.222274
32.680    0.003022    2.222302
32.830    0.003029    2.222329
32.970    0.003038    2.222356
33.120    0.003052    2.222383
33.270    0.003068    2.222410
33.420    0.003089    2.222438
33.570    0.003113    2.222465
33.710    0.003139    2.222493
33.860    0.003171    2.222520
34.010    0.003208    2.222548
34.160    0.003249    2.222576
34.310    0.003295    2.222604
34.450    0.003343    2.222633
34.600    0.003400    2.222662
34.750    0.003463    2.222691
34.900    0.003534    2.222721
35.050    0.003611    2.222752
35.190    0.003691    2.222783
35.340    0.003785    2.222814
35.490    0.003890    2.222847
35.640    0.004005    2.222880
35.780    0.004124    2.222914
35.930    0.004265    2.222949
36.080    0.004422    2.222985
36.230    0.004598    2.223022
36.380    0.004794    2.223061
36.520    0.004999    2.223102
36.670    0.005246    2.223144
36.820    0.005527    2.223188
36.970    0.005848    2.223235
37.120    0.006218    2.223284
37.260    0.006618    2.223336
37.410    0.007119    2.223393
37.560    0.007717    2.223453
37.710    0.008441    2.223519
37.850    0.009269    2.223592
38.000    0.010382    2.223672
38.150    0.011833    2.223764
38.300    0.013800    2.223870
38.450    0.016608    2.223997
38.590    0.020552    2.224154
38.740    0.027550    2.224364
38.890    0.041156    2.224676
39.040    0.075151    2.225244
39.190    0.202142    2.226766
39.330    0.795921    2.232736
39.480    0.582173    2.237086
39.630    0.254855    2.238983
39.780    0.105779    2.239767
39.920    0.061718    2.240223
40.070    0.051998    2.240606
40.220    0.055433    2.241013
40.370    0.072503    2.241543
40.520    0.125976    2.242460
40.660    0.259811    2.244345
40.810    0.527949    2.248161
40.960    0.885538    2.254539
41.110    1.257118    2.263560
41.260    1.361657    2.273295
41.400    1.112770    2.281225
41.550    0.786417    2.286808
41.700    0.548714    2.290690
41.850    0.386858    2.293417
41.990    0.199376    2.294818
42.140    0.133882    2.295755
42.290    0.163232    2.296893
42.440    0.339832    2.299256
42.590    1.407871    2.309007
42.730    1.391588    2.318614
42.880    0.581984    2.322618
43.030    0.408137    2.325416
43.180    0.355846    2.327847
43.330    0.295486    2.329859
43.470    0.282236    2.331775
43.620    0.298353    2.333792
43.770    0.349009    2.336145
43.920    0.497781    2.339488
44.070    0.618807    2.343630
44.210    0.653577    2.347991
44.360    0.768058    2.353099
44.510    0.963537    2.359485
44.660    1.982621    2.372581
44.800    3.323240    2.394464
44.950    2.529682    2.411066
45.100    1.852162    2.423181
45.250    1.098785    2.430344
45.400    0.649376    2.434564
45.540    0.416025    2.437259
45.690    0.506260    2.440528
45.840    0.517417    2.443857
45.990    0.740050    2.448604
46.140    0.476229    2.451649
46.280    0.375041    2.454040
46.430    0.241626    2.455575
46.580    0.245215    2.457128
46.730    0.299642    2.459020
46.870    0.381074    2.461418
47.020    0.535727    2.464779
47.170    0.278276    2.466520
47.320    0.086311    2.467058
47.470    0.049238    2.467364
47.610    0.049317    2.467669
47.760    0.033033    2.467873
47.910    0.021430    2.468005
48.060    0.017026    2.468110
48.210    0.014355    2.468198
48.350    0.012572    2.468274
48.500    0.011106    2.468342
48.650    0.009944    2.468402
48.800    0.008995    2.468456
48.940    0.008252    2.468506
49.090    0.007573    2.468552
49.240    0.006989    2.468594
49.390    0.006482    2.468632
49.540    0.006037    2.468668
49.680    0.005669    2.468702
49.830    0.005316    2.468733
49.980    0.005000    2.468763
50.130    0.004715    2.468791
50.280    0.004458    2.468817
50.420    0.004239    2.468842
50.570    0.004024    2.468865
50.720    0.003827    2.468887
50.870    0.003646    2.468908
51.020    0.003480    2.468929
51.160    0.003336    2.468948
51.310    0.003193    2.468966
51.460    0.003060    2.468984
51.610    0.002936    2.469000
51.750    0.002828    2.469017
51.900    0.002720    2.469032
52.050    0.002618    2.469047
52.200    0.002523    2.469061
52.350    0.002434    2.469075
52.490    0.002355    2.469088
52.640    0.002276    2.469101
52.790    0.002201    2.469113
52.940    0.002130    2.469125
53.090    0.002063    2.469137
53.230    0.002003    2.469148
53.380    0.001943    2.469158
53.530    0.001885    2.469169
53.680    0.001831    2.469179
53.820    0.001782    2.469189
53.970    0.001733    2.469198
54.120    0.001686    2.469207
54.270    0.001640    2.469216
54.420    0.001597    2.469225
54.560    0.001559    2.469233
54.710    0.001519    2.469241
54.860    0.001482    2.469249
55.010    0.001445    2.469257
55.160    0.001411    2.469265
55.300    0.001379    2.469272
55.450    0.001347    2.469279
55.600    0.001317    2.469286
55.750    0.001287    2.469293
55.890    0.001260    2.469300
56.040    0.001233    2.469306
56.190    0.001206    2.469312
56.340    0.001181    2.469319
56.490    0.001156    2.469325
56.630    0.001134    2.469331
56.780    0.001111    2.469336
56.930    0.001089    2.469342
57.080    0.001067    2.469348
57.230    0.001047    2.469353
57.370    0.001028    2.469358
57.520    0.001009    2.469363
57.670    0.000990    2.469368
57.820    0.000972    2.469373
57.960    0.000955    2.469378
58.110    0.000938    2.469383
58.260    0.000921    2.469388
58.410    0.000905    2.469392
58.560    0.000890    2.469397
58.700    0.000876    2.469401
58.850    0.000861    2.469405
59.000    0.000846    2.469410
