0.000    0.000016    0.000000
0.150    0.000572    0.001125
0.300    0.001135    0.002240
0.440    0.001699    0.003379
0.590    0.002262    0.004510
0.740    0.002829    0.005638
0.890    0.003398    0.006764
1.040    0.003970    0.007891
1.180    0.005176    0.009185
1.330    0.008353    0.011037
1.480    0.010603    0.013151
1.630    0.012183    0.015356
1.770    0.013459    0.017599
1.920    0.014996    0.019903
2.070    0.017131    0.022344
2.220    0.018225    0.024766
2.370    0.019527    0.027197
2.510    0.020881    0.029651
2.660    0.021749    0.032063
2.810    0.023140    0.034492
2.960    0.024567    0.036940
3.110    0.026032    0.039410
3.250    0.027520    0.041908
3.400    0.029074    0.044430
3.550    0.030686    0.046980
3.700    0.032376    0.049561
3.840    0.034151    0.052185
3.990    0.036246    0.054865
4.140    0.040119    0.057724
4.290    0.072251    0.062692
4.440    0.053779    0.066265
4.580    0.055681    0.069851
4.730    0.049683    0.072950
4.880    0.071122    0.077250
5.030    0.063049    0.080947
5.180    0.056985    0.084193
5.320    0.069678    0.088056
5.470    0.077001    0.092209
5.620    0.074824    0.096137
5.770    0.071110    0.099772
5.910    0.076739    0.103603
6.060    0.087808    0.107877
6.210    0.085307    0.111930
6.360    0.084404    0.115844
6.510    0.082849    0.119599
6.650    0.104641    0.124241
6.800    0.094644    0.128347
6.950    0.097912    0.132503
7.100    0.105560    0.136889
7.250    0.118643    0.141716
7.390    0.117311    0.146399
7.540    0.120890    0.151129
7.690    0.133548    0.156252
7.840    0.144303    0.161682
7.980    0.152240    0.167310
8.130    0.146516    0.172626
8.280    0.153453    0.178093
8.430    0.168387    0.183986
8.580    0.163941    0.189622
8.720    0.167257    0.195281
8.870    0.174087    0.201071
9.020    0.182056    0.207025
9.170    0.188061    0.213075
9.320    0.198138    0.219346
9.460    0.208757    0.225856
9.610    0.221030    0.232641
9.760    0.234778    0.239737
9.910    0.249867    0.247175
10.060    0.266387    0.254987
10.200    0.283341    0.263182
10.350    0.302966    0.271817
10.500    0.324431    0.280932
10.650    0.347919    0.290569
10.790    0.371940    0.300738
10.940    0.399829    0.311519
11.090    0.430271    0.322965
11.240    0.463319    0.335125
11.390    0.499612    0.348065
11.530    0.535036    0.361754
11.680    0.576684    0.376319
11.830    0.620479    0.391792
11.980    0.665196    0.408172
12.130    0.713744    0.425530
12.270    0.754127    0.443661
12.420    0.802972    0.462733
12.570    0.847745    0.482629
12.720    0.887091    0.503202
12.860    0.927165    0.524470
13.010    0.954485    0.546113
13.160    0.991154    0.568331
13.310    1.015559    0.590840
13.460    1.042945    0.613698
13.600    1.072767    0.636968
13.750    1.086764    0.660284
13.900    1.125418    0.684168
14.050    1.148473    0.708282
14.200    1.189762    0.732999
14.340    1.241621    0.758541
14.490    1.272728    0.784453
14.640    1.344047    0.811536
14.790    1.392954    0.839319
14.930    1.445442    0.867880
15.080    1.529980    0.897810
15.230    1.587413    0.928557
15.380    1.658314    0.960365
15.530    1.787989    0.994329
15.670    1.914219    1.030366
15.820    2.003624    1.067728
15.970    2.056645    1.105718
16.120    2.064310    1.143496
16.270    2.034814    1.180390
16.410    1.986694    1.216104
16.560    1.926551    1.250424
16.710    1.875945    1.283542
16.860    1.848192    1.315880
17.010    1.793649    1.346987
17.150    1.714894    1.376485
17.300    1.581710    1.403456
17.450    1.440715    1.427812
17.600    1.309571    1.449762
17.740    1.198228    1.469688
17.890    1.104778    1.487905
18.040    1.024055    1.504651
18.190    0.954716    1.520135
18.340    0.894143    1.534517
18.480    0.841727    1.547954
18.630    0.788594    1.560441
18.780    0.739388    1.572055
18.930    0.696036    1.582902
19.080    0.660138    1.593109
19.220    0.633869    1.602838
19.370    0.612511    1.612166
19.520    0.596798    1.621185
19.670    0.584722    1.629954
19.810    0.574936    1.638516
19.960    0.564411    1.646858
20.110    0.552839    1.654968
20.260    0.539769    1.662827
20.410    0.525184    1.670418
20.550    0.510360    1.677744
20.700    0.493605    1.684779
20.850    0.476272    1.691517
21.000    0.458715    1.697961
21.150    0.441238    1.704116
21.290    0.425186    1.710007
21.440    0.408485    1.715628
21.590    0.392393    1.720989
21.740    0.376991    1.726105
21.880    0.363280    1.731003
22.030    0.349331    1.735680
22.180    0.336146    1.740151
22.330    0.323716    1.744428
22.480    0.312021    1.748522
22.620    0.301754    1.752458
22.770    0.291397    1.756233
22.920    0.281675    1.759858
23.070    0.272543    1.763343
23.220    0.263952    1.766697
23.360    0.256389    1.769935
23.510    0.248672    1.773055
23.660    0.241300    1.776064
23.810    0.234187    1.778965
23.950    0.227714    1.781770
24.100    0.220792    1.784473
24.250    0.213778    1.787073
24.400    0.206531    1.789570
24.550    0.198931    1.791961
24.690    0.191493    1.794249
24.840    0.183084    1.796423
24.990    0.174347    1.798481
25.140    0.165444    1.800422
25.290    0.156575    1.802249
25.430    0.148545    1.803972
25.580    0.140248    1.805589
25.730    0.132421    1.807108
25.880    0.125117    1.808534
26.030    0.118352    1.809875
26.170    0.112555    1.811144
26.320    0.106781    1.812341
26.470    0.101474    1.813472
26.620    0.096594    1.814542
26.760    0.092428    1.815561
26.910    0.088267    1.816529
27.060    0.084428    1.817449
27.210    0.080880    1.818326
27.360    0.077595    1.819162
27.500    0.074771    1.819965
27.650    0.071925    1.820732
27.800    0.069275    1.821467
27.950    0.066806    1.822172
28.100    0.064500    1.822849
28.240    0.062506    1.823502
28.390    0.060478    1.824131
28.540    0.058578    1.824736
28.690    0.056795    1.825320
28.830    0.055248    1.825885
28.980    0.053666    1.826432
29.130    0.052178    1.826960
29.280    0.050778    1.827472
29.430    0.049458    1.827967
29.570    0.048312    1.828449
29.720    0.047134    1.828917
29.870    0.046024    1.829372
30.020    0.044977    1.829814
30.170    0.043990    1.830244
30.310    0.043133    1.830664
30.460    0.042252    1.831073
30.610    0.041421    1.831472
30.760    0.040639    1.831862
30.900    0.039964    1.832243
31.050    0.039269    1.832617
31.200    0.038618    1.832982
31.350    0.038007    1.833339
31.500    0.037436    1.833690
31.640    0.036948    1.834034
31.790    0.036450    1.834373
31.940    0.035988    1.834705
32.090    0.035561    1.835032
32.240    0.035169    1.835354
32.380    0.034843    1.835671
32.530    0.034517    1.835984
32.680    0.034223    1.836293
32.830    0.033963    1.836598
32.970    0.033758    1.836900
33.120    0.033562    1.837199
33.270    0.033398    1.837495
33.420    0.033268    1.837789
33.570    0.033172    1.838081
33.710    0.033122    1.838370
33.860    0.033094    1.838659
34.010    0.033102    1.838946
34.160    0.033147    1.839232
34.310    0.033231    1.839518
34.450    0.033355    1.839803
34.600    0.033519    1.840089
34.750    0.033729    1.840376
34.900    0.033985    1.840663
35.050    0.034292    1.840951
35.190    0.034634    1.841242
35.340    0.035048    1.841534
35.490    0.035524    1.841830
35.640    0.036068    1.842128
35.780    0.036650    1.842430
35.930    0.037343    1.842737
36.080    0.038126    1.843049
36.230    0.039008    1.843366
36.380    0.040002    1.843691
36.520    0.041052    1.844022
36.670    0.042307    1.844363
36.820    0.043727    1.844713
36.970    0.045340    1.845075
37.120    0.047178    1.845450
37.260    0.049144    1.845839
37.410    0.051552    1.846245
37.560    0.054352    1.846672
37.710    0.057642    1.847123
37.850    0.061280    1.847601
38.000    0.065937    1.848113
38.150    0.071650    1.848667
38.300    0.078805    1.849274
38.450    0.087992    1.849949
38.590    0.099218    1.850707
38.740    0.115420    1.851586
38.890    0.138114    1.852634
39.040    0.170289    1.853921
39.190    0.235785    1.855695
39.330    0.260169    1.857647
39.480    0.296392    1.859862
39.630    0.305020    1.862132
39.780    0.298770    1.864348
39.920    0.285326    1.866456
40.070    0.262062    1.868385
40.220    0.253989    1.870248
40.370    0.269949    1.872221
40.520    0.315210    1.874516
40.660    0.387880    1.877330
40.810    0.474731    1.880762
40.960    0.547905    1.884708
41.110    0.612859    1.889106
41.260    0.655175    1.893790
41.400    0.654930    1.898457
41.550    0.623257    1.902882
41.700    0.589541    1.907052
41.850    0.572674    1.911089
41.990    0.576641    1.915140
42.140    0.594567    1.919303
42.290    0.604187    1.923517
42.440    0.610984    1.927764
42.590    0.637121    1.932177
42.730    0.657777    1.936718
42.880    0.639361    1.941117
43.030    0.582810    1.945112
43.180    0.523857    1.948691
43.330    0.482342    1.951975
43.470    0.462317    1.955113
43.620    0.463079    1.958245
43.770    0.496362    1.961590
43.920    0.567105    1.965399
44.070    0.636947    1.969663
44.210    0.686238    1.974242
44.360    0.750607    1.979233
44.510    0.805416    1.984571
44.660    0.858822    1.990244
44.800    0.855071    1.995875
44.950    0.824876    2.001288
45.100    0.818304    2.006641
45.250    0.783828    2.011751
45.400    0.726640    2.016473
45.540    0.681747    2.020889
45.690    0.657206    2.025132
45.840    0.644312    2.029278
45.990    0.632878    2.033338
46.140    0.626484    2.037343
46.280    0.659861    2.041550
46.430    0.587357    2.045281
46.580    0.507702    2.048497
46.730    0.470913    2.051470
46.870    0.462024    2.054378
47.020    0.458304    2.057253
47.170    0.421014    2.059886
47.320    0.341169    2.062013
47.470    0.259663    2.063627
47.610    0.210630    2.064932
47.760    0.177263    2.066027
47.910    0.154530    2.066978
48.060    0.136971    2.067819
48.210    0.122290    2.068567
48.350    0.110544    2.069242
48.500    0.099746    2.069848
48.650    0.090577    2.070398
48.800    0.082765    2.070898
48.940    0.076490    2.071359
49.090    0.070623    2.071783
49.240    0.065494    2.072176
49.390    0.060974    2.072540
49.540    0.056959    2.072879
49.680    0.053608    2.073197
49.830    0.050359    2.073495
49.980    0.047424    2.073775
50.130    0.044763    2.074039
50.280    0.042338    2.074287
50.420    0.040271    2.074523
50.570    0.038227    2.074746
50.720    0.036347    2.074957
50.870    0.034613    2.075158
51.020    0.033010    2.075349
51.160    0.031626    2.075531
51.310    0.030239    2.075705
51.460    0.028949    2.075871
51.610    0.027745    2.076030
51.750    0.026698    2.076182
51.900    0.025641    2.076328
52.050    0.024651    2.076467
52.200    0.023721    2.076601
52.350    0.022846    2.076730
52.490    0.022080    2.076854
52.640    0.021300    2.076973
52.790    0.020565    2.077088
52.940    0.019869    2.077199
53.090    0.019211    2.077306
53.230    0.018631    2.077409
53.380    0.018037    2.077509
53.530    0.017474    2.077605
53.680    0.016938    2.077698
53.820    0.016464    2.077788
53.970    0.015978    2.077876
54.120    0.015514    2.077960
54.270    0.015071    2.078042
54.420    0.014648    2.078122
54.560    0.014273    2.078199
54.710    0.013886    2.078274
54.860    0.013515    2.078346
55.010    0.013160    2.078417
55.160    0.012820    2.078486
55.300    0.012517    2.078552
55.450    0.012203    2.078617
55.600    0.011901    2.078680
55.750    0.011612    2.078742
55.890    0.011353    2.078802
56.040    0.011084    2.078860
56.190    0.010826    2.078917
56.340    0.010577    2.078972
56.490    0.010336    2.079026
56.630    0.010122    2.079079
56.780    0.009898    2.079130
56.930    0.009682    2.079181
57.080    0.009473    2.079230
57.230    0.009271    2.079277
57.370    0.009091    2.079324
57.520    0.008902    2.079370
57.670    0.008719    2.079414
57.820    0.008542    2.079458
57.960    0.008383    2.079501
58.110    0.008217    2.079542
58.260    0.008056    2.079583
58.410    0.007900    2.079623
58.560    0.007749    2.079662
58.700    0.007613    2.079700
58.850    0.007470    2.079738
59.000    0.007331    2.079774
