0.000    0.003749    0.000000
0.150    0.003854    0.007579
0.300    0.003963    0.011477
0.440    0.004070    0.014206
0.590    0.004190    0.016301
0.740    0.004316    0.018021
0.890    0.004448    0.019495
1.040    0.004586    0.020796
1.180    0.004722    0.021977
1.330    0.004876    0.023058
1.480    0.005037    0.024062
1.630    0.005208    0.025005
1.770    0.005377    0.025901
1.920    0.005568    0.026757
2.070    0.005771    0.027579
2.220    0.005988    0.028375
2.370    0.006219    0.029149
2.510    0.006450    0.029907
2.660    0.006717    0.030652
2.810    0.007006    0.031387
2.960    0.007322    0.032117
3.110    0.007673    0.032845
3.250    0.008041    0.033575
3.400    0.008499    0.034312
3.550    0.009064    0.035065
3.700    0.009847    0.035850
3.840    0.011100    0.036703
3.990    0.014995    0.037812
4.140    0.029378    0.039905
4.290    0.027476    0.041795
4.440    0.024209    0.043403
4.580    0.021548    0.044791
4.730    0.031603    0.046762
4.880    0.029464    0.048543
5.030    0.024216    0.049963
5.180    0.029323    0.051633
5.320    0.032242    0.053421
5.470    0.034306    0.055271
5.620    0.031106    0.056904
5.770    0.030094    0.058443
5.910    0.039516    0.060415
6.060    0.037632    0.062247
6.210    0.036690    0.063990
6.360    0.036201    0.065669
6.510    0.050077    0.067938
6.650    0.045541    0.069959
6.800    0.048174    0.072048
6.950    0.054697    0.074370
7.100    0.067149    0.077160
7.250    0.070420    0.080026
7.390    0.076260    0.083070
7.540    0.092818    0.086701
7.690    0.112489    0.091016
7.840    0.133511    0.096040
7.980    0.151601    0.101644
8.130    0.198702    0.108854
8.280    0.287594    0.119101
8.430    0.468534    0.135497
8.580    1.174628    0.175883
8.720    3.128143    0.281709
8.870    4.461434    0.430088
9.020    4.701733    0.583859
9.170    4.580470    0.731213
9.320    3.963843    0.856678
9.460    4.003755    0.981531
9.610    3.902811    1.101336
9.760    3.351304    1.202631
9.910    3.538193    1.307955
10.060    2.955816    1.394632
10.200    2.822177    1.476254
10.350    2.186901    1.538586
10.500    2.210501    1.600690
10.650    1.553530    1.643722
10.790    1.645916    1.688722
10.940    1.232126    1.721946
11.090    1.150642    1.752554
11.240    1.072324    1.780698
11.390    0.784409    1.801014
11.530    0.908537    1.824259
11.680    0.541827    1.837944
11.830    0.665848    1.854548
11.980    0.399941    1.864396
12.130    0.389133    1.873860
12.270    0.317203    1.881486
12.420    0.255316    1.887551
12.570    0.260894    1.893674
12.720    0.222016    1.898822
12.860    0.258515    1.904753
13.010    0.285528    1.911227
13.160    0.383522    1.919824
13.310    0.499277    1.930890
13.460    0.808175    1.948603
13.600    0.968376    1.969608
13.750    1.424159    2.000163
13.900    2.092682    2.044576
14.050    2.408769    2.095151
14.200    3.244221    2.162549
14.340    3.519824    2.234958
14.490    3.908438    2.314529
14.640    4.781171    2.410871
14.790    4.194705    2.494538
14.930    3.023608    2.554281
15.080    2.673948    2.606590
15.230    2.412935    2.653328
15.380    2.204558    2.695613
15.530    2.828639    2.749344
15.670    3.922347    2.823186
15.820    2.844330    2.876225
15.970    2.118087    2.915350
16.120    1.635307    2.945277
16.270    1.265073    2.968214
16.410    1.000659    2.986203
16.560    0.787467    3.000231
16.710    0.580889    3.010486
16.860    0.408433    3.017633
17.010    0.254756    3.022051
17.150    0.184125    3.025218
17.300    0.156354    3.027884
17.450    0.135917    3.030182
17.600    0.140705    3.032540
17.740    0.158424    3.035175
17.890    0.200393    3.038479
18.040    0.294373    3.043293
18.190    0.525805    3.051820
18.340    1.330978    3.073229
18.480    5.465762    3.160480
18.630    6.889970    3.269581
18.780    2.688652    3.311814
18.930    1.008513    3.327531
19.080    0.434718    3.334252
19.220    0.248849    3.338072
19.370    0.155475    3.340439
19.520    0.109532    3.342095
19.670    0.082938    3.343339
19.810    0.066693    3.344332
19.960    0.054537    3.345138
20.110    0.045752    3.345809
20.260    0.039162    3.346379
20.410    0.034068    3.346872
20.550    0.030276    3.347306
20.700    0.026970    3.347690
20.850    0.024253    3.348034
21.000    0.021987    3.348343
21.150    0.020072    3.348622
21.290    0.018537    3.348879
21.440    0.017111    3.349115
21.590    0.015869    3.349332
21.740    0.014780    3.349532
21.880    0.013879    3.349719
22.030    0.013017    3.349894
22.180    0.012246    3.350056
22.330    0.011554    3.350209
22.480    0.010928    3.350352
22.620    0.010398    3.350488
22.770    0.009879    3.350616
22.920    0.009404    3.350737
23.070    0.008970    3.350852
23.220    0.008570    3.350961
23.360    0.008226    3.351065
23.510    0.007884    3.351164
23.660    0.007567    3.351258
23.810    0.007273    3.351348
23.950    0.007017    3.351434
24.100    0.006760    3.351517
24.250    0.006521    3.351596
24.400    0.006297    3.351673
24.550    0.006087    3.351746
24.690    0.005904    3.351816
24.840    0.005718    3.351884
24.990    0.005543    3.351950
25.140    0.005379    3.352013
25.290    0.005224    3.352074
25.430    0.005088    3.352133
25.580    0.004949    3.352190
25.730    0.004818    3.352245
25.880    0.004695    3.352299
26.030    0.004577    3.352350
26.170    0.004474    3.352401
26.320    0.004368    3.352450
26.470    0.004268    3.352497
26.620    0.004174    3.352544
26.760    0.004090    3.352589
26.910    0.004004    3.352633
27.060    0.003923    3.352675
27.210    0.003846    3.352717
27.360    0.003773    3.352758
27.500    0.003708    3.352798
27.650    0.003642    3.352836
27.800    0.003580    3.352874
27.950    0.003521    3.352912
28.100    0.003465    3.352948
28.240    0.003415    3.352984
28.390    0.003365    3.353019
28.540    0.003317    3.353053
28.690    0.003273    3.353086
28.830    0.003233    3.353120
28.980    0.003194    3.353152
29.130    0.003157    3.353184
29.280    0.003122    3.353215
29.430    0.003089    3.353246
29.570    0.003061    3.353277
29.720    0.003033    3.353307
29.870    0.003008    3.353337
30.020    0.002984    3.353366
30.170    0.002963    3.353395
30.310    0.002945    3.353424
30.460    0.002928    3.353452
30.610    0.002913    3.353480
30.760    0.002901    3.353508
30.900    0.002891    3.353536
31.050    0.002882    3.353563
31.200    0.002876    3.353590
31.350    0.002872    3.353617
31.500    0.002871    3.353644
31.640    0.002871    3.353671
31.790    0.002874    3.353698
31.940    0.002879    3.353724
32.090    0.002887    3.353751
32.240    0.002898    3.353777
32.380    0.002910    3.353804
32.530    0.002926    3.353830
32.680    0.002944    3.353857
32.830    0.002966    3.353883
32.970    0.002989    3.353910
33.120    0.003017    3.353937
33.270    0.003049    3.353964
33.420    0.003085    3.353991
33.570    0.003124    3.354019
33.710    0.003165    3.354047
33.860    0.003213    3.354075
34.010    0.003267    3.354103
34.160    0.003325    3.354132
34.310    0.003390    3.354161
34.450    0.003455    3.354190
34.600    0.003533    3.354220
34.750    0.003617    3.354251
34.900    0.003710    3.354282
35.050    0.003813    3.354315
35.190    0.003917    3.354347
35.340    0.004040    3.354381
35.490    0.004176    3.354416
35.640    0.004326    3.354452
35.780    0.004481    3.354489
35.930    0.004665    3.354527
36.080    0.004871    3.354567
36.230    0.005101    3.354608
36.380    0.005361    3.354652
36.520    0.005635    3.354697
36.670    0.005968    3.354745
36.820    0.006351    3.354796
36.970    0.006796    3.354850
37.120    0.007318    3.354909
37.260    0.007894    3.354971
37.410    0.008635    3.355039
37.560    0.009548    3.355114
37.710    0.010699    3.355198
37.850    0.012082    3.355292
38.000    0.014063    3.355401
38.150    0.016872    3.355532
38.300    0.021133    3.355694
38.450    0.028250    3.355911
38.590    0.040666    3.356222
38.740    0.071611    3.356767
38.890    0.182182    3.358149
39.040    0.821421    3.364356
39.190    0.642196    3.369190
39.330    0.228951    3.370908
39.480    0.100818    3.371661
39.630    0.060801    3.372114
39.780    0.052705    3.372504
39.920    0.055565    3.372915
40.070    0.068222    3.373417
40.220    0.098599    3.374140
40.370    0.184226    3.375487
40.520    0.442537    3.378708
40.660    1.005358    3.386003
40.810    2.164186    3.401647
40.960    1.957298    3.415743
41.110    0.682767    3.420643
41.260    0.392626    3.423450
41.400    0.256033    3.425274
41.550    0.163445    3.426435
41.700    0.116867    3.427262
41.850    0.114309    3.428067
41.990    0.160226    3.429193
42.140    0.402347    3.432010
42.290    1.100618    3.439687
42.440    1.109101    3.447397
42.590    0.848825    3.453276
42.730    0.656927    3.457811
42.880    0.480066    3.461114
43.030    0.423822    3.464020
43.180    0.465761    3.467202
43.330    0.519630    3.470739
43.470    0.579551    3.474672
43.620    0.673205    3.479225
43.770    0.520642    3.482734
43.920    0.825211    3.488277
44.070    2.266729    3.503450
44.210    3.173028    3.524623
44.360    2.215299    3.539355
44.510    1.403454    3.548657
44.660    1.085752    3.555829
44.800    1.240625    3.563998
44.950    1.109466    3.571279
45.100    0.377839    3.573751
45.250    0.204745    3.575085
45.400    0.256481    3.576752
45.540    0.776715    3.581783
45.690    0.544913    3.585302
45.840    0.390904    3.587817
45.990    0.256831    3.589465
46.140    0.184257    3.590643
46.280    0.178876    3.591783
46.430    0.220634    3.593185
46.580    0.316234    3.595187
46.730    0.431909    3.597914
46.870    0.505251    3.601094
47.020    0.272336    3.602803
47.170    0.080834    3.603308
47.320    0.042538    3.603573
47.470    0.028554    3.603751
47.610    0.021883    3.603886
47.760    0.017549    3.603995
47.910    0.014675    3.604085
48.060    0.012623    3.604163
48.210    0.011077    3.604231
48.350    0.009940    3.604291
48.500    0.008951    3.604346
48.650    0.008136    3.604395
48.800    0.007451    3.604440
48.940    0.006904    3.604482
49.090    0.006395    3.604520
49.240    0.005952    3.604556
49.390    0.005561    3.604589
49.540    0.005215    3.604620
49.680    0.004925    3.604649
49.830    0.004646    3.604677
49.980    0.004393    3.604703
50.130    0.004164    3.604727
50.280    0.003955    3.604750
50.420    0.003776    3.604772
50.570    0.003600    3.604793
50.720    0.003438    3.604813
50.870    0.003288    3.604832
51.020    0.003149    3.604851
51.160    0.003028    3.604868
51.310    0.002908    3.604885
51.460    0.002795    3.604901
51.610    0.002690    3.604916
51.750    0.002598    3.604931
51.900    0.002506    3.604945
52.050    0.002418    3.604959
52.200    0.002337    3.604972
52.350    0.002259    3.604985
52.490    0.002191    3.604997
52.640    0.002122    3.605009
52.790    0.002057    3.605021
52.940    0.001995    3.605032
53.090    0.001936    3.605043
53.230    0.001883    3.605053
53.380    0.001830    3.605063
53.530    0.001779    3.605073
53.680    0.001731    3.605082
53.820    0.001688    3.605092
53.970    0.001644    3.605101
54.120    0.001602    3.605109
54.270    0.001561    3.605118
54.420    0.001523    3.605126
54.560    0.001488    3.605134
54.710    0.001453    3.605142
54.860    0.001419    3.605150
55.010    0.001386    3.605157
55.160    0.001354    3.605164
55.300    0.001326    3.605171
55.450    0.001297    3.605178
55.600    0.001269    3.605185
55.750    0.001242    3.605192
55.890    0.001218    3.605198
56.040    0.001193    3.605204
56.190    0.001169    3.605210
56.340    0.001145    3.605216
56.490    0.001123    3.605222
56.630    0.001102    3.605228
56.780    0.001081    3.605234
56.930    0.001061    3.605239
57.080    0.001041    3.605245
57.230    0.001022    3.605250
57.370    0.001004    3.605255
57.520    0.000986    3.605260
57.670    0.000969    3.605265
57.820    0.000952    3.605270
57.960    0.000937    3.605275
58.110    0.000921    3.605279
58.260    0.000905    3.605284
58.410    0.000890    3.605288
58.560    0.000876    3.605293
58.700    0.000863    3.605297
58.850    0.000849    3.605301
59.000    0.000835    3.605306
