-0.097  0.000000
-0.096  0.161706
-0.095  0.169845
-0.094  0.176771
-0.093  0.176514
-0.092  0.177541
-0.091  0.173750
-0.090  0.175909
-0.089  0.174460
-0.088  0.175975
-0.087  0.176051
-0.086  0.178493
-0.085  0.176207
-0.084  0.178530
-0.083  0.177747
-0.082  0.179352
-0.081  0.177983
-0.080  0.179476
-0.079  0.179107
-0.078  0.180088
-0.077  0.179944
-0.076  0.180212
-0.075  0.181396
-0.074  0.180877
-0.073  0.181909
-0.072  0.181897
-0.071  0.182110
-0.070  0.182974
-0.069  0.182646
-0.068  0.183324
-0.067  0.184417
-0.066  0.184111
-0.065  0.184530
-0.064  0.185287
-0.063  0.184881
-0.062  0.185540
-0.061  0.186464
-0.060  0.186861
-0.059  0.186761
-0.058  0.187425
-0.057  0.187253
-0.056  0.187701
-0.055  0.188411
-0.054  0.189222
-0.053  0.189492
-0.052  0.189652
-0.051  0.189790
-0.050  0.189989
-0.049  0.190472
-0.048  0.191129
-0.047  0.191866
-0.046  0.192660
-0.045  0.192519
-0.044  0.192899
-0.043  0.192817
-0.042  0.193236
-0.041  0.193820
-0.040  0.194449
-0.039  0.195179
-0.038  0.195927
-0.037  0.195774
-0.036  0.195870
-0.035  0.196150
-0.034  0.196547
-0.033  0.197121
-0.032  0.197746
-0.031  0.198397
-0.030  0.199115
-0.029  0.199229
-0.028  0.199235
-0.027  0.199534
-0.026  0.199988
-0.025  0.200481
-0.024  0.201030
-0.023  0.201663
-0.022  0.202301
-0.021  0.202980
-0.020  0.202915
-0.019  0.203090
-0.018  0.203464
-0.017  0.203933
-0.016  1.191126
-0.015  1.125028
-0.014  1.136366
-0.013  1.145833
-0.012  1.150858
-0.011  1.144904
-0.010  1.158673
-0.009  1.150929
-0.008  1.164137
-0.007  1.164103
-0.006  1.161377
-0.005  1.171054
-0.004  1.165589
-0.003  1.170262
-0.002  1.176006
-0.001  1.176472
 0.000  1.176761
 0.001  1.180649
 0.002  1.185810
 0.003  1.185446
 0.004  1.187555
 0.005  1.192055
 0.006  1.195512
 0.007  1.199136
 0.008  1.197751
 0.009  1.202366
 0.010  1.204799
 0.011  1.208414
 0.012  1.209420
 0.013  1.212527
 0.014  1.214949
 0.015  1.218662
 0.016  1.220347
 0.017  1.224861
 0.018  1.226350
 0.019  1.229172
 0.020  1.230641
 0.021  1.233695
 0.022  1.238420
 0.023  1.241241
 0.024  1.243661
 0.025  1.244750
 0.026  1.247882
 0.027  1.252285
 0.028  1.255641
 0.029  1.259153
 0.030  1.260120
 0.031  1.262403
 0.032  1.266282
 0.033  1.270023
 0.034  1.272726
 0.035  1.276445
 0.036  1.278604
 0.037  1.281396
 0.038  1.285313
 0.039  1.287826
 0.040  1.291064
 0.041  1.295040
 0.042  1.298045
 0.043  1.301273
 0.044  1.304656
 0.045  1.306734
 0.046  1.310230
 0.047  1.314294
 0.048  1.317447
 0.049  1.321337
 0.050  1.325456
 0.051  1.327347
 0.052  1.330595
 0.053  1.334441
 0.054  1.337750
 0.055  1.341360
 0.056  1.345446
 0.057  1.349110
 0.058  1.352939
 0.059  1.355892
 0.060  1.359838
 0.061  1.362966
 0.062  1.366925
 0.063  1.371144
 0.064  1.374557
 0.065  1.378574
 0.066  1.382849
 0.067  1.386576
 0.068  1.389893
 0.069  1.393868
 0.070  1.398097
 0.071  1.401547
 0.072  1.406073
 0.073  1.411029
 0.074  1.415459
 0.075  1.418833
 0.076  1.422445
 0.077  1.426535
 0.078  1.431036
 0.079  1.435873
 0.080  1.440602
 0.081  1.445397
 0.082  1.448891
 0.083  1.453075
 0.084  1.458634
 0.085  1.462872
 0.086  1.467376
 0.087  1.472042
 0.088  1.476725
 0.089  1.481525
 0.090  1.487070
 0.091  1.492229
 0.092  1.497201
 0.093  1.501557
 0.094  1.505763
 0.095  1.512464
 0.096  1.518380
 0.097  1.522742
 0.098  1.527566
 0.099  1.532475
 0.100  1.538443
 0.101  1.545388
 0.102  1.551446
 0.103  1.556790
 0.104  1.562127
 0.105  1.566052
 0.106  1.574089
 0.107  1.580490
 0.108  1.586133
 0.109  1.591713
 0.110  1.597422
 0.111  1.606554
 0.112  1.614266
 0.113  1.619425
 0.114  1.624954
 0.115  1.630504
 0.116  1.639916
 0.117  1.647719
 0.118  1.654766
 0.119  1.661441
 0.120  1.667841
 0.121  1.678547
 0.122  1.686447
 0.123  1.693491
 0.124  1.700108
 0.125  1.709305
 0.126  1.720340
 0.127  1.729171
 0.128  1.737181
 0.129  1.744696
 0.130  1.757462
 0.131  1.766948
 0.132  1.775470
 0.133  1.783273
 0.134  1.798518
 0.135  1.810298
 0.136  1.820319
 0.137  1.829562
 0.138  1.847571
 0.139  1.858482
 0.140  1.868421
 0.141  1.880726
 0.142  1.899944
 0.143  1.912951
 0.144  1.924261
 0.145  1.948320
 0.146  1.965264
 0.147  1.978763
 0.148  2.002671
 0.149  2.020949
 0.150  2.035437
 0.151  2.067641
 0.152  2.089290
 0.153  2.116697
 0.154  2.150476
 0.155  2.173230
 0.156  2.224866
 0.157  2.249535
 0.158  2.309512
 0.159  2.346543
 0.160  2.430205
 0.161  2.534275
 0.162  2.676364
 0.163  2.904513
 0.164  3.489141
 0.165  2.782513
 0.166  2.610998
 0.167  2.493857
 0.168  2.416190
 0.169  2.341798
 0.170  2.296830
 0.171  2.253930
 0.172  2.207769
 0.173  2.178891
 0.174  2.151032
 0.175  2.122073
 0.176  2.092975
 0.177  2.072710
 0.178  2.054322
 0.179  2.035278
 0.180  2.013875
 0.181  2.000065
 0.182  1.986426
 0.183  1.972506
 0.184  1.957107
 0.185  1.941794
 0.186  1.931199
 0.187  1.919909
 0.188  1.909730
 0.189  1.898975
 0.190  1.887096
 0.191  1.879891
 0.192  1.872307
 0.193  1.864547
 0.194  1.856320
 0.195  1.846768
 0.196  1.838859
 0.197  1.832389
 0.198  1.826121
 0.199  1.820293
 0.200  1.814464
 0.201  1.807680
 0.202  1.801842
 0.203  1.797654
 0.204  1.793473
 0.205  1.789106
 0.206  1.784597
 0.207  1.779381
 0.208  1.772271
 0.209  1.769249
 0.210  1.766101
 0.211  1.763198
 0.212  1.760925
 0.213  1.757945
 0.214  1.754210
 0.215  1.750252
 0.216  1.748223
 0.217  1.746526
 0.218  1.744224
 0.219  1.741096
 0.220  1.738448
 0.221  1.735476
 0.222  1.733543
 0.223  1.733398
 0.224  1.732617
 0.225  1.731546
 0.226  1.730475
 0.227  1.729831
 0.228  1.728221
 0.229  1.725169
 0.230  1.724127
 0.231  1.722831
 0.232  1.724458
 0.233  1.725047
 0.234  1.725102
 0.235  1.724661
 0.236  1.724604
 0.237  1.723968
 0.238  1.724525
 0.239  1.724841
 0.240  1.724953
 0.241  1.726194
 0.242  1.727205
 0.243  1.728144
 0.244  1.728597
 0.245  1.728407
 0.246  1.731471
 0.247  1.733245
 0.248  1.734684
 0.249  1.735870
 0.250  1.737958
 0.251  1.741000
 0.252  1.742504
 0.253  1.742924
 0.254  1.745248
 0.255  1.749150
 0.256  1.752118
 0.257  1.754686
 0.258  1.756905
 0.259  1.761130
 0.260  1.765110
 0.261  1.767701
 0.262  1.769801
 0.263  1.774984
 0.264  1.779831
 0.265  1.783632
 0.266  1.786904
 0.267  1.792250
 0.268  1.797009
 0.269  1.801905
 0.270  1.805383
 0.271  1.812132
 0.272  1.818203
 0.273  1.823478
 0.274  1.829693
 0.275  1.837837
 0.276  1.843933
 0.277  1.849215
 0.278  1.856914
 0.279  1.864568
 0.280  1.871435
 0.281  1.880170
 0.282  1.890457
 0.283  1.898584
 0.284  1.906508
 0.285  1.917561
 0.286  1.928071
 0.287  1.938044
 0.288  1.952561
 0.289  1.963137
 0.290  1.973344
 0.291  1.986758
 0.292  2.001001
 0.293  2.016185
 0.294  2.034595
 0.295  2.048958
 0.296  2.063398
 0.297  2.087063
 0.298  2.107415
 0.299  2.132821
 0.300  2.152551
 0.301  2.177539
 0.302  2.205832
 0.303  2.245990
 0.304  2.276224
 0.305  2.318217
 0.306  2.375816
 0.307  2.426342
 0.308  2.492063
 0.309  2.602256
 0.310  2.709553
 0.311  2.974096
 0.312  3.364311
 0.313  2.843318
 0.314  2.655421
 0.315  2.548643
 0.316  2.476637
 0.317  2.412357
 0.318  2.354359
 0.319  2.313225
 0.320  2.274318
 0.321  2.239883
 0.322  2.213718
 0.323  2.185507
 0.324  2.162959
 0.325  2.140005
 0.326  2.118278
 0.327  2.099703
 0.328  2.079548
 0.329  2.064663
 0.330  2.047976
 0.331  2.034454
 0.332  2.022452
 0.333  2.007886
 0.334  1.995956
 0.335  1.984279
 0.336  1.971661
 0.337  1.962459
 0.338  1.952749
 0.339  1.942802
 0.340  1.934937
 0.341  1.927052
 0.342  1.917766
 0.343  1.910350
 0.344  1.902452
 0.345  1.896210
 0.346  1.890465
 0.347  1.883869
 0.348  1.876085
 0.349  1.870559
 0.350  1.865759
 0.351  1.860560
 0.352  1.856350
 0.353  1.853543
 0.354  1.849826
 0.355  1.845569
 0.356  1.840425
 0.357  1.836603
 0.358  1.832713
 0.359  1.830668
 0.360  1.829342
 0.361  1.827140
 0.362  1.824953
 0.363  1.822420
 0.364  1.819802
 0.365  1.816975
 0.366  1.819228
 0.367  1.820272
 0.368  1.819502
 0.369  1.817439
 0.370  1.816638
 0.371  1.816192
 0.372  1.815366
 0.373  1.819208
 0.374  1.822516
 0.375  1.824228
 0.376  1.826261
 0.377  1.826539
 0.378  1.826930
 0.379  1.831982
 0.380  1.836811
 0.381  1.841309
 0.382  1.845260
 0.383  1.848884
 0.384  1.852835
 0.385  1.864411
 0.386  1.870905
 0.387  1.876768
 0.388  1.883008
 0.389  1.892001
 0.390  1.902400
 0.391  1.915329
 0.392  1.926943
 0.393  1.939173
 0.394  1.954579
 0.395  1.967165
 0.396  1.992834
 0.397  2.015864
 0.398  2.039963
 0.399  2.070115
 0.400  2.101928
 0.401  2.153248
 0.402  2.208427
 0.403  2.279350
 0.404  2.558792
 0.405  2.698636
 0.406  2.317782
 0.407  2.204237
 0.408  2.142630
 0.409  2.119596
 0.410  2.127278
 0.411  2.138806
 0.412  2.150334
 0.413  2.182225
 0.414  2.186480
 0.415  2.183548
 0.416  2.175885
 0.417  2.200072
 0.418  2.204967
 0.419  2.213361
 0.420  2.219952
 0.421  2.217772
 0.422  2.229745
 0.423  2.244213
 0.424  2.249251
 0.425  2.257623
 0.426  2.265644
 0.427  2.274717
 0.428  2.289944
 0.429  2.294393
 0.430  2.300560
 0.431  2.309755
 0.432  2.321689
 0.433  2.338316
 0.434  2.346191
 0.435  2.352475
 0.436  2.361196
 0.437  2.374769
 0.438  2.397138
 0.439  2.405410
 0.440  2.412406
 0.441  2.425589
 0.442  2.449699
 0.443  2.458780
 0.444  2.471120
 0.445  2.483776
 0.446  2.500722
 0.447  2.524504
 0.448  2.535361
 0.449  2.550541
 0.450  2.571569
 0.451  2.595900
 0.452  2.611351
 0.453  2.630165
 0.454  2.651747
 0.455  2.681827
 0.456  2.699098
 0.457  2.721990
 0.458  2.761909
 0.459  2.783716
 0.460  2.812543
 0.461  2.843945
 0.462  2.885786
 0.463  2.916267
 0.464  2.960025
 0.465  3.005977
 0.466  3.052493
 0.467  3.110987
 0.468  3.171771
 0.469  3.235316
 0.470  3.324148
 0.471  3.412580
 0.472  3.536052
 0.473  3.675712
 0.474  3.882468
 0.475  4.154422
 0.476  4.686061
 0.477  5.808414
 0.478  4.575900
 0.479  4.188234
 0.480  3.999073
 0.481  3.798370
 0.482  0.810701
 0.483  0.817165
 0.484  0.823486
 0.485  0.829672
 0.486  0.837778
 0.487  0.844471
 0.488  0.851112
 0.489  0.857518
 0.490  0.864295
 0.491  0.872444
 0.492  0.880402
 0.493  0.887536
 0.494  0.894375
 0.495  0.901914
 0.496  0.909923
 0.497  0.917173
 0.498  0.924585
 0.499  0.931560
 0.500  0.939781
 0.501  0.947806
 0.502  0.955155
 0.503  0.962852
 0.504  0.970621
 0.505  0.979933
 0.506  0.988494
 0.507  0.996381
 0.508  1.003884
 0.509  1.011275
 0.510  1.021831
 0.511  1.030620
 0.512  1.038771
 0.513  1.046599
 0.514  1.055621
 0.515  1.066332
 0.516  1.075906
 0.517  1.084594
 0.518  1.092907
 0.519  1.103314
 0.520  1.112852
 0.521  1.122882
 0.522  1.132051
 0.523  1.140864
 0.524  1.152930
 0.525  1.163153
 0.526  1.174190
 0.527  1.184039
 0.528  1.196624
 0.529  1.207536
 0.530  1.217737
 0.531  1.228969
 0.532  1.241980
 0.533  1.254063
 0.534  1.264969
 0.535  1.275438
 0.536  1.290505
 0.537  1.304297
 0.538  1.316251
 0.539  1.327837
 0.540  1.343751
 0.541  1.358404
 0.542  1.371471
 0.543  1.383812
 0.544  1.401322
 0.545  1.416992
 0.546  1.431043
 0.547  1.445519
 0.548  1.464930
 0.549  1.481915
 0.550  1.497132
 0.551  1.516755
 0.552  1.535455
 0.553  1.552835
 0.554  1.573200
 0.555  1.592490
 0.556  1.612783
 0.557  1.635176
 0.558  1.656904
 0.559  1.679390
 0.560  1.705308
 0.561  1.729348
 0.562  1.752964
 0.563  1.783743
 0.564  1.809386
 0.565  1.838033
 0.566  1.871788
 0.567  1.899362
 0.568  1.939233
 0.569  1.971680
 0.570  2.013605
 0.571  2.053113
 0.572  2.096962
 0.573  2.144418
 0.574  2.196353
 0.575  2.249610
 0.576  2.312305
 0.577  2.380992
 0.578  2.457752
 0.579  2.545524
 0.580  2.652314
 0.581  2.778511
 0.582  2.937112
 0.583  3.154854
 0.584  3.471668
 0.585  4.581598
 0.586  3.648975
 0.587  3.255416
 0.588  3.089984
 0.589  2.919057
 0.590  2.786571
 0.591  2.703455
 0.592  2.616260
 0.593  2.550509
 0.594  2.498693
 0.595  2.436839
 0.596  2.396677
 0.597  2.350692
 0.598  2.313256
 0.599  2.279908
 0.600  2.244929
 0.601  2.219745
 0.602  2.186882
 0.603  2.162611
 0.604  2.141466
 0.605  2.119947
 0.606  2.093288
 0.607  2.072709
 0.608  2.058288
 0.609  2.040994
 0.610  2.016406
 0.611  2.000907
 0.612  1.989410
 0.613  1.976734
 0.614  1.960265
 0.615  1.941064
 0.616  1.932212
 0.617  1.922254
 0.618  1.910550
 0.619  1.894790
 0.620  1.881619
 0.621  1.873931
 0.622  1.865225
 0.623  1.854434
 0.624  1.844377
 0.625  1.831463
 0.626  1.825128
 0.627  1.817761
 0.628  1.808009
 0.629  1.801440
 0.630  1.793611
 0.631  1.782623
 0.632  1.776444
 0.633  1.768639
 0.634  1.763658
 0.635  1.758422
 0.636  1.751816
 0.637  1.741465
 0.638  1.735084
 0.639  1.731077
 0.640  1.726685
 0.641  1.721702
 0.642  1.715876
 0.643  1.707245
 0.644  1.700912
 0.645  1.697943
 0.646  1.694492
 0.647  1.690479
 0.648  1.685311
 0.649  1.680203
 0.650  1.674447
 0.651  1.669757
 0.652  1.666570
 0.653  1.662855
 0.654  1.658271
 0.655  1.655440
 0.656  1.652235
 0.657  1.647574
 0.658  1.642822
 0.659  1.639458
 0.660  1.636518
 0.661  1.634040
 0.662  1.631274
 0.663  1.627999
 0.664  1.624071
 0.665  1.617821
 0.666  1.616747
 0.667  1.615076
 0.668  1.613112
 0.669  1.610850
 0.670  1.608096
 0.671  1.604738
 0.672  1.601631
 0.673  1.597977
 0.674  1.596278
 0.675  1.594346
 0.676  1.592739
 0.677  1.590709
 0.678  1.589015
 0.679  1.586958
 0.680  1.584113
 0.681  1.580800
 0.682  1.578874
 0.683  1.577299
 0.684  1.575966
 0.685  1.574483
 0.686  1.573488
 0.687  1.571838
 0.688  1.569059
 0.689  1.566267
 0.690  1.565361
 0.691  1.564332
 0.692  1.563161
 0.693  1.561818
 0.694  1.559910
 0.695  1.558574
 0.696  1.557649
 0.697  1.555258
 0.698  1.554050
 0.699  1.553107
 0.700  1.551723
 0.701  1.550923
 0.702  1.550021
 0.703  1.548960
 0.704  1.547709
 0.705  1.546050
 0.706  1.543999
 0.707  1.543648
 0.708  1.543148
 0.709  1.542524
 0.710  1.541786
 0.711  1.540898
 0.712  1.539677
 0.713  1.538682
 0.714  1.537348
 0.715  1.535712
 0.716  1.535551
 0.717  1.535043
 0.718  1.534233
 0.719  1.533732
 0.720  1.533131
 0.721  1.532390
 0.722  1.531496
 0.723  1.530276
 0.724  1.528363
 0.725  1.528372
 0.726  1.528189
 0.727  1.527827
 0.728  1.527344
 0.729  1.526708
 0.730  1.525893
 0.731  1.525173
 0.732  1.524220
 0.733  1.522542
 0.734  1.522007
 0.735  1.521990
 0.736  1.521469
 0.737  1.521056
 0.738  1.520579
 0.739  1.519991
 0.740  1.519279
 0.741  1.518368
 0.742  1.517009
 0.743  1.516052
 0.744  1.515867
 0.745  1.515592
 0.746  1.515122
 0.747  1.514498
 0.748  1.513744
 0.749  1.513076
 0.750  1.512285
 0.751  1.511283
 0.752  1.509836
 0.753  1.509062
 0.754  1.508670
 0.755  1.508158
 0.756  1.507579
 0.757  1.506879
 0.758  1.506061
 0.759  1.505030
 0.760  1.503927
 0.761  1.502757
 0.762  1.501622
 0.763  1.501073
 0.764  1.500358
 0.765  1.499325
 0.766  1.498365
 0.767  1.497526
 0.768  1.496583
 0.769  1.495493
 0.770  1.494204
 0.771  1.492159
 0.772  1.491153
 0.773  1.490415
 0.774  1.489514
 0.775  1.488468
 0.776  1.487231
 0.777  1.485407
 0.778  1.484311
 0.779  1.483153
 0.780  1.481821
 0.781  1.480118
 0.782  1.478864
 0.783  1.476774
 0.784  1.475734
 0.785  1.474587
 0.786  1.473301
 0.787  1.471866
 0.788  1.470188
 0.789  1.467618
 0.790  1.466181
 0.791  1.464601
 0.792  1.463290
 0.793  1.461800
 0.794  1.460060
 0.795  1.457664
 0.796  1.455837
 0.797  1.454488
 0.798  1.452993
 0.799  1.451313
 0.800  1.449335
 0.801  1.446675
 0.802  1.444294
 0.803  1.442923
 0.804  1.441422
 0.805  1.439763
 0.806  1.437853
 0.807  1.435526
 0.808  1.432364
 0.809  1.430934
 0.810  1.429276
 0.811  1.427430
 0.812  1.425570
 0.813  1.423394
 0.814  1.420152
 0.815  1.418100
 0.816  1.416696
 0.817  1.415157
 0.818  1.413427
 0.819  1.411449
 0.820  1.408718
 0.821  1.404822
 0.822  1.403507
 0.823  1.402087
 0.824  1.400528
 0.825  1.398778
 0.826  1.396749
 0.827  1.394138
 0.828  1.390577
 0.829  1.389267
 0.830  1.387740
 0.831  1.386158
 0.832  1.384454
 0.833  1.382505
 0.834  1.380022
 0.835  1.376186
 0.836  1.375169
 0.837  1.374053
 0.838  1.372814
 0.839  1.371131
 0.840  1.369276
 0.841  1.367092
 0.842  1.363609
 0.843  1.361665
 0.844  1.360739
 0.845  1.359710
 0.846  1.358572
 0.847  1.357274
 0.848  1.355715
 0.849  1.353357
 0.850  1.349347
 0.851  1.348693
 0.852  1.347965
 0.853  1.347150
 0.854  1.346225
 0.855  1.345133
 0.856  1.343818
 0.857  1.342051
 0.858  1.338297
 0.859  1.337740
 0.860  1.337313
 0.861  1.336813
 0.862  1.336193
 0.863  1.335473
 0.864  1.334562
 0.865  1.333348
 0.866  1.331377
 0.867  1.329212
 0.868  1.329224
 0.869  1.329076
 0.870  1.329029
 0.871  1.328786
 0.872  1.328416
 0.873  1.327894
 0.874  1.327057
 0.875  1.325370
 0.876  1.323946
 0.877  1.324441
 0.878  1.324871
 0.879  1.325276
 0.880  1.325742
 0.881  1.325933
 0.882  1.326017
 0.883  1.325866
 0.884  1.325255
 0.885  1.323453
 0.886  1.324517
 0.887  1.325574
 0.888  1.326754
 0.889  1.327931
 0.890  1.329114
 0.891  1.330042
 0.892  1.330847
 0.893  1.331466
 0.894  1.331570
 0.895  1.330962
 0.896  1.332850
 0.897  1.334751
 0.898  1.337123
 0.899  1.339422
 0.900  1.341635
 0.901  1.343672
 0.902  1.345625
 0.903  1.347525
 0.904  1.349135
 0.905  1.349113
 0.906  1.352243
 0.907  1.356001
 0.908  1.359932
 0.909  1.363935
 0.910  1.367703
 0.911  1.371454
 0.912  1.375339
 0.913  1.379268
 0.914  1.383182
 0.915  1.386956
 0.916  1.390427
 0.917  1.396920
 0.918  1.403564
 0.919  1.410292
 0.920  1.417076
 0.921  1.424182
 0.922  1.431594
 0.923  1.439363
 0.924  1.447602
 0.925  1.458822
 0.926  1.469407
 0.927  1.480012
 0.928  1.491670
 0.929  1.505334
 0.930  1.520446
 0.931  1.536767
 0.932  1.557176
 0.933  1.581285
 0.934  1.607501
 0.935  1.637910
 0.936  1.673821
 0.937  1.718632
 0.938  1.777406
 0.939  1.872974
 0.940  2.044298
 0.941  2.374255
 0.942  1.933684
 0.943  1.795602
 0.944  1.712912
 0.945  1.648295
 0.946  1.597161
 0.947  1.549710
 0.948  1.515167
 0.949  1.488658
 0.950  1.455664
 0.951  1.432516
 0.952  1.407444
 0.953  1.378843
 0.954  1.366766
 0.955  1.344419
 0.956  1.331715
 0.957  1.315129
 0.958  1.300054
 0.959  1.287178
 0.960  1.270356
 0.961  1.260419
 0.962  1.246572
 0.963  1.234503
 0.964  1.225112
 0.965  1.208645
 0.966  1.200930
 0.967  1.192311
 0.968  1.178752
 0.969  1.172090
 0.970  1.164904
 0.971  1.154211
 0.972  1.146177
 0.973  1.140029
 0.974  1.132113
 0.975  1.121618
 0.976  1.115742
 0.977  1.109328
 0.978  1.101288
 0.979  1.091223
 0.980  1.086373
 0.981  1.080982
 0.982  1.073842
 0.983  1.066675
 0.984  1.061936
 0.985  1.056656
 0.986  1.050447
 0.987  1.043000
 0.988  1.038609
 0.989  1.034173
 0.990  1.029242
 0.991  1.022145
 0.992  1.016556
 0.993  1.011788
 0.994  1.006746
 0.995  1.001787
 0.996  0.995113
 0.997  0.991814
 0.998  0.988549
 0.999  0.984378
 1.000  0.979816
 1.001  0.973276
 1.002  0.969800
 1.003  0.966302
 1.004  0.962513
 1.005  0.958543
 1.006  0.953747
 1.007  0.948927
 1.008  0.944764
 1.009  0.941245
 1.010  0.937660
 1.011  0.933858
 1.012  0.928598
 1.013  0.925938
 1.014  0.923475
 1.015  0.920181
 1.016  0.916737
 1.017  0.912866
 1.018  0.907952
 1.019  0.905183
 1.020  0.902398
 1.021  0.899685
 1.022  0.896780
 1.023  0.892658
 1.024  0.887267
 1.025  0.884779
 1.026  0.882234
 1.027  0.879636
 1.028  0.876999
 1.029  0.874754
 1.030  0.871178
 1.031  0.867299
 1.032  0.864792
 1.033  0.862292
 1.034  0.859747
 1.035  0.857302
 1.036  0.854894
 1.037  0.851210
 1.038  0.847763
 1.039  0.844657
 1.040  0.842122
 1.041  0.839820
 1.042  0.837428
 1.043  0.835313
 1.044  0.832292
 1.045  0.829356
 1.046  0.827158
 1.047  0.825003
 1.048  0.822917
 1.049  0.820832
 1.050  0.819079
 1.051  0.815967
 1.052  0.812508
 1.053  0.810223
 1.054  0.807897
 1.055  0.805428
 1.056  0.803236
 1.057  0.801694
 1.058  0.799165
 1.059  0.796116
 1.060  0.793911
 1.061  0.792246
 1.062  0.790428
 1.063  0.789375
 1.064  0.786998
 1.065  0.784608
 1.066  0.782123
 1.067  0.778840
 1.068  0.777130
 1.069  0.775796
 1.070  0.774136
 1.071  0.771888
 1.072  0.769568
 1.073  0.767555
 1.074  0.765495
 1.075  0.763545
 1.076  0.761619
 1.077  0.759641
 1.078  0.757742
 1.079  0.755925
 1.080  0.754336
 1.081  0.753645
 1.082  0.751363
 1.083  0.749357
 1.084  0.746611
 1.085  0.744890
 1.086  0.743524
 1.087  0.742278
 1.088  0.739926
 1.089  0.737516
 1.090  0.735681
 1.091  0.734161
 1.092  0.733119
 1.093  0.731211
 1.094  0.729342
 1.095  0.727599
 1.096  0.726250
 1.097  0.725611
 1.098  0.723356
 1.099  0.721210
 1.100  0.719321
 1.101  0.717708
 1.102  0.717053
 1.103  0.715342
 1.104  0.713201
 1.105  0.711347
 1.106  0.711064
 1.107  0.708719
 1.108  0.706518
 1.109  0.704766
 1.110  0.703749
 1.111  0.703342
 1.112  0.701017
 1.113  0.699130
 1.114  0.698097
 1.115  0.697321
 1.116  0.694992
 1.117  0.693200
 1.118  0.693746
 1.119  0.692086
 1.120  0.688910
 1.121  0.687291
 1.122  0.687261
 1.123  0.684473
 1.124  0.682576
 1.125  0.685201
 1.126  0.681670
 1.127  0.679014
 1.128  0.680028
 1.129  0.675853
 1.130  0.674057
 1.131  0.677009
 1.132  0.672467
 1.133  0.671838
 1.134  0.669796
 1.135  0.668671
 1.136  0.670023
 1.137  0.664595
 1.138  0.664581
 1.139  0.669009
 1.140  0.659963
 1.141  0.656979
 1.142  0.664753
 1.143  0.646451
 1.144  0.395607
 1.145  0.394755
 1.146  0.393846
 1.147  0.392903
 1.148  0.391859
 1.149  0.390510
 1.150  0.389612
 1.151  0.388839
 1.152  0.388041
 1.153  0.387237
 1.154  0.386425
 1.155  0.385548
 1.156  0.384655
 1.157  0.383698
 1.158  0.382660
 1.159  0.381366
 1.160  0.380208
 1.161  0.379508
 1.162  0.378802
 1.163  0.378071
 1.164  0.377302
 1.165  0.376532
 1.166  0.375746
 1.167  0.374910
 1.168  0.374048
 1.169  0.373053
 1.170  0.371846
 1.171  0.371155
 1.172  0.370444
 1.173  0.369715
 1.174  0.368978
 1.175  0.368223
 1.176  0.367403
 1.177  0.366532
 1.178  0.365625
 1.179  0.364778
 1.180  0.363761
 1.181  0.362837
 1.182  0.362199
 1.183  0.361558
 1.184  0.360902
 1.185  0.360206
 1.186  0.359505
 1.187  0.358802
 1.188  0.358045
 1.189  0.357273
 1.190  0.356400
 1.191  0.355237
 1.192  0.354598
 1.193  0.353952
 1.194  0.353277
 1.195  0.352574
 1.196  0.351839
 1.197  0.351184
 1.198  0.350504
 1.199  0.349820
 1.200  0.349060
 1.201  0.348264
 1.202  0.347185
 1.203  0.346603
 1.204  0.346020
 1.205  0.345432
 1.206  0.344823
 1.207  0.344187
 1.208  0.343546
 1.209  0.342895
 1.210  0.342202
 1.211  0.341494
 1.212  0.340679
 1.213  0.339625
 1.214  0.338992
 1.215  0.338436
 1.216  0.337865
 1.217  0.337291
 1.218  0.336714
 1.219  0.336119
 1.220  0.335498
 1.221  0.334874
 1.222  0.334190
 1.223  0.333490
 1.224  0.332455
 1.225  0.331922
 1.226  0.331388
 1.227  0.330850
 1.228  0.330301
 1.229  0.329722
 1.230  0.329134
 1.231  0.328540
 1.232  0.327895
 1.233  0.327256
 1.234  0.326576
 1.235  0.325787
 1.236  0.325061
 1.237  0.324556
 1.238  0.324036
 1.239  0.323511
 1.240  0.322982
 1.241  0.322453
 1.242  0.321891
 1.243  0.321321
 1.244  0.320736
 1.245  0.320099
 1.246  0.319402
 1.247  0.318570
 1.248  0.318082
 1.249  0.317591
 1.250  0.317096
 1.251  0.316582
 1.252  0.316058
 1.253  0.315530
 1.254  0.315000
 1.255  0.314435
 1.256  0.313864
 1.257  0.313226
 1.258  0.312440
 1.259  0.311869
 1.260  0.311404
 1.261  0.310926
 1.262  0.310444
 1.263  0.309960
 1.264  0.309475
 1.265  0.308961
 1.266  0.308443
 1.267  0.307912
 1.268  0.307338
 1.269  0.306724
 1.270  0.305952
 1.271  0.305501
 1.272  0.305050
 1.273  0.304597
 1.274  0.304133
 1.275  0.303650
 1.276  0.303165
 1.277  0.302680
 1.278  0.302165
 1.279  0.301643
 1.280  0.301074
 1.281  0.300431
 1.282  0.299800
 1.283  0.299378
 1.284  0.298949
 1.285  0.298515
 1.286  0.298087
 1.287  0.297693
 1.288  0.297216
 1.289  0.296729
 1.290  0.296240
 1.291  0.295702
 1.292  0.295160
 1.293  0.294365
 1.294  0.293950
 1.295  0.293535
 1.296  0.293119
 1.297  0.292699
 1.298  0.292261
 1.299  0.291819
 1.300  0.291378
 1.301  0.290923
 1.302  0.290457
 1.303  0.289979
 1.304  0.289447
 1.305  0.288812
 1.306  0.288433
 1.307  0.288022
 1.308  0.287600
 1.309  0.287178
 1.310  0.286757
 1.311  0.286329
 1.312  0.285881
 1.313  0.285434
 1.314  0.284963
 1.315  0.284469
 1.316  0.283917
 1.317  0.283304
 1.318  0.282928
 1.319  0.282555
 1.320  0.282184
 1.321  0.281808
 1.322  0.281432
 1.323  0.281106
 1.324  0.280704
 1.325  0.280246
 1.326  0.279785
 1.327  0.279288
 1.328  0.278742
 1.329  0.278169
 1.330  0.277792
 1.331  0.277410
 1.332  0.277024
 1.333  0.276640
 1.334  0.276257
 1.335  0.275860
 1.336  0.275457
 1.337  0.275055
 1.338  0.274627
 1.339  0.274200
 1.340  0.273697
 1.341  0.273326
 1.342  0.272948
 1.343  0.272569
 1.344  0.272188
 1.345  0.271794
 1.346  0.271396
 1.347  0.271000
 1.348  0.270596
 1.349  0.270178
 1.350  0.269755
 1.351  0.269284
 1.352  0.268695
 1.353  0.268318
 1.354  0.267984
 1.355  0.267647
 1.356  0.267318
 1.357  0.267003
 1.358  0.266721
 1.359  0.266432
 1.360  0.266022
 1.361  0.265603
 1.362  0.265159
 1.363  0.264697
 1.364  0.264089
 1.365  0.263742
 1.366  0.263397
 1.367  0.263051
 1.368  0.262702
 1.369  0.262344
 1.370  0.261990
 1.371  0.261641
 1.372  0.261280
 1.373  0.260921
 1.374  0.260559
 1.375  0.260187
 1.376  0.259801
 1.377  0.259449
 1.378  0.259091
 1.379  0.258731
 1.380  0.258374
 1.381  0.258016
 1.382  0.257648
 1.383  0.257276
 1.384  0.256902
 1.385  0.256513
 1.386  0.256115
 1.387  0.255665
 1.388  0.255201
 1.389  0.254906
 1.390  0.254617
 1.391  0.254340
 1.392  0.254091
 1.393  0.253936
 1.394  0.253562
 1.395  0.253185
 1.396  0.252794
 1.397  0.252401
 1.398  0.251975
 1.399  0.251476
 1.400  0.251074
 1.401  0.250755
 1.402  0.250433
 1.403  0.250116
 1.404  0.249801
 1.405  0.249491
 1.406  0.249177
 1.407  0.248869
 1.408  0.248577
 1.409  0.248323
 1.410  0.248084
 1.411  0.247538
 1.412  0.247204
 1.413  0.246869
 1.414  0.246534
 1.415  0.246197
 1.416  0.245857
 1.417  0.245521
 1.418  0.245189
 1.419  0.244841
 1.420  0.244499
 1.421  0.244139
 1.422  0.243770
 1.423  0.243361
 1.424  0.243119
 1.425  0.242913
 1.426  0.242862
 1.427  0.242512
 1.428  0.242160
 1.429  0.241802
 1.430  0.241444
 1.431  0.241085
 1.432  0.240712
 1.433  0.240329
 1.434  0.239832
 1.435  0.239538
 1.436  0.239249
 1.437  0.238966
 1.438  0.238687
 1.439  0.238418
 1.440  0.238172
 1.441  0.237962
 1.442  0.237919
 1.443  0.237540
 1.444  0.237140
 1.445  0.236715
 1.446  0.236285
 1.447  0.235968
 1.448  0.235653
 1.449  0.235341
 1.450  0.235032
 1.451  0.234727
 1.452  0.234419
 1.453  0.234127
 1.454  0.233831
 1.455  0.233547
 1.456  0.233264
 1.457  0.232994
 1.458  0.232935
 1.459  0.232600
 1.460  0.232263
 1.461  0.231924
 1.462  0.231593
 1.463  0.231264
 1.464  0.230932
 1.465  0.230599
 1.466  0.230266
 1.467  0.229923
 1.468  0.229517
 1.469  0.229270
 1.470  0.229034
 1.471  0.228823
 1.472  0.228677
 1.473  0.228686
 1.474  0.228331
 1.475  0.227977
 1.476  0.227619
 1.477  0.227257
 1.478  0.226890
 1.479  0.226455
 1.480  0.226164
 1.481  0.225874
 1.482  0.225596
 1.483  0.225327
 1.484  0.225074
 1.485  0.224832
 1.486  0.224634
 1.487  0.224508
 1.488  0.224453
 1.489  0.224059
 1.490  0.223623
 1.491  0.223292
 1.492  0.222968
 1.493  0.222657
 1.494  0.222346
 1.495  0.222045
 1.496  0.221746
 1.497  0.221464
 1.498  0.221192
 1.499  0.220937
 1.500  0.220684
 1.501  0.220513
 1.502  0.220607
 1.503  0.220255
 1.504  0.219908
 1.505  0.219565
 1.506  0.219224
 1.507  0.218894
 1.508  0.218574
 1.509  0.218253
 1.510  0.217939
 1.511  0.217590
 1.512  0.217356
 1.513  0.217135
 1.514  0.216964
 1.515  0.216887
 1.516  0.216935
 1.517  0.216568
 1.518  0.216202
 1.519  0.215844
 1.520  0.215491
 1.521  0.215133
 1.522  0.214804
 1.523  0.214507
 1.524  0.214233
 1.525  0.213969
 1.526  0.213750
 1.527  0.213563
 1.528  0.213458
 1.529  0.213631
 1.530  0.213243
 1.531  0.212856
 1.532  0.212477
 1.533  0.212138
 1.534  0.211806
 1.535  0.211493
 1.536  0.211197
 1.537  0.210908
 1.538  0.210650
 1.539  0.210432
 1.540  0.210264
 1.541  0.210217
 1.542  0.210324
 1.543  0.209937
 1.544  0.209562
 1.545  0.209187
 1.546  0.208846
 1.547  0.208511
 1.548  0.208197
 1.549  0.207909
 1.550  0.207636
 1.551  0.207428
 1.552  0.207270
 1.553  0.207226
 1.554  0.207433
 1.555  0.207018
 1.556  0.206627
 1.557  0.206240
 1.558  0.205887
 1.559  0.205558
 1.560  0.205255
 1.561  0.204991
 1.562  0.204716
 1.563  0.204508
 1.564  0.204381
 1.565  0.204495
 1.566  0.204485
 1.567  0.204050
 1.568  0.203667
 1.569  0.203325
 1.570  0.202998
 1.571  0.202653
 1.572  0.202316
 1.573  0.202058
 1.574  0.201815
 1.575  0.201703
 1.576  0.201828
 1.577  0.201920
 1.578  0.201536
 1.579  0.201131
 1.580  0.200722
 1.581  0.200329
 1.582  0.199976
 1.583  0.199661
 1.584  0.199426
 1.585  0.199252
 1.586  0.199317
 1.587  0.199861
 1.588  0.199344
 1.589  0.198835
 1.590  0.198379
 1.591  0.197981
 1.592  0.197606
 1.593  0.197331
 1.594  0.197120
 1.595  0.197163
 1.596  0.197230
 1.597  0.197482
 1.598  0.196935
 1.599  0.196426
 1.600  0.195943
 1.601  0.195612
 1.602  0.195328
 1.603  0.195241
 1.604  0.194970
 1.605  0.194965
 1.606  0.195503
 1.607  0.194894
 1.608  0.194398
 1.609  0.193936
 1.610  0.193858
 1.611  0.193425
 1.612  0.193077
 1.613  0.192862
 1.614  0.193371
 1.615  0.193298
 1.616  0.192785
 1.617  0.192633
 1.618  0.191969
 1.619  0.191532
 1.620  0.191145
 1.621  0.191059
 1.622  0.192216
 1.623  0.191703
 1.624  0.191340
 1.625  0.190575
 1.626  0.189903
 1.627  0.189523
 1.628  0.189289
 1.629  0.189836
 1.630  0.190743
 1.631  0.189783
 1.632  0.188846
 1.633  0.188185
 1.634  0.187810
 1.635  0.188118
 1.636  0.189971
 1.637  0.188692
 1.638  0.187668
 1.639  0.186725
 1.640  0.186460
 1.641  0.187599
 1.642  0.188622
 1.643  0.186975
 1.644  0.185978
 1.645  0.185330
 1.646  0.186102
 1.647  0.188087
 1.648  0.185962
 1.649  0.184763
 1.650  0.185214
 1.651  0.184834
 1.652  0.186206
 1.653  0.183782
 1.654  0.185035
 1.655  0.183785
 1.656  0.185047
 1.657  0.183322
 1.658  0.182951
 1.659  0.184880
 1.660  0.185774
 1.661  0.181635
 1.662  0.182743
 1.663  0.177319
 1.664  0.188519
 1.665  0.188718
 1.666  0.000000
