-0.097  0.000000  0.000000
-0.096  0.157837  0.000184
-0.095  0.168215  0.000379
-0.094  0.177351  0.000555
-0.093  0.175226  0.000702
-0.092  0.176264  0.000851
-0.091  0.172437  0.000973
-0.090  0.174733  0.001122
-0.089  0.173582  0.001252
-0.088  0.174481  0.001395
-0.087  0.174677  0.001530
-0.086  0.176699  0.001682
-0.085  0.174307  0.001794
-0.084  0.176475  0.001949
-0.083  0.175656  0.002070
-0.082  0.177350  0.002221
-0.081  0.175607  0.002333
-0.080  0.176900  0.002482
-0.079  0.176471  0.002605
-0.078  0.177284  0.002747
-0.077  0.177097  0.002876
-0.076  0.177167  0.003008
-0.075  0.178160  0.003155
-0.074  0.177563  0.003272
-0.073  0.178445  0.003417
-0.072  0.178465  0.003549
-0.071  0.178414  0.003679
-0.070  0.179106  0.003823
-0.069  0.178686  0.003942
-0.068  0.179192  0.004082
-0.067  0.180134  0.004233
-0.066  0.179774  0.004356
-0.065  0.180007  0.004492
-0.064  0.180605  0.004637
-0.063  0.180105  0.004751
-0.062  0.180613  0.004894
-0.061  0.181372  0.005044
-0.060  0.181757  0.005185
-0.059  0.181442  0.005308
-0.058  0.181937  0.005453
-0.057  0.181669  0.005573
-0.056  0.181959  0.005711
-0.055  0.182518  0.005859
-0.054  0.183172  0.006010
-0.053  0.183352  0.006148
-0.052  0.183353  0.006279
-0.051  0.183376  0.006410
-0.050  0.183426  0.006541
-0.049  0.183767  0.006683
-0.048  0.184264  0.006832
-0.047  0.184846  0.006984
-0.046  0.185482  0.007139
-0.045  0.185242  0.007264
-0.044  0.185516  0.007407
-0.043  0.185280  0.007528
-0.042  0.185540  0.007669
-0.041  0.185975  0.007819
-0.040  0.186446  0.007970
-0.039  0.187019  0.008127
-0.038  0.187607  0.008285
-0.037  0.187345  0.008408
-0.036  0.187330  0.008540
-0.035  0.187455  0.008677
-0.034  0.187708  0.008821
-0.033  0.188119  0.008973
-0.032  0.188589  0.009128
-0.031  0.189079  0.009285
-0.030  0.189636  0.009446
-0.029  0.189634  0.009582
-0.028  0.189513  0.009710
-0.027  0.189668  0.009851
-0.026  0.189965  0.010001
-0.025  0.190305  0.010153
-0.024  0.190695  0.010308
-0.023  0.191166  0.010468
-0.022  0.191643  0.010630
-0.021  0.192155  0.010794
-0.020  0.191988  0.010921
-0.019  0.192018  0.011058
-0.018  0.192238  0.011207
-0.017  0.192550  0.011361
-0.016  0.406983  0.769591
-0.015  0.395338  0.726718
-0.014  0.400260  0.742103
-0.013  0.401631  0.744252
-0.012  0.403153  0.746440
-0.011  0.402311  0.742655
-0.010  0.405577  0.752264
-0.009  0.404512  0.746465
-0.008  0.407767  0.755393
-0.007  0.408710  0.755906
-0.006  0.408500  0.752345
-0.005  0.411329  0.759352
-0.004  0.410952  0.754927
-0.003  0.412507  0.757243
-0.002  0.414396  0.761259
-0.001  0.415149  0.762164
 0.000  0.415482  0.760981
 0.001  0.416977  0.763557
 0.002  0.418756  0.766941
 0.003  0.419357  0.766021
 0.004  0.420577  0.767221
 0.005  0.422138  0.769580
 0.006  0.423677  0.771589
 0.007  0.425119  0.773743
 0.008  0.425487  0.772126
 0.009  0.426980  0.775142
 0.010  0.428157  0.776393
 0.011  0.429604  0.778560
 0.012  0.430577  0.779073
 0.013  0.431870  0.780428
 0.014  0.433174  0.781606
 0.015  0.434807  0.783918
 0.016  0.435812  0.784364
 0.017  0.437479  0.787136
 0.018  0.438611  0.787703
 0.019  0.439849  0.789142
 0.020  0.440797  0.789751
 0.021  0.442127  0.791373
 0.022  0.443894  0.794283
 0.023  0.445370  0.796025
 0.024  0.446616  0.796879
 0.025  0.447587  0.797075
 0.026  0.449019  0.798684
 0.027  0.450736  0.801342
 0.028  0.452285  0.803185
 0.029  0.453876  0.805187
 0.030  0.454739  0.805366
 0.031  0.455912  0.806333
 0.032  0.457526  0.808560
 0.033  0.459171  0.810734
 0.034  0.460556  0.812051
 0.035  0.462164  0.814086
 0.036  0.463455  0.815084
 0.037  0.464839  0.816392
 0.038  0.466528  0.818592
 0.039  0.467932  0.819806
 0.040  0.469462  0.821431
 0.041  0.471086  0.823758
 0.042  0.472535  0.825354
 0.043  0.474071  0.827097
 0.044  0.475636  0.828842
 0.045  0.476932  0.829669
 0.046  0.478553  0.831505
 0.047  0.480322  0.833770
 0.048  0.481878  0.835406
 0.049  0.483604  0.837545
 0.050  0.485392  0.839870
 0.051  0.486694  0.840504
 0.052  0.488241  0.842188
 0.053  0.489963  0.844295
 0.054  0.491567  0.846031
 0.055  0.493237  0.847949
 0.056  0.495037  0.850216
 0.057  0.496787  0.852179
 0.058  0.498561  0.854189
 0.059  0.500141  0.855586
 0.060  0.501949  0.857707
 0.061  0.503564  0.859234
 0.062  0.505381  0.861353
 0.063  0.507249  0.863699
 0.064  0.508947  0.865444
 0.065  0.510784  0.867603
 0.066  0.512688  0.869962
 0.067  0.514521  0.871959
 0.068  0.516227  0.873492
 0.069  0.518100  0.875583
 0.070  0.520034  0.877870
 0.071  0.521796  0.879572
 0.072  0.523813  0.882011
 0.073  0.525981  0.884828
 0.074  0.528051  0.887402
 0.075  0.529763  0.888935
 0.076  0.531558  0.890707
 0.077  0.533480  0.892863
 0.078  0.535589  0.895225
 0.079  0.537800  0.897855
 0.080  0.539953  0.900431
 0.081  0.542110  0.903070
 0.082  0.543938  0.904768
 0.083  0.545925  0.906954
 0.084  0.548351  0.910065
 0.085  0.550428  0.912256
 0.086  0.552562  0.914611
 0.087  0.554736  0.917094
 0.088  0.556900  0.919609
 0.089  0.559167  0.922074
 0.090  0.561697  0.925123
 0.091  0.564060  0.927932
 0.092  0.566374  0.930653
 0.093  0.568550  0.932969
 0.094  0.570590  0.934967
 0.095  0.573431  0.938753
 0.096  0.576045  0.942078
 0.097  0.578243  0.944289
 0.098  0.580579  0.946764
 0.099  0.582913  0.949340
 0.100  0.585599  0.952461
 0.101  0.588691  0.956415
 0.102  0.591427  0.959754
 0.103  0.593945  0.962609
 0.104  0.596432  0.965450
 0.105  0.598560  0.967292
 0.106  0.601966  0.971812
 0.107  0.604846  0.975358
 0.108  0.607492  0.978386
 0.109  0.610092  0.981370
 0.110  0.612804  0.984362
 0.111  0.616656  0.989500
 0.112  0.620073  0.993856
 0.113  0.622746  0.996434
 0.114  0.625444  0.999258
 0.115  0.628112  1.002138
 0.116  0.632085  1.007417
 0.117  0.635564  1.011812
 0.118  0.638752  1.015703
 0.119  0.641792  1.019351
 0.120  0.644727  1.022825
 0.121  0.649273  1.028910
 0.122  0.653042  1.033066
 0.123  0.656421  1.036755
 0.124  0.659594  1.040219
 0.125  0.663554  1.045129
 0.126  0.668338  1.051552
 0.127  0.672273  1.056514
 0.128  0.675897  1.060941
 0.129  0.679316  1.065038
 0.130  0.684812  1.072214
 0.131  0.689096  1.077459
 0.132  0.692975  1.082122
 0.133  0.696743  1.086169
 0.134  0.703164  1.094716
 0.135  0.708382  1.101423
 0.136  0.712897  1.106999
 0.137  0.717083  1.112081
 0.138  0.724428  1.122424
 0.139  0.729593  1.128403
 0.140  0.734201  1.133796
 0.141  0.739082  1.139758
 0.142  0.747580  1.151692
 0.143  0.753312  1.159098
 0.144  0.758397  1.165379
 0.145  0.768400  1.179110
 0.146  0.775784  1.188838
 0.147  0.781758  1.196406
 0.148  0.791949  1.209726
 0.149  0.800081  1.220138
 0.150  0.806595  1.228232
 0.151  0.819671  1.246734
 0.152  0.829045  1.259410
 0.153  0.839389  1.273644
 0.154  0.854317  1.294954
 0.155  0.864125  1.308278
 0.156  0.885038  1.338373
 0.157  0.896621  1.352055
 0.158  0.921041  1.386364
 0.159  0.935634  1.406140
 0.160  0.970960  1.457407
 0.161  1.012557  1.518020
 0.162  1.067952  1.599248
 0.163  1.159165  1.734116
 0.164  1.425205  2.130378
 0.165  1.121241  1.670307
 0.166  1.052540  1.566305
 0.167  1.004735  1.492886
 0.168  0.974387  1.445155
 0.169  0.944456  1.399528
 0.170  0.927256  1.371532
 0.171  0.910782  1.345192
 0.172  0.892266  1.316848
 0.173  0.881496  1.298715
 0.174  0.871042  1.281293
 0.175  0.860039  1.263462
 0.176  0.848657  1.245281
 0.177  0.841320  1.232246
 0.178  0.834571  1.220594
 0.179  0.827585  1.208556
 0.180  0.819327  1.195172
 0.181  0.814512  1.186175
 0.182  0.809709  1.177351
 0.183  0.804724  1.168427
 0.184  0.799114  1.158826
 0.185  0.793229  1.149038
 0.186  0.789627  1.142059
 0.187  0.785818  1.134538
 0.188  0.782181  1.128024
 0.189  0.778389  1.121140
 0.190  0.774000  1.113421
 0.191  0.771885  1.108344
 0.192  0.769514  1.103144
 0.193  0.767011  1.097896
 0.194  0.764271  1.092430
 0.195  0.760890  1.086421
 0.196  0.758046  1.081085
 0.197  0.756130  1.076592
 0.198  0.754174  1.072209
 0.199  0.752279  1.068288
 0.200  0.750475  1.064268
 0.201  0.748462  1.059662
 0.202  0.746632  1.055398
 0.203  0.745629  1.052221
 0.204  0.744524  1.049142
 0.205  0.743314  1.046002
 0.206  0.742013  1.042781
 0.207  0.740424  1.039229
 0.208  0.738049  1.034359
 0.209  0.737318  1.032069
 0.210  0.736535  1.029715
 0.211  0.735971  1.027369
 0.212  0.735999  1.025064
 0.213  0.735442  1.022609
 0.214  0.734467  1.019989
 0.215  0.733279  1.017072
 0.216  0.732962  1.015143
 0.217  0.732940  1.013686
 0.218  0.732598  1.011736
 0.219  0.732031  1.009301
 0.220  0.731420  1.007151
 0.221  0.730642  1.004983
 0.222  0.730740  1.002825
 0.223  0.731407  1.002017
 0.224  0.731765  1.000892
 0.225  0.731964  0.999636
 0.226  0.732069  0.998305
 0.227  0.732434  0.997458
 0.228  0.732334  0.995984
 0.229  0.731510  0.993699
 0.230  0.731752  0.992444
 0.231  0.731877  0.990980
 0.232  0.733550  0.990854
 0.233  0.734624  0.990408
 0.234  0.735363  0.989742
 0.235  0.735842  0.988848
 0.236  0.736400  0.988231
 0.237  0.736646  0.987288
 0.238  0.737523  0.986983
 0.239  0.738288  0.986541
 0.240  0.738969  0.985986
 0.241  0.740328  0.985725
 0.242  0.741824  0.985381
 0.243  0.743139  0.984957
 0.244  0.744079  0.984536
 0.245  0.744584  0.983729
 0.246  0.746586  0.984786
 0.247  0.748035  0.985139
 0.248  0.749317  0.985308
 0.249  0.750479  0.985343
 0.250  0.752291  0.985448
 0.251  0.754606  0.986295
 0.252  0.756101  0.986352
 0.253  0.757050  0.985762
 0.254  0.758874  0.985867
 0.255  0.761591  0.987411
 0.256  0.763626  0.988362
 0.257  0.765465  0.989110
 0.258  0.767123  0.989687
 0.259  0.770361  0.990599
 0.260  0.773014  0.991961
 0.261  0.775021  0.992651
 0.262  0.776659  0.993001
 0.263  0.779769  0.995000
 0.264  0.782927  0.996717
 0.265  0.785507  0.997961
 0.266  0.787865  0.998906
 0.267  0.791921  1.000098
 0.268  0.795341  1.001478
 0.269  0.798350  1.003363
 0.270  0.800782  1.004541
 0.271  0.804596  1.007202
 0.272  0.808259  1.009692
 0.273  0.811511  1.011743
 0.274  0.814860  1.013653
 0.275  0.821216  1.016325
 0.276  0.825414  1.018260
 0.277  0.829082  1.019906
 0.278  0.833345  1.022916
 0.279  0.838249  1.026189
 0.280  0.842281  1.028828
 0.281  0.847262  1.031892
 0.282  0.854543  1.035523
 0.283  0.859827  1.038416
 0.284  0.864962  1.041198
 0.285  0.871522  1.045479
 0.286  0.877934  1.049724
 0.287  0.883563  1.054082
 0.288  0.893074  1.058988
 0.289  0.899947  1.062708
 0.290  0.906445  1.066453
 0.291  0.914383  1.071546
 0.292  0.923216  1.077188
 0.293  0.931888  1.082481
 0.294  0.944895  1.089015
 0.295  0.954199  1.094145
 0.296  0.962742  1.100075
 0.297  0.976505  1.109717
 0.298  0.988747  1.116992
 0.299  1.005835  1.126001
 0.300  1.018511  1.133168
 0.301  1.033453  1.142437
 0.302  1.051075  1.153673
 0.303  1.077488  1.167003
 0.304  1.096966  1.177960
 0.305  1.122260  1.193846
 0.306  1.159135  1.214023
 0.307  1.192585  1.231803
 0.308  1.232798  1.255141
 0.309  1.305162  1.292923
 0.310  1.369867  1.328031
 0.311  1.544989  1.418646
 0.312  1.877251  1.591932
 0.313  1.471977  1.387753
 0.314  1.340170  1.322623
 0.315  1.266340  1.286787
 0.316  1.216974  1.263529
 0.317  1.172401  1.242403
 0.318  1.132653  1.223404
 0.319  1.105082  1.210788
 0.320  1.077325  1.198385
 0.321  1.052974  1.188623
 0.322  1.033253  1.181467
 0.323  1.013395  1.173448
 0.324  0.996639  1.167249
 0.325  0.980417  1.160988
 0.326  0.964332  1.154735
 0.327  0.950923  1.149770
 0.328  0.936297  1.143976
 0.329  0.924269  1.140965
 0.330  0.911476  1.137402
 0.331  0.900439  1.134521
 0.332  0.890947  1.132153
 0.333  0.879858  1.128513
 0.334  0.870295  1.126163
 0.335  0.861046  1.123829
 0.336  0.851159  1.120961
 0.337  0.842543  1.120293
 0.338  0.833872  1.119342
 0.339  0.825184  1.117978
 0.340  0.817912  1.117394
 0.341  0.810752  1.116690
 0.342  0.802799  1.115297
 0.343  0.796012  1.114684
 0.344  0.788984  1.113848
 0.345  0.781603  1.114831
 0.346  0.775262  1.115494
 0.347  0.768681  1.115464
 0.348  0.761419  1.115005
 0.349  0.755406  1.115355
 0.350  0.749924  1.116066
 0.351  0.744270  1.116565
 0.352  0.738090  1.118348
 0.353  0.732816  1.120880
 0.354  0.727387  1.122613
 0.355  0.721834  1.123969
 0.356  0.715768  1.124848
 0.357  0.710419  1.126150
 0.358  0.705467  1.127452
 0.359  0.700459  1.130241
 0.360  0.695510  1.133921
 0.361  0.690630  1.136638
 0.362  0.685800  1.139242
 0.363  0.680907  1.141672
 0.364  0.675854  1.144072
 0.365  0.670777  1.146328
 0.366  0.667181  1.151935
 0.367  0.663227  1.157067
 0.368  0.658491  1.161062
 0.369  0.653238  1.164243
 0.370  0.648684  1.167997
 0.371  0.644311  1.171754
 0.372  0.639896  1.175534
 0.373  0.635603  1.183541
 0.374  0.632302  1.190126
 0.375  0.628336  1.195780
 0.376  0.624783  1.201449
 0.377  0.620034  1.206496
 0.378  0.615294  1.211616
 0.379  0.610906  1.220868
 0.380  0.607095  1.229425
 0.381  0.603543  1.237554
 0.382  0.599683  1.245411
 0.383  0.595599  1.253128
 0.384  0.591670  1.260946
 0.385  0.588988  1.275072
 0.386  0.584514  1.286109
 0.387  0.580007  1.296486
 0.388  0.575567  1.307144
 0.389  0.572601  1.319008
 0.390  0.568910  1.332631
 0.391  0.564744  1.350044
 0.392  0.560529  1.365873
 0.393  0.556413  1.382167
 0.394  0.553258  1.400125
 0.395  0.548505  1.418044
 0.396  0.545651  1.446202
 0.397  0.541846  1.472979
 0.398  0.537906  1.500899
 0.399  0.535121  1.533650
 0.400  0.529875  1.570469
 0.401  0.524511  1.626443
 0.402  0.518099  1.687644
 0.403  0.514333  1.761427
 0.404  0.512581  2.019792
 0.405  0.503106  2.295554
 0.406  0.495652  1.830729
 0.407  0.490319  1.717416
 0.408  0.486932  1.657205
 0.409  0.485338  1.634289
 0.410  0.482826  1.644267
 0.411  0.481149  1.657186
 0.412  0.481130  1.668592
 0.413  0.483195  1.697255
 0.414  0.481789  1.705200
 0.415  0.478747  1.704981
 0.416  0.477599  1.698545
 0.417  0.476266  1.723793
 0.418  0.476477  1.727306
 0.419  0.474568  1.737404
 0.420  0.471843  1.748859
 0.421  0.469335  1.747957
 0.422  0.469498  1.759631
 0.423  0.471579  1.772428
 0.424  0.468714  1.780261
 0.425  0.466362  1.790907
 0.426  0.464383  1.800914
 0.427  0.465086  1.808974
 0.428  0.467324  1.822422
 0.429  0.464044  1.830108
 0.430  0.461264  1.838797
 0.431  0.459172  1.850239
 0.432  0.458012  1.861735
 0.433  0.461592  1.876544
 0.434  0.458977  1.886690
 0.435  0.456073  1.896046
 0.436  0.454090  1.906659
 0.437  0.453597  1.920076
 0.438  0.457159  1.939639
 0.439  0.454173  1.950831
 0.440  0.451449  1.960531
 0.441  0.450164  1.974891
 0.442  0.453956  1.995368
 0.443  0.450812  2.007474
 0.444  0.448732  2.021946
 0.445  0.446450  2.036704
 0.446  0.445925  2.053759
 0.447  0.448568  2.075522
 0.448  0.445489  2.089305
 0.449  0.443352  2.106380
 0.450  0.443191  2.127423
 0.451  0.444718  2.150584
 0.452  0.441930  2.168594
 0.453  0.440104  2.189253
 0.454  0.439110  2.211377
 0.455  0.440831  2.240301
 0.456  0.437559  2.260643
 0.457  0.435650  2.284980
 0.458  0.438142  2.319951
 0.459  0.435858  2.346715
 0.460  0.434209  2.377169
 0.461  0.433132  2.409055
 0.462  0.434006  2.449921
 0.463  0.430873  2.483860
 0.464  0.430439  2.526943
 0.465  0.430397  2.573822
 0.466  0.428077  2.621110
 0.467  0.428262  2.679004
 0.468  0.427340  2.742071
 0.469  0.425009  2.806837
 0.470  0.426885  2.894108
 0.471  0.424001  2.983176
 0.472  0.426156  3.104814
 0.473  0.424110  3.244598
 0.474  0.426729  3.441895
 0.475  0.425356  3.711847
 0.476  0.429178  4.223336
 0.477  0.442147  5.410535
 0.478  0.448113  4.137985
 0.479  0.451875  3.735943
 0.480  0.461047  3.564396
 0.481  0.463802  3.388934
 0.482  0.129395  0.681005
 0.483  0.130992  0.685883
 0.484  0.132598  0.690604
 0.485  0.134204  0.695191
 0.486  0.135863  0.701584
 0.487  0.137458  0.706704
 0.488  0.139071  0.711748
 0.489  0.140684  0.716545
 0.490  0.142307  0.721425
 0.491  0.144088  0.727983
 0.492  0.146141  0.733921
 0.493  0.147967  0.739248
 0.494  0.149760  0.744312
 0.495  0.151524  0.749992
 0.496  0.153333  0.756249
 0.497  0.155118  0.761734
 0.498  0.156959  0.767286
 0.499  0.158747  0.772505
 0.500  0.160588  0.778767
 0.501  0.162437  0.785029
 0.502  0.164251  0.790579
 0.503  0.166395  0.796121
 0.504  0.168482  0.801788
 0.505  0.170568  0.808956
 0.506  0.172614  0.815511
 0.507  0.174591  0.821446
 0.508  0.176536  0.827007
 0.509  0.178489  0.832458
 0.510  0.180746  0.840648
 0.511  0.182855  0.847380
 0.512  0.184900  0.853508
 0.513  0.186925  0.859323
 0.514  0.189284  0.865614
 0.515  0.191741  0.874098
 0.516  0.194138  0.881355
 0.517  0.196388  0.887819
 0.518  0.198597  0.893938
 0.519  0.200958  0.901889
 0.520  0.203268  0.909176
 0.521  0.205747  0.916697
 0.522  0.208100  0.923546
 0.523  0.210411  0.930008
 0.524  0.213014  0.939453
 0.525  0.215648  0.947052
 0.526  0.218487  0.955230
 0.527  0.221102  0.962497
 0.528  0.223929  0.972186
 0.529  0.226615  0.980455
 0.530  0.229226  0.988048
 0.531  0.232082  0.996403
 0.532  0.235043  1.006280
 0.533  0.237938  1.015609
 0.534  0.240695  1.023780
 0.535  0.243424  1.031549
 0.536  0.246905  1.042806
 0.537  0.250319  1.053384
 0.538  0.253415  1.062287
 0.539  0.256456  1.070872
 0.540  0.260061  1.082859
 0.541  0.263577  1.094203
 0.542  0.266876  1.104011
 0.543  0.270078  1.113186
 0.544  0.273963  1.126540
 0.545  0.277752  1.138580
 0.546  0.281295  1.149126
 0.547  0.284781  1.159152
 0.548  0.289413  1.174628
 0.549  0.293658  1.187544
 0.550  0.297564  1.198902
 0.551  0.302026  1.213859
 0.552  0.306517  1.228079
 0.553  0.310885  1.241199
 0.554  0.315586  1.256658
 0.555  0.320212  1.271458
 0.556  0.325169  1.286753
 0.557  0.330336  1.303740
 0.558  0.335483  1.320504
 0.559  0.341109  1.337272
 0.560  0.347116  1.356999
 0.561  0.352881  1.375443
 0.562  0.358664  1.393206
 0.563  0.365590  1.416817
 0.564  0.371797  1.436461
 0.565  0.378406  1.457248
 0.566  0.386246  1.484261
 0.567  0.392943  1.505213
 0.568  0.401831  1.535706
 0.569  0.409599  1.560682
 0.570  0.419113  1.592291
 0.571  0.428519  1.622935
 0.572  0.438460  1.656261
 0.573  0.449501  1.692967
 0.574  0.461153  1.732799
 0.575  0.473521  1.773967
 0.576  0.487448  1.822337
 0.577  0.502780  1.874522
 0.578  0.520007  1.934215
 0.579  0.539475  2.002513
 0.580  0.562844  2.084843
 0.581  0.590085  2.180208
 0.582  0.624137  2.301333
 0.583  0.671377  2.472495
 0.584  0.738904  2.718734
 0.585  0.946515  3.492348
 0.586  0.788925  2.887132
 0.587  0.704201  2.557119
 0.588  0.672048  2.429338
 0.589  0.636461  2.286680
 0.590  0.609623  2.182015
 0.591  0.593867  2.112570
 0.592  0.576293  2.043106
 0.593  0.564536  1.987998
 0.594  0.554657  1.946844
 0.595  0.543248  1.897544
 0.596  0.535752  1.862562
 0.597  0.526399  1.825718
 0.598  0.520441  1.795406
 0.599  0.514525  1.766721
 0.600  0.507411  1.738544
 0.601  0.503437  1.717571
 0.602  0.498188  1.689633
 0.603  0.493787  1.670250
 0.604  0.490063  1.652281
 0.605  0.486824  1.634236
 0.606  0.482562  1.611566
 0.607  0.478545  1.594783
 0.608  0.476489  1.582528
 0.609  0.473924  1.567956
 0.610  0.470074  1.547050
 0.611  0.467162  1.534240
 0.612  0.465581  1.524380
 0.613  0.463888  1.513494
 0.614  0.461515  1.499698
 0.615  0.458382  1.483060
 0.616  0.457313  1.475318
 0.617  0.455996  1.466747
 0.618  0.454301  1.456832
 0.619  0.451635  1.443722
 0.620  0.450103  1.431847
 0.621  0.449166  1.425145
 0.622  0.447982  1.417671
 0.623  0.446296  1.408732
 0.624  0.445017  1.399780
 0.625  0.443742  1.387992
 0.626  0.443084  1.382360
 0.627  0.442150  1.375963
 0.628  0.440467  1.367826
 0.629  0.439899  1.361860
 0.630  0.439142  1.354875
 0.631  0.437975  1.344902
 0.632  0.437180  1.339575
 0.633  0.435868  1.332993
 0.634  0.435527  1.328297
 0.635  0.435333  1.323351
 0.636  0.434797  1.317360
 0.637  0.433735  1.307967
 0.638  0.432732  1.302527
 0.639  0.432528  1.298738
 0.640  0.432246  1.294650
 0.641  0.431841  1.290106
 0.642  0.431278  1.284905
 0.643  0.430070  1.277539
 0.644  0.429646  1.271424
 0.645  0.429752  1.268336
 0.646  0.429681  1.264979
 0.647  0.429447  1.261228
 0.648  0.428909  1.256707
 0.649  0.428423  1.251982
 0.650  0.428151  1.246662
 0.651  0.427889  1.242004
 0.652  0.427727  1.238996
 0.653  0.427416  1.235625
 0.654  0.426825  1.231582
 0.655  0.426925  1.228636
 0.656  0.427051  1.225358
 0.657  0.426924  1.220938
 0.658  0.426689  1.216259
 0.659  0.426416  1.213245
 0.660  0.426233  1.210393
 0.661  0.426270  1.207889
 0.662  0.426252  1.205155
 0.663  0.426150  1.202002
 0.664  0.425940  1.198355
 0.665  0.425317  1.192587
 0.666  0.425772  1.191044
 0.667  0.425979  1.189182
 0.668  0.426100  1.187110
 0.669  0.426140  1.184823
 0.670  0.426051  1.182190
 0.671  0.425807  1.179047
 0.672  0.425844  1.175962
 0.673  0.425805  1.172246
 0.674  0.425877  1.170481
 0.675  0.425888  1.168553
 0.676  0.426123  1.166723
 0.677  0.426171  1.164606
 0.678  0.426373  1.162729
 0.679  0.426513  1.160554
 0.680  0.426561  1.157728
 0.681  0.426529  1.154351
 0.682  0.426475  1.152512
 0.683  0.426503  1.150853
 0.684  0.426649  1.149380
 0.685  0.426764  1.147788
 0.686  0.427166  1.146384
 0.687  0.427355  1.144574
 0.688  0.427318  1.142040
 0.689  0.427373  1.138932
 0.690  0.427585  1.137821
 0.691  0.427758  1.136624
 0.692  0.427893  1.135323
 0.693  0.427981  1.133904
 0.694  0.427886  1.132081
 0.695  0.428028  1.130613
 0.696  0.428462  1.129251
 0.697  0.428664  1.126846
 0.698  0.428849  1.125239
 0.699  0.429004  1.124150
 0.700  0.429001  1.122755
 0.701  0.429191  1.121771
 0.702  0.429359  1.120705
 0.703  0.429490  1.119523
 0.704  0.429591  1.118178
 0.705  0.429640  1.116503
 0.706  0.429869  1.114143
 0.707  0.430154  1.113513
 0.708  0.430380  1.112793
 0.709  0.430564  1.111990
 0.710  0.430709  1.111113
 0.711  0.430815  1.110128
 0.712  0.430813  1.108903
 0.713  0.430931  1.107800
 0.714  0.431015  1.106411
 0.715  0.431166  1.104528
 0.716  0.431491  1.104075
 0.717  0.431662  1.103408
 0.718  0.431726  1.102528
 0.719  0.431877  1.101880
 0.720  0.431996  1.101165
 0.721  0.432083  1.100344
 0.722  0.432143  1.099401
 0.723  0.432163  1.098181
 0.724  0.432086  1.096297
 0.725  0.432361  1.096013
 0.726  0.432566  1.095636
 0.727  0.432694  1.095152
 0.728  0.432776  1.094594
 0.729  0.432809  1.093931
 0.730  0.432781  1.093142
 0.731  0.432809  1.092400
 0.732  0.432805  1.091466
 0.733  0.432751  1.089813
 0.734  0.432725  1.089308
 0.735  0.432936  1.089071
 0.736  0.432947  1.088541
 0.737  0.432978  1.088097
 0.738  0.432975  1.087627
 0.739  0.432942  1.087079
 0.740  0.432874  1.086440
 0.741  0.432765  1.085651
 0.742  0.432599  1.084486
 0.743  0.432491  1.083584
 0.744  0.432525  1.083350
 0.745  0.432533  1.083076
 0.746  0.432459  1.082687
 0.747  0.432328  1.082202
 0.748  0.432144  1.081627
 0.749  0.431999  1.081111
 0.750  0.431828  1.080495
 0.751  0.431627  1.079711
 0.752  0.431379  1.078490
 0.753  0.431115  1.077988
 0.754  0.431015  1.077677
 0.755  0.430858  1.077324
 0.756  0.430654  1.076953
 0.757  0.430409  1.076505
 0.758  0.430122  1.075979
 0.759  0.429773  1.075314
 0.760  0.429403  1.074569
 0.761  0.429079  1.073745
 0.762  0.428737  1.072919
 0.763  0.428485  1.072613
 0.764  0.428174  1.072224
 0.765  0.427750  1.071643
 0.766  0.427323  1.071077
 0.767  0.426949  1.070617
 0.768  0.426543  1.070085
 0.769  0.426096  1.069450
 0.770  0.425603  1.068669
 0.771  0.424992  1.067275
 0.772  0.424465  1.066687
 0.773  0.424105  1.066347
 0.774  0.423647  1.065912
 0.775  0.423135  1.065384
 0.776  0.422558  1.064732
 0.777  0.421832  1.063788
 0.778  0.421242  1.063118
 0.779  0.420697  1.062512
 0.780  0.420114  1.061772
 0.781  0.419480  1.060697
 0.782  0.418858  1.060074
 0.783  0.418002  1.059002
 0.784  0.417370  1.058414
 0.785  0.416765  1.057878
 0.786  0.416116  1.057247
 0.787  0.415419  1.056517
 0.788  0.414649  1.055623
 0.789  0.413671  1.054270
 0.790  0.412917  1.053331
 0.791  0.412249  1.052408
 0.792  0.411552  1.051801
 0.793  0.410795  1.051074
 0.794  0.409961  1.050184
 0.795  0.408932  1.048877
 0.796  0.408035  1.047861
 0.797  0.407323  1.047230
 0.798  0.406569  1.046494
 0.799  0.405767  1.045630
 0.800  0.404889  1.044543
 0.801  0.403826  1.042989
 0.802  0.402739  1.041615
 0.803  0.401995  1.040993
 0.804  0.401214  1.040279
 0.805  0.400388  1.039454
 0.806  0.399489  1.038456
 0.807  0.398473  1.037172
 0.808  0.397181  1.035245
 0.809  0.396449  1.034551
 0.810  0.395647  1.033712
 0.811  0.394794  1.032715
 0.812  0.393900  1.031762
 0.813  0.392920  1.030591
 0.814  0.391659  1.028743
 0.815  0.390660  1.027501
 0.816  0.389917  1.026847
 0.817  0.389139  1.026093
 0.818  0.388311  1.025198
 0.819  0.387422  1.024127
 0.820  0.386312  1.022550
 0.821  0.384848  1.020032
 0.822  0.384136  1.019433
 0.823  0.383402  1.018753
 0.824  0.382634  1.017968
 0.825  0.381820  1.017045
 0.826  0.380935  1.015911
 0.827  0.379906  1.014378
 0.828  0.378568  1.012059
 0.829  0.377891  1.011449
 0.830  0.377150  1.010661
 0.831  0.376413  1.009819
 0.832  0.375638  1.008898
 0.833  0.374807  1.007799
 0.834  0.373843  1.006315
 0.835  0.372483  1.003747
 0.836  0.371929  1.003289
 0.837  0.371354  1.002752
 0.838  0.370754  1.002118
 0.839  0.370020  1.001194
 0.840  0.369253  1.000111
 0.841  0.368419  0.998781
 0.842  0.367299  0.996621
 0.843  0.366474  0.995232
 0.844  0.366001  0.994784
 0.845  0.365509  0.994250
 0.846  0.364992  0.993633
 0.847  0.364444  0.992893
 0.848  0.363839  0.991952
 0.849  0.363009  0.990462
 0.850  0.361757  0.987619
 0.851  0.361399  0.987325
 0.852  0.361040  0.986960
 0.853  0.360670  0.986518
 0.854  0.360283  0.985985
 0.855  0.359866  0.985322
 0.856  0.359403  0.984478
 0.857  0.358848  0.983307
 0.858  0.357787  0.980521
 0.859  0.357509  0.980252
 0.860  0.357286  0.980046
 0.861  0.357070  0.979769
 0.862  0.356850  0.979375
 0.863  0.356616  0.978892
 0.864  0.356350  0.978257
 0.865  0.356026  0.977388
 0.866  0.355551  0.975966
 0.867  0.354997  0.974211
 0.868  0.354995  0.974247
 0.869  0.354940  0.974141
 0.870  0.354921  0.974087
 0.871  0.354910  0.973891
 0.872  0.354884  0.973552
 0.873  0.354842  0.973084
 0.874  0.354746  0.972365
 0.875  0.354492  0.971028
 0.876  0.354259  0.969664
 0.877  0.354505  0.969914
 0.878  0.354742  0.970113
 0.879  0.354990  0.970267
 0.880  0.355257  0.970475
 0.881  0.355519  0.970408
 0.882  0.355778  0.970237
 0.883  0.356005  0.969872
 0.884  0.356165  0.969146
 0.885  0.356062  0.967343
 0.886  0.356608  0.967862
 0.887  0.357166  0.968359
 0.888  0.357789  0.968911
 0.889  0.358433  0.969445
 0.890  0.359084  0.969985
 0.891  0.359745  0.970258
 0.892  0.360407  0.970405
 0.893  0.361062  0.970383
 0.894  0.361640  0.969963
 0.895  0.362074  0.968802
 0.896  0.363067  0.969696
 0.897  0.364079  0.970585
 0.898  0.365286  0.971733
 0.899  0.366487  0.972828
 0.900  0.367703  0.973837
 0.901  0.368947  0.974633
 0.902  0.370202  0.975332
 0.903  0.371506  0.975939
 0.904  0.372787  0.976289
 0.905  0.373776  0.975198
 0.906  0.375440  0.976660
 0.907  0.377355  0.978461
 0.908  0.379389  0.980366
 0.909  0.381428  0.982335
 0.910  0.383550  0.983983
 0.911  0.385696  0.985585
 0.912  0.387961  0.987202
 0.913  0.390302  0.988788
 0.914  0.392708  0.990296
 0.915  0.395183  0.991615
 0.916  0.397861  0.992243
 0.917  0.401262  0.995370
 0.918  0.404754  0.998497
 0.919  0.408347  1.001649
 0.920  0.412121  1.004643
 0.921  0.416111  1.007744
 0.922  0.420310  1.010944
 0.923  0.424746  1.014256
 0.924  0.429496  1.017728
 0.925  0.435590  1.022749
 0.926  0.441645  1.027265
 0.927  0.447979  1.031566
 0.928  0.454859  1.036205
 0.929  0.462493  1.042182
 0.930  0.471001  1.048742
 0.931  0.480217  1.055752
 0.932  0.491452  1.064568
 0.933  0.504853  1.075253
 0.934  0.519676  1.086560
 0.935  0.536960  1.099449
 0.936  0.557472  1.114509
 0.937  0.582987  1.133191
 0.938  0.617028  1.157131
 0.939  0.671055  1.196077
 0.940  0.769301  1.264535
 0.941  1.140167  1.520570
 0.942  0.711950  1.232348
 0.943  0.622248  1.174438
 0.944  0.572498  1.142871
 0.945  0.532605  1.117040
 0.946  0.501126  1.096891
 0.947  0.472568  1.078110
 0.948  0.452967  1.065474
 0.949  0.435862  1.054345
 0.950  0.416048  1.040518
 0.951  0.403107  1.031833
 0.952  0.387920  1.020376
 0.953  0.374679  1.011023
 0.954  0.363667  1.003820
 0.955  0.351036  0.995070
 0.956  0.342586  0.989678
 0.957  0.333129  0.982969
 0.958  0.324074  0.976402
 0.959  0.316632  0.971175
 0.960  0.307053  0.963669
 0.961  0.301214  0.959672
 0.962  0.293601  0.953751
 0.963  0.286607  0.948277
 0.964  0.281183  0.944473
 0.965  0.272698  0.936392
 0.966  0.268461  0.932850
 0.967  0.263535  0.929174
 0.968  0.256251  0.922760
 0.969  0.252374  0.920027
 0.970  0.248294  0.917024
 0.971  0.242790  0.912265
 0.972  0.238051  0.908378
 0.973  0.234430  0.905945
 0.974  0.230301  0.902297
 0.975  0.224912  0.896944
 0.976  0.221756  0.894269
 0.977  0.218398  0.891228
 0.978  0.214415  0.887251
 0.979  0.209838  0.881603
 0.980  0.207068  0.879523
 0.981  0.204026  0.877203
 0.982  0.200369  0.873877
 0.983  0.196718  0.870156
 0.984  0.194213  0.867952
 0.985  0.191492  0.865406
 0.986  0.188424  0.862318
 0.987  0.184820  0.858374
 0.988  0.182514  0.856295
 0.989  0.180183  0.854215
 0.990  0.177587  0.851908
 0.991  0.174428  0.848073
 0.992  0.171811  0.844944
 0.993  0.169684  0.842357
 0.994  0.167433  0.839518
 0.995  0.165046  0.836986
 0.996  0.161965  0.833297
 0.997  0.160189  0.831780
 0.998  0.158309  0.830420
 0.999  0.156356  0.828229
 1.000  0.154263  0.825759
 1.001  0.151444  0.821986
 1.002  0.149784  0.820175
 1.003  0.148115  0.818345
 1.004  0.146348  0.816338
 1.005  0.144510  0.814248
 1.006  0.142322  0.811823
 1.007  0.140267  0.808821
 1.008  0.138684  0.806374
 1.009  0.137120  0.804282
 1.010  0.135513  0.802321
 1.011  0.133821  0.800207
 1.012  0.131614  0.797101
 1.013  0.130277  0.795778
 1.014  0.128911  0.794708
 1.015  0.127508  0.792830
 1.016  0.126055  0.790839
 1.017  0.124475  0.788580
 1.018  0.122536  0.785541
 1.019  0.121316  0.783994
 1.020  0.120069  0.782456
 1.021  0.118792  0.781012
 1.022  0.117459  0.779499
 1.023  0.116014  0.776849
 1.024  0.114150  0.773229
 1.025  0.113073  0.771822
 1.026  0.111973  0.770375
 1.027  0.110850  0.768899
 1.028  0.109674  0.767440
 1.029  0.108496  0.766417
 1.030  0.107169  0.764175
 1.031  0.105745  0.761669
 1.032  0.104740  0.760166
 1.033  0.103725  0.758684
 1.034  0.102684  0.757174
 1.035  0.101635  0.755787
 1.036  0.100496  0.754485
 1.037  0.099212  0.752189
 1.038  0.098049  0.749837
 1.039  0.097082  0.747782
 1.040  0.096148  0.746080
 1.041  0.095227  0.744706
 1.042  0.094259  0.743278
 1.043  0.093270  0.742131
 1.044  0.092158  0.740370
 1.045  0.091108  0.738348
 1.046  0.090289  0.736968
 1.047  0.089461  0.735645
 1.048  0.088607  0.734395
 1.049  0.087756  0.733172
 1.050  0.086856  0.732357
 1.051  0.085892  0.730241
 1.052  0.084821  0.727791
 1.053  0.084068  0.726259
 1.054  0.083295  0.724712
 1.055  0.082504  0.723043
 1.056  0.081709  0.721610
 1.057  0.080918  0.720887
 1.058  0.080104  0.719184
 1.059  0.079174  0.717137
 1.060  0.078367  0.715624
 1.061  0.077697  0.714636
 1.062  0.077019  0.713490
 1.063  0.076323  0.712895
 1.064  0.075621  0.711486
 1.065  0.074906  0.709815
 1.066  0.074160  0.708074
 1.067  0.073309  0.706065
 1.068  0.072585  0.704618
 1.069  0.071962  0.703882
 1.070  0.071325  0.702912
 1.071  0.070686  0.701304
 1.072  0.070015  0.699624
 1.073  0.069370  0.698280
 1.074  0.068701  0.696890
 1.075  0.067950  0.695690
 1.076  0.067284  0.694426
 1.077  0.066727  0.693004
 1.078  0.066171  0.691654
 1.079  0.065607  0.690400
 1.080  0.065029  0.689373
 1.081  0.064453  0.689294
 1.082  0.063851  0.687606
 1.083  0.063219  0.686271
 1.084  0.062517  0.684177
 1.085  0.062005  0.682958
 1.086  0.061489  0.682091
 1.087  0.060962  0.681424
 1.088  0.060433  0.679595
 1.089  0.059883  0.677722
 1.090  0.059353  0.676409
 1.091  0.058810  0.675420
 1.092  0.058213  0.675072
 1.093  0.057648  0.673613
 1.094  0.057187  0.672239
 1.095  0.056726  0.670941
 1.096  0.056265  0.670026
 1.097  0.055792  0.669927
 1.098  0.055315  0.668140
 1.099  0.054831  0.666476
 1.100  0.054333  0.665071
 1.101  0.053779  0.663964
 1.102  0.053277  0.663857
 1.103  0.052854  0.662584
 1.104  0.052425  0.660876
 1.105  0.051987  0.659437
 1.106  0.051533  0.659643
 1.107  0.051108  0.657718
 1.108  0.050672  0.655934
 1.109  0.050227  0.654604
 1.110  0.049748  0.654051
 1.111  0.049272  0.654186
 1.112  0.048889  0.652233
 1.113  0.048505  0.650703
 1.114  0.048123  0.649913
 1.115  0.047737  0.649698
 1.116  0.047344  0.647746
 1.117  0.046950  0.646282
 1.118  0.046543  0.646864
 1.119  0.046123  0.646118
 1.120  0.045644  0.643363
 1.121  0.045292  0.642033
 1.122  0.044937  0.642483
 1.123  0.044577  0.640008
 1.124  0.044209  0.638424
 1.125  0.043863  0.641385
 1.126  0.043509  0.638306
 1.127  0.043148  0.635917
 1.128  0.042779  0.637438
 1.129  0.042381  0.633698
 1.130  0.041994  0.632087
 1.131  0.041680  0.635590
 1.132  0.041359  0.631310
 1.133  0.041039  0.630549
 1.134  0.040722  0.629237
 1.135  0.040397  0.628008
 1.136  0.040074  0.630320
 1.137  0.039738  0.625049
 1.138  0.039398  0.625486
 1.139  0.039027  0.628462
 1.140  0.038685  0.621804
 1.141  0.038384  0.619625
 1.142  0.038094  0.628508
 1.143  0.037799  0.611797
 1.144  0.037467  0.358178
 1.145  0.037181  0.357613
 1.146  0.036890  0.356998
 1.147  0.036595  0.356351
 1.148  0.036290  0.355620
 1.149  0.035947  0.354649
 1.150  0.035660  0.353987
 1.151  0.035399  0.353476
 1.152  0.035136  0.352942
 1.153  0.034874  0.352399
 1.154  0.034614  0.351849
 1.155  0.034347  0.351241
 1.156  0.034080  0.350617
 1.157  0.033808  0.349937
 1.158  0.033529  0.349179
 1.159  0.033226  0.348210
 1.160  0.032933  0.347307
 1.161  0.032697  0.346843
 1.162  0.032462  0.346373
 1.163  0.032225  0.345881
 1.164  0.031984  0.345353
 1.165  0.031745  0.344822
 1.166  0.031506  0.344278
 1.167  0.031261  0.343687
 1.168  0.031016  0.343075
 1.169  0.030756  0.342342
 1.170  0.030469  0.341408
 1.171  0.030251  0.340936
 1.172  0.030032  0.340444
 1.173  0.029813  0.339936
 1.174  0.029594  0.339418
 1.175  0.029375  0.338884
 1.176  0.029151  0.338290
 1.177  0.028926  0.337648
 1.178  0.028698  0.336965
 1.179  0.028470  0.336346
 1.180  0.028226  0.335586
 1.181  0.027991  0.334875
 1.182  0.027792  0.334436
 1.183  0.027595  0.333992
 1.184  0.027397  0.333536
 1.185  0.027196  0.333042
 1.186  0.026996  0.332541
 1.187  0.026796  0.332038
 1.188  0.026592  0.331488
 1.189  0.026388  0.330921
 1.190  0.026174  0.330267
 1.191  0.025933  0.329372
 1.192  0.025745  0.328882
 1.193  0.025562  0.328421
 1.194  0.025377  0.327931
 1.195  0.025192  0.327415
 1.196  0.025007  0.326861
 1.197  0.024825  0.326390
 1.198  0.024641  0.325895
 1.199  0.024458  0.325394
 1.200  0.024268  0.324827
 1.201  0.024077  0.324232
 1.202  0.023855  0.323357
 1.203  0.023688  0.322941
 1.204  0.023522  0.322525
 1.205  0.023356  0.322103
 1.206  0.023189  0.321663
 1.207  0.023020  0.321196
 1.208  0.022852  0.320723
 1.209  0.022684  0.320242
 1.210  0.022513  0.319721
 1.211  0.022342  0.319184
 1.212  0.022163  0.318553
 1.213  0.021961  0.317691
 1.214  0.021805  0.317211
 1.215  0.021653  0.316809
 1.216  0.021500  0.316391
 1.217  0.021347  0.315970
 1.218  0.021195  0.315545
 1.219  0.021042  0.315105
 1.220  0.020888  0.314638
 1.221  0.020734  0.314168
 1.222  0.020576  0.313646
 1.223  0.020417  0.313105
 1.224  0.020229  0.312251
 1.225  0.020088  0.311858
 1.226  0.019948  0.311464
 1.227  0.019808  0.311067
 1.228  0.019668  0.310659
 1.229  0.019526  0.310223
 1.230  0.019385  0.309776
 1.231  0.019244  0.309324
 1.232  0.019100  0.308826
 1.233  0.018957  0.308327
 1.234  0.018811  0.307798
 1.235  0.018659  0.307183
 1.236  0.018508  0.306576
 1.237  0.018379  0.306200
 1.238  0.018250  0.305810
 1.239  0.018121  0.305414
 1.240  0.017993  0.305014
 1.241  0.017865  0.304613
 1.242  0.017735  0.304182
 1.243  0.017605  0.303742
 1.244  0.017475  0.303290
 1.245  0.017341  0.302787
 1.246  0.017205  0.302234
 1.247  0.017057  0.301536
 1.248  0.016938  0.301166
 1.249  0.016820  0.300794
 1.250  0.016702  0.300417
 1.251  0.016583  0.300023
 1.252  0.016465  0.299617
 1.253  0.016346  0.299208
 1.254  0.016228  0.298798
 1.255  0.016108  0.298352
 1.256  0.015988  0.297902
 1.257  0.015865  0.297392
 1.258  0.015732  0.296758
 1.259  0.015613  0.296278
 1.260  0.015504  0.295922
 1.261  0.015395  0.295553
 1.262  0.015286  0.295180
 1.263  0.015177  0.294805
 1.264  0.015069  0.294429
 1.265  0.014959  0.294026
 1.266  0.014850  0.293617
 1.267  0.014741  0.293198
 1.268  0.014629  0.292735
 1.269  0.014515  0.292243
 1.270  0.014391  0.291582
 1.271  0.014290  0.291232
 1.272  0.014190  0.290881
 1.273  0.014091  0.290527
 1.274  0.013991  0.290164
 1.275  0.013890  0.289782
 1.276  0.013790  0.289397
 1.277  0.013690  0.289012
 1.278  0.013589  0.288600
 1.279  0.013488  0.288179
 1.280  0.013384  0.287717
 1.281  0.013278  0.287198
 1.282  0.013170  0.286649
 1.283  0.013078  0.286320
 1.284  0.012986  0.285983
 1.285  0.012894  0.285641
 1.286  0.012802  0.285304
 1.287  0.012712  0.284991
 1.288  0.012620  0.284619
 1.289  0.012527  0.284224
 1.290  0.012435  0.283827
 1.291  0.012340  0.283386
 1.292  0.012246  0.282940
 1.293  0.012137  0.282247
 1.294  0.012051  0.281918
 1.295  0.011966  0.281588
 1.296  0.011881  0.281256
 1.297  0.011797  0.280921
 1.298  0.011712  0.280569
 1.299  0.011627  0.280212
 1.300  0.011542  0.279856
 1.301  0.011457  0.279488
 1.302  0.011372  0.279107
 1.303  0.011286  0.278717
 1.304  0.011198  0.278273
 1.305  0.011103  0.277720
 1.306  0.011025  0.277427
 1.307  0.010947  0.277094
 1.308  0.010868  0.276752
 1.309  0.010789  0.276408
 1.310  0.010711  0.276065
 1.311  0.010633  0.275716
 1.312  0.010554  0.275347
 1.313  0.010476  0.274978
 1.314  0.010397  0.274588
 1.315  0.010317  0.274175
 1.316  0.010235  0.273710
 1.317  0.010149  0.273172
 1.318  0.010077  0.272868
 1.319  0.010005  0.272567
 1.320  0.009933  0.272268
 1.321  0.009861  0.271965
 1.322  0.009789  0.271660
 1.323  0.009719  0.271398
 1.324  0.009648  0.271076
 1.325  0.009575  0.270693
 1.326  0.009502  0.270305
 1.327  0.009428  0.269884
 1.328  0.009352  0.269428
 1.329  0.009275  0.268911
 1.330  0.009208  0.268602
 1.331  0.009141  0.268287
 1.332  0.009074  0.267968
 1.333  0.009007  0.267650
 1.334  0.008941  0.267334
 1.335  0.008874  0.267004
 1.336  0.008807  0.266668
 1.337  0.008741  0.266333
 1.338  0.008674  0.265973
 1.339  0.008607  0.265613
 1.340  0.008536  0.265184
 1.341  0.008470  0.264873
 1.342  0.008408  0.264557
 1.343  0.008346  0.264240
 1.344  0.008284  0.263921
 1.345  0.008222  0.263590
 1.346  0.008160  0.263254
 1.347  0.008099  0.262919
 1.348  0.008037  0.262578
 1.349  0.007975  0.262222
 1.350  0.007913  0.261861
 1.351  0.007850  0.261456
 1.352  0.007782  0.260948
 1.353  0.007722  0.260610
 1.354  0.007665  0.260334
 1.355  0.007608  0.260053
 1.356  0.007552  0.259780
 1.357  0.007496  0.259521
 1.358  0.007441  0.259293
 1.359  0.007385  0.259065
 1.360  0.007328  0.258713
 1.361  0.007271  0.258353
 1.362  0.007213  0.257967
 1.363  0.007154  0.257568
 1.364  0.007090  0.257014
 1.365  0.007037  0.256721
 1.366  0.006984  0.256428
 1.367  0.006931  0.256136
 1.368  0.006878  0.255840
 1.369  0.006826  0.255534
 1.370  0.006773  0.255234
 1.371  0.006721  0.254936
 1.372  0.006668  0.254628
 1.373  0.006616  0.254321
 1.374  0.006563  0.254014
 1.375  0.006510  0.253693
 1.376  0.006456  0.253362
 1.377  0.006406  0.253059
 1.378  0.006357  0.252751
 1.379  0.006307  0.252440
 1.380  0.006258  0.252132
 1.381  0.006209  0.251823
 1.382  0.006160  0.251505
 1.383  0.006111  0.251182
 1.384  0.006062  0.250857
 1.385  0.006013  0.250518
 1.386  0.005964  0.250169
 1.387  0.005913  0.249774
 1.388  0.005862  0.249353
 1.389  0.005817  0.249102
 1.390  0.005772  0.248858
 1.391  0.005727  0.248624
 1.392  0.005683  0.248417
 1.393  0.005641  0.248312
 1.394  0.005595  0.247984
 1.395  0.005550  0.247653
 1.396  0.005504  0.247308
 1.397  0.005459  0.246960
 1.398  0.005412  0.246583
 1.399  0.005364  0.246142
 1.400  0.005319  0.245770
 1.401  0.005277  0.245493
 1.402  0.005234  0.245213
 1.403  0.005192  0.244938
 1.404  0.005150  0.244665
 1.405  0.005109  0.244397
 1.406  0.005067  0.244124
 1.407  0.005026  0.243856
 1.408  0.004985  0.243606
 1.409  0.004944  0.243387
 1.410  0.004904  0.243203
 1.411  0.004858  0.242695
 1.412  0.004818  0.242401
 1.413  0.004779  0.242106
 1.414  0.004739  0.241810
 1.415  0.004700  0.241513
 1.416  0.004660  0.241212
 1.417  0.004621  0.240914
 1.418  0.004583  0.240622
 1.419  0.004543  0.240314
 1.420  0.004505  0.240010
 1.421  0.004466  0.239690
 1.422  0.004426  0.239361
 1.423  0.004386  0.238986
 1.424  0.004350  0.238778
 1.425  0.004315  0.238605
 1.426  0.004282  0.238596
 1.427  0.004245  0.238283
 1.428  0.004209  0.237968
 1.429  0.004172  0.237646
 1.430  0.004135  0.237324
 1.431  0.004099  0.237003
 1.432  0.004063  0.236666
 1.433  0.004026  0.236323
 1.434  0.003987  0.235858
 1.435  0.003953  0.235599
 1.436  0.003919  0.235342
 1.437  0.003886  0.235093
 1.438  0.003852  0.234848
 1.439  0.003819  0.234611
 1.440  0.003786  0.234397
 1.441  0.003753  0.234218
 1.442  0.003723  0.234213
 1.443  0.003689  0.233868
 1.444  0.003655  0.233504
 1.445  0.003620  0.233121
 1.446  0.003586  0.232714
 1.447  0.003554  0.232428
 1.448  0.003522  0.232146
 1.449  0.003490  0.231865
 1.450  0.003459  0.231586
 1.451  0.003428  0.231314
 1.452  0.003396  0.231037
 1.453  0.003365  0.230775
 1.454  0.003334  0.230510
 1.455  0.003304  0.230256
 1.456  0.003273  0.230005
 1.457  0.003242  0.229757
 1.458  0.003215  0.229736
 1.459  0.003185  0.229430
 1.460  0.003155  0.229123
 1.461  0.003126  0.228814
 1.462  0.003096  0.228512
 1.463  0.003067  0.228212
 1.464  0.003038  0.227909
 1.465  0.003008  0.227606
 1.466  0.002979  0.227302
 1.467  0.002950  0.226988
 1.468  0.002920  0.226608
 1.469  0.002893  0.226388
 1.470  0.002866  0.226178
 1.471  0.002839  0.225993
 1.472  0.002813  0.225865
 1.473  0.002789  0.225914
 1.474  0.002761  0.225586
 1.475  0.002734  0.225259
 1.476  0.002706  0.224929
 1.477  0.002679  0.224594
 1.478  0.002652  0.224257
 1.479  0.002623  0.223846
 1.480  0.002598  0.223580
 1.481  0.002572  0.223315
 1.482  0.002546  0.223062
 1.483  0.002521  0.222818
 1.484  0.002496  0.222589
 1.485  0.002471  0.222372
 1.486  0.002447  0.222196
 1.487  0.002423  0.222090
 1.488  0.002400  0.222071
 1.489  0.002374  0.221702
 1.490  0.002348  0.221290
 1.491  0.002324  0.220984
 1.492  0.002300  0.220683
 1.493  0.002276  0.220395
 1.494  0.002252  0.220109
 1.495  0.002228  0.219830
 1.496  0.002204  0.219556
 1.497  0.002181  0.219295
 1.498  0.002158  0.219046
 1.499  0.002135  0.218813
 1.500  0.002112  0.218582
 1.501  0.002090  0.218421
 1.502  0.002070  0.218553
 1.503  0.002047  0.218224
 1.504  0.002025  0.217899
 1.505  0.002002  0.217578
 1.506  0.001980  0.217260
 1.507  0.001957  0.216951
 1.508  0.001935  0.216653
 1.509  0.001913  0.216355
 1.510  0.001892  0.216062
 1.511  0.001869  0.215738
 1.512  0.001849  0.215517
 1.513  0.001828  0.215315
 1.514  0.001808  0.215164
 1.515  0.001788  0.215101
 1.516  0.001770  0.215182
 1.517  0.001749  0.214835
 1.518  0.001728  0.214490
 1.519  0.001707  0.214153
 1.520  0.001687  0.213820
 1.521  0.001666  0.213482
 1.522  0.001646  0.213171
 1.523  0.001626  0.212894
 1.524  0.001607  0.212638
 1.525  0.001588  0.212393
 1.526  0.001569  0.212191
 1.527  0.001550  0.212019
 1.528  0.001532  0.211924
 1.529  0.001516  0.212133
 1.530  0.001496  0.211764
 1.531  0.001477  0.211398
 1.532  0.001458  0.211035
 1.533  0.001439  0.210714
 1.534  0.001421  0.210400
 1.535  0.001402  0.210105
 1.536  0.001384  0.209826
 1.537  0.001366  0.209554
 1.538  0.001348  0.209313
 1.539  0.001331  0.209109
 1.540  0.001314  0.208958
 1.541  0.001297  0.208919
 1.542  0.001282  0.209059
 1.543  0.001265  0.208690
 1.544  0.001247  0.208332
 1.545  0.001230  0.207975
 1.546  0.001212  0.207649
 1.547  0.001195  0.207330
 1.548  0.001179  0.207032
 1.549  0.001162  0.206759
 1.550  0.001146  0.206501
 1.551  0.001130  0.206309
 1.552  0.001114  0.206161
 1.553  0.001099  0.206122
 1.554  0.001086  0.206367
 1.555  0.001069  0.205967
 1.556  0.001053  0.205592
 1.557  0.001037  0.205221
 1.558  0.001021  0.204881
 1.559  0.001005  0.204568
 1.560  0.000990  0.204279
 1.561  0.000975  0.204029
 1.562  0.000960  0.203769
 1.563  0.000945  0.203571
 1.564  0.000931  0.203450
 1.565  0.000917  0.203557
 1.566  0.000904  0.203601
 1.567  0.000889  0.203180
 1.568  0.000874  0.202809
 1.569  0.000860  0.202477
 1.570  0.000846  0.202168
 1.571  0.000831  0.201837
 1.572  0.000817  0.201513
 1.573  0.000803  0.201267
 1.574  0.000790  0.201032
 1.575  0.000776  0.200932
 1.576  0.000764  0.201055
 1.577  0.000752  0.201188
 1.578  0.000738  0.200815
 1.579  0.000725  0.200424
 1.580  0.000711  0.200029
 1.581  0.000698  0.199649
 1.582  0.000685  0.199306
 1.583  0.000672  0.199003
 1.584  0.000659  0.198776
 1.585  0.000646  0.198611
 1.586  0.000635  0.198679
 1.587  0.000625  0.199260
 1.588  0.000612  0.198755
 1.589  0.000599  0.198258
 1.590  0.000587  0.197811
 1.591  0.000574  0.197424
 1.592  0.000562  0.197059
 1.593  0.000550  0.196794
 1.594  0.000539  0.196587
 1.595  0.000528  0.196642
 1.596  0.000517  0.196704
 1.597  0.000507  0.197001
 1.598  0.000495  0.196465
 1.599  0.000483  0.195966
 1.600  0.000472  0.195490
 1.601  0.000460  0.195165
 1.602  0.000449  0.194892
 1.603  0.000439  0.194817
 1.604  0.000428  0.194543
 1.605  0.000418  0.194546
 1.606  0.000409  0.195122
 1.607  0.000398  0.194518
 1.608  0.000387  0.194033
 1.609  0.000377  0.193573
 1.610  0.000367  0.193510
 1.611  0.000357  0.193087
 1.612  0.000347  0.192742
 1.613  0.000337  0.192530
 1.614  0.000328  0.192934
 1.615  0.000319  0.193009
 1.616  0.000309  0.192495
 1.617  0.000300  0.192364
 1.618  0.000290  0.191705
 1.619  0.000281  0.191269
 1.620  0.000271  0.190891
 1.621  0.000262  0.190795
 1.622  0.000255  0.191388
 1.623  0.000246  0.191472
 1.624  0.000238  0.191142
 1.625  0.000228  0.190380
 1.626  0.000219  0.189712
 1.627  0.000211  0.189324
 1.628  0.000203  0.189088
 1.629  0.000195  0.189572
 1.630  0.000189  0.190598
 1.631  0.000180  0.189646
 1.632  0.000172  0.188708
 1.633  0.000163  0.188046
 1.634  0.000155  0.187652
 1.635  0.000148  0.187943
 1.636  0.000143  0.189895
 1.637  0.000135  0.188604
 1.638  0.000127  0.187587
 1.639  0.000120  0.186634
 1.640  0.000113  0.186359
 1.641  0.000107  0.187487
 1.642  0.000102  0.188601
 1.643  0.000095  0.186926
 1.644  0.000088  0.185935
 1.645  0.000081  0.185222
 1.646  0.000075  0.186068
 1.647  0.000071  0.188113
 1.648  0.000065  0.185994
 1.649  0.000059  0.184735
 1.650  0.000054  0.185048
 1.651  0.000049  0.184808
 1.652  0.000045  0.186276
 1.653  0.000040  0.183771
 1.654  0.000035  0.185097
 1.655  0.000031  0.183696
 1.656  0.000029  0.185145
 1.657  0.000025  0.183113
 1.658  0.000022  0.183013
 1.659  0.000021  0.185171
 1.660  0.000019  0.182740
 1.661  0.000017  0.181553
 1.662  0.000018  0.182230
 1.663  0.000020  0.177913
 1.664  0.000025  0.189815
 1.665  0.000036  0.189531
 1.666  0.000000  0.000000
