0.000    0.005933    0.000000
0.150    0.006134    0.012064
0.300    0.006347    0.018305
0.440    0.006556    0.022700
0.590    0.006792    0.026097
0.740    0.007043    0.028904
0.890    0.007310    0.031327
1.040    0.007593    0.033481
1.180    0.007874    0.035449
1.330    0.008194    0.037267
1.480    0.008537    0.038968
1.630    0.008904    0.040580
1.770    0.009270    0.042125
1.920    0.009691    0.043614
2.070    0.010145    0.045060
2.220    0.010636    0.046473
2.370    0.011169    0.047863
2.510    0.011708    0.049239
2.660    0.012337    0.050607
2.810    0.013027    0.051975
2.960    0.013789    0.053349
3.110    0.014637    0.054738
3.250    0.015523    0.056147
3.400    0.016606    0.057588
3.550    0.017883    0.059074
3.700    0.019491    0.060628
3.840    0.021680    0.062293
3.990    0.027116    0.064298
4.140    0.043520    0.067399
4.290    0.042160    0.070298
4.440    0.041901    0.073082
4.580    0.039994    0.075658
4.730    0.055699    0.079132
4.880    0.054688    0.082438
5.030    0.051258    0.085444
5.180    0.061285    0.088934
5.320    0.070677    0.092853
5.470    0.077272    0.097021
5.620    0.080172    0.101229
5.770    0.090920    0.105877
5.910    0.114054    0.111571
6.060    0.130176    0.117907
6.210    0.158098    0.125418
6.360    0.204189    0.134889
6.510    0.308581    0.148872
6.650    0.484427    0.170362
6.800    1.158349    0.220614
6.950    3.507193    0.369480
7.100    4.723574    0.565741
7.250    4.676620    0.756031
7.390    4.604479    0.939837
7.540    4.405445    1.112198
7.690    3.578067    1.249458
7.840    3.989293    1.399566
7.980    3.336646    1.522913
8.130    3.787354    1.660338
8.280    3.188725    1.773946
8.430    3.525731    1.897326
8.580    2.945840    1.998611
8.720    2.771888    2.092384
8.870    2.595531    2.178707
9.020    2.022837    2.244864
9.170    2.237037    2.316830
9.320    1.603519    2.367585
9.460    1.804685    2.423862
9.610    1.428652    2.467718
9.760    1.458150    2.511791
9.910    1.155061    2.546175
10.060    1.214386    2.581786
10.200    0.917967    2.608335
10.350    0.956113    2.635586
10.500    0.715390    2.655685
10.650    0.762822    2.676815
10.790    0.566439    2.692301
10.940    0.553859    2.707236
11.090    0.419118    2.718385
11.240    0.406738    2.729060
11.390    0.322299    2.737408
11.530    0.279139    2.744550
11.680    0.282169    2.751676
11.830    0.246838    2.757832
11.980    0.302710    2.765286
12.130    0.350507    2.773810
12.270    0.466689    2.785030
12.420    0.701916    2.801702
12.570    0.776534    2.819926
12.720    1.384627    2.852038
12.860    1.316218    2.882232
13.010    2.161649    2.931247
13.160    2.013611    2.976385
13.310    2.798416    3.038408
13.460    2.632774    3.096110
13.600    3.447439    3.170889
13.750    2.905000    3.233214
13.900    3.575343    3.309094
14.050    3.816155    3.389220
14.200    4.023355    3.472804
14.340    3.874940    3.552518
14.490    2.864818    3.610843
14.640    2.744341    3.666142
14.790    2.706680    3.720129
14.930    2.380114    3.767157
15.080    2.054539    3.807349
15.230    1.963899    3.845389
15.380    3.588143    3.914212
15.530    3.190675    3.974821
15.670    2.398919    4.019982
15.820    1.892476    4.055272
15.970    1.528711    4.083510
16.120    1.212574    4.105701
16.270    0.988475    4.123623
16.410    0.829712    4.138539
16.560    0.682132    4.150690
16.710    0.474228    4.159063
16.860    0.296036    4.164242
17.010    0.231291    4.168253
17.150    0.195758    4.171621
17.300    0.203131    4.175085
17.450    0.241928    4.179174
17.600    0.334774    4.184786
17.740    0.556244    4.194036
17.890    1.358826    4.216442
18.040    5.711153    4.309834
18.190    7.340711    4.428883
18.340    3.744788    4.489119
18.480    1.910479    4.519616
18.630    0.852904    4.533121
18.780    0.395258    4.539330
18.930    0.221940    4.542789
19.080    0.144544    4.545024
19.220    0.107373    4.546672
19.370    0.083110    4.547937
19.520    0.067028    4.548950
19.670    0.055676    4.549785
19.810    0.047789    4.550497
19.960    0.041284    4.551107
20.110    0.036190    4.551638
20.260    0.032108    4.552106
20.410    0.028776    4.552522
20.550    0.026181    4.552897
20.700    0.023829    4.553237
20.850    0.021829    4.553546
21.000    0.020110    4.553828
21.150    0.018618    4.554088
21.290    0.017395    4.554329
21.440    0.016235    4.554552
21.590    0.015207    4.554760
21.740    0.014290    4.554954
21.880    0.013519    4.555136
22.030    0.012773    4.555307
22.180    0.012097    4.555468
22.330    0.011484    4.555620
22.480    0.010924    4.555763
22.620    0.010444    4.555900
22.770    0.009971    4.556029
22.920    0.009535    4.556152
23.070    0.009132    4.556268
23.220    0.008760    4.556380
23.360    0.008437    4.556486
23.510    0.008114    4.556588
23.660    0.007814    4.556685
23.810    0.007533    4.556779
23.950    0.007288    4.556868
24.100    0.007041    4.556955
24.250    0.006810    4.557038
24.400    0.006593    4.557117
24.550    0.006388    4.557194
24.690    0.006209    4.557268
24.840    0.006027    4.557340
24.990    0.005855    4.557409
25.140    0.005693    4.557476
25.290    0.005540    4.557540
25.430    0.005405    4.557603
25.580    0.005267    4.557664
25.730    0.005137    4.557723
25.880    0.005013    4.557780
26.030    0.004896    4.557835
26.170    0.004792    4.557889
26.320    0.004686    4.557942
26.470    0.004586    4.557993
26.620    0.004490    4.558043
26.760    0.004405    4.558091
26.910    0.004319    4.558139
27.060    0.004237    4.558185
27.210    0.004159    4.558230
27.360    0.004085    4.558274
27.500    0.004020    4.558317
27.650    0.003953    4.558359
27.800    0.003889    4.558400
27.950    0.003829    4.558441
28.100    0.003773    4.558480
28.240    0.003722    4.558519
28.390    0.003671    4.558557
28.540    0.003623    4.558595
28.690    0.003578    4.558632
28.830    0.003538    4.558668
28.980    0.003498    4.558704
29.130    0.003460    4.558739
29.280    0.003425    4.558773
29.430    0.003393    4.558807
29.570    0.003365    4.558841
29.720    0.003337    4.558874
29.870    0.003311    4.558906
30.020    0.003288    4.558939
30.170    0.003267    4.558971
30.310    0.003250    4.559002
30.460    0.003234    4.559034
30.610    0.003220    4.559065
30.760    0.003208    4.559096
30.900    0.003200    4.559126
31.050    0.003193    4.559156
31.200    0.003188    4.559187
31.350    0.003186    4.559217
31.500    0.003186    4.559246
31.640    0.003189    4.559276
31.790    0.003194    4.559306
31.940    0.003203    4.559335
32.090    0.003214    4.559365
32.240    0.003227    4.559394
32.380    0.003243    4.559424
32.530    0.003263    4.559454
32.680    0.003286    4.559483
32.830    0.003313    4.559513
32.970    0.003341    4.559543
33.120    0.003375    4.559573
33.270    0.003413    4.559603
33.420    0.003455    4.559634
33.570    0.003503    4.559664
33.710    0.003551    4.559696
33.860    0.003608    4.559727
34.010    0.003671    4.559759
34.160    0.003740    4.559791
34.310    0.003816    4.559824
34.450    0.003893    4.559857
34.600    0.003984    4.559891
34.750    0.004084    4.559926
34.900    0.004194    4.559961
35.050    0.004314    4.559998
35.190    0.004438    4.560035
35.340    0.004583    4.560073
35.490    0.004744    4.560113
35.640    0.004922    4.560153
35.780    0.005106    4.560195
35.930    0.005325    4.560239
36.080    0.005571    4.560285
36.230    0.005847    4.560332
36.380    0.006159    4.560382
36.520    0.006489    4.560435
36.670    0.006892    4.560490
36.820    0.007358    4.560549
36.970    0.007902    4.560612
37.120    0.008545    4.560680
37.260    0.009260    4.560753
37.410    0.010187    4.560834
37.560    0.011340    4.560923
37.710    0.012813    4.561023
37.850    0.014608    4.561137
38.000    0.017224    4.561270
38.150    0.021021    4.561433
38.300    0.026964    4.561641
38.450    0.037332    4.561927
38.590    0.056618    4.562360
38.740    0.110471    4.563201
38.890    0.353231    4.565881
39.040    1.091513    4.574128
39.190    0.585263    4.578534
39.330    0.214940    4.580146
39.480    0.094652    4.580853
39.630    0.066622    4.581349
39.780    0.062535    4.581813
39.920    0.069975    4.582330
40.070    0.093194    4.583016
40.220    0.157910    4.584175
40.370    0.357135    4.586784
40.520    0.813551    4.592707
40.660    1.557056    4.604004
40.810    2.671326    4.623314
40.960    1.359166    4.633103
41.110    0.597542    4.637391
41.260    0.378130    4.640094
41.400    0.259171    4.641941
41.550    0.169072    4.643142
41.700    0.125170    4.644027
41.850    0.133079    4.644965
41.990    0.211500    4.646451
42.140    0.674429    4.651172
42.290    1.131983    4.659069
42.440    1.073159    4.666528
42.590    0.869833    4.672553
42.730    0.665926    4.677151
42.880    0.504952    4.680624
43.030    0.491887    4.683997
43.180    0.511887    4.687494
43.330    0.529261    4.691097
43.470    0.576215    4.695007
43.620    0.707072    4.699789
43.770    0.730717    4.704714
43.920    1.426578    4.714296
44.070    3.280987    4.736259
44.210    2.761776    4.754687
44.360    1.887791    4.767241
44.510    1.440623    4.776789
44.660    1.553951    4.787054
44.800    1.137569    4.794545
44.950    0.674659    4.798972
45.100    0.254092    4.800634
45.250    0.196595    4.801916
45.400    0.342993    4.804145
45.540    0.896298    4.809951
45.690    0.509432    4.813240
45.840    0.426133    4.815982
45.990    0.336212    4.818139
46.140    0.257528    4.819785
46.280    0.237705    4.821301
46.430    0.288881    4.823136
46.580    0.390975    4.825612
46.730    0.506879    4.828812
46.870    0.493674    4.831919
47.020    0.135073    4.832767
47.170    0.058602    4.833133
47.320    0.036380    4.833360
47.470    0.026383    4.833524
47.610    0.021057    4.833654
47.760    0.017354    4.833762
47.910    0.014778    4.833853
48.060    0.012874    4.833932
48.210    0.011405    4.834001
48.350    0.010303    4.834064
48.500    0.009332    4.834121
48.650    0.008522    4.834173
48.800    0.007835    4.834220
48.940    0.007282    4.834264
49.090    0.006765    4.834305
49.240    0.006311    4.834342
49.390    0.005910    4.834378
49.540    0.005553    4.834411
49.680    0.005253    4.834442
49.830    0.004963    4.834471
49.980    0.004700    4.834499
50.130    0.004461    4.834525
50.280    0.004242    4.834550
50.420    0.004055    4.834574
50.570    0.003870    4.834597
50.720    0.003699    4.834618
50.870    0.003541    4.834639
51.020    0.003395    4.834658
51.160    0.003268    4.834677
51.310    0.003140    4.834695
51.460    0.003021    4.834712
51.610    0.002910    4.834729
51.750    0.002813    4.834745
51.900    0.002714    4.834761
52.050    0.002622    4.834775
52.200    0.002535    4.834790
52.350    0.002453    4.834804
52.490    0.002380    4.834817
52.640    0.002306    4.834830
52.790    0.002237    4.834842
52.940    0.002170    4.834854
53.090    0.002108    4.834866
53.230    0.002052    4.834878
53.380    0.001995    4.834889
53.530    0.001941    4.834899
53.680    0.001889    4.834910
53.820    0.001843    4.834920
53.970    0.001795    4.834930
54.120    0.001750    4.834939
54.270    0.001707    4.834948
54.420    0.001666    4.834957
54.560    0.001628    4.834966
54.710    0.001590    4.834975
54.860    0.001554    4.834983
55.010    0.001519    4.834991
55.160    0.001485    4.834999
55.300    0.001454    4.835007
55.450    0.001423    4.835015
55.600    0.001393    4.835022
55.750    0.001364    4.835029
55.890    0.001338    4.835036
56.040    0.001311    4.835043
56.190    0.001285    4.835050
56.340    0.001259    4.835056
56.490    0.001235    4.835063
56.630    0.001213    4.835069
56.780    0.001190    4.835075
56.930    0.001168    4.835081
57.080    0.001147    4.835087
57.230    0.001126    4.835093
57.370    0.001107    4.835099
57.520    0.001088    4.835104
57.670    0.001069    4.835110
57.820    0.001051    4.835115
57.960    0.001034    4.835121
58.110    0.001017    4.835126
58.260    0.001000    4.835131
58.410    0.000984    4.835136
58.560    0.000968    4.835141
58.700    0.000954    4.835145
58.850    0.000939    4.835150
59.000    0.000924    4.835155
