0.000    0.001840    0.000000
0.150    0.001947    0.003829
0.300    0.002104    0.005898
0.440    0.002354    0.007476
0.590    0.002177    0.008565
0.740    0.001904    0.009324
0.890    0.001835    0.009932
1.040    0.002109    0.010530
1.180    0.002644    0.011191
1.330    0.003095    0.011878
1.480    0.003360    0.012547
1.630    0.003521    0.013184
1.770    0.003649    0.013793
1.920    0.003983    0.014405
2.070    0.004357    0.015026
2.220    0.004137    0.015575
2.370    0.004082    0.016083
2.510    0.004185    0.016575
2.660    0.003928    0.017011
2.810    0.004039    0.017435
2.960    0.004185    0.017852
3.110    0.004347    0.018264
3.250    0.004521    0.018675
3.400    0.004742    0.019086
3.550    0.005020    0.019503
3.700    0.005407    0.019934
3.840    0.005985    0.020394
3.990    0.007303    0.020934
4.140    0.012418    0.021819
4.290    0.026405    0.023635
4.440    0.020480    0.024995
4.580    0.020783    0.026334
4.730    0.017074    0.027399
4.880    0.030536    0.029245
5.030    0.026007    0.030770
5.180    0.018589    0.031829
5.320    0.023924    0.033155
5.470    0.029625    0.034753
5.620    0.027075    0.036174
5.770    0.021589    0.037278
5.910    0.022906    0.038421
6.060    0.030673    0.039914
6.210    0.026079    0.041153
6.360    0.024467    0.042288
6.510    0.020908    0.043236
6.650    0.034496    0.044766
6.800    0.025719    0.045882
6.950    0.024849    0.046936
7.100    0.027491    0.048079
7.250    0.035561    0.049526
7.390    0.030977    0.050762
7.540    0.029170    0.051903
7.690    0.040024    0.053439
7.840    0.039953    0.054942
7.980    0.041607    0.056480
8.130    0.034346    0.057727
8.280    0.037806    0.059073
8.430    0.036517    0.060351
8.580    0.030690    0.061407
8.720    0.027747    0.062345
8.870    0.027372    0.063256
9.020    0.027524    0.064156
9.170    0.026890    0.065021
9.320    0.028476    0.065922
9.460    0.030477    0.066873
9.610    0.033288    0.067894
9.760    0.036849    0.069008
9.910    0.041285    0.070237
10.060    0.046823    0.071610
10.200    0.053333    0.073153
10.350    0.062331    0.074929
10.500    0.074437    0.077021
10.650    0.091511    0.079555
10.790    0.114990    0.082699
10.940    0.155868    0.086902
11.090    0.234070    0.093129
11.240    0.436701    0.104590
11.390    1.374926    0.140201
11.530    2.480384    0.203662
11.680    2.864766    0.276017
11.830    3.465008    0.362423
11.980    3.173060    0.440557
12.130    3.286080    0.520474
12.270    3.032455    0.593382
12.420    3.033831    0.665441
12.570    3.439782    0.746168
12.720    3.152656    0.819284
12.860    3.024006    0.888653
13.010    2.727612    0.950501
13.160    2.220874    1.000285
13.310    1.793341    1.040032
13.460    1.209965    1.066551
13.600    1.796606    1.105521
13.750    1.604560    1.139946
13.900    1.313769    1.167829
14.050    1.565367    1.200696
14.200    2.033610    1.242943
14.340    2.003310    1.284155
14.490    2.137064    1.327663
14.640    2.795084    1.383985
14.790    3.011419    1.444050
14.930    2.745707    1.498302
15.080    3.373427    1.564295
15.230    3.048803    1.623349
15.380    2.885243    1.678690
15.530    2.950288    1.734732
15.670    3.313625    1.797114
15.820    3.042069    1.853840
15.970    3.374951    1.916183
16.120    3.037753    1.971774
16.270    2.865280    2.023726
16.410    2.317816    2.065393
16.560    2.402405    2.108190
16.710    3.641028    2.172469
16.860    3.476961    2.233305
17.010    2.061253    2.269053
17.150    1.325207    2.291848
17.300    1.485436    2.317178
17.450    0.936809    2.333015
17.600    0.590069    2.342905
17.740    0.754206    2.355447
17.890    0.573247    2.364900
18.040    0.296319    2.369745
18.190    0.289291    2.374437
18.340    0.176966    2.377283
18.480    0.120454    2.379206
18.630    0.112712    2.380991
18.780    0.129823    2.383030
18.930    0.183189    2.385885
19.080    0.299809    2.390520
19.220    0.502129    2.398227
19.370    0.874116    2.411540
19.520    1.449843    2.433451
19.670    1.863049    2.461392
19.810    1.768980    2.487735
19.960    1.708187    2.512981
20.110    1.295296    2.531982
20.260    1.309665    2.551052
20.410    0.920537    2.564357
20.550    0.909547    2.577414
20.700    0.749037    2.588088
20.850    0.667729    2.597536
21.000    0.713873    2.607564
21.150    0.549616    2.615230
21.290    0.495758    2.622099
21.440    0.428629    2.627997
21.590    0.428320    2.633850
21.740    0.510938    2.640783
21.880    0.195097    2.643413
22.030    0.263768    2.646945
22.180    0.491381    2.653481
22.330    0.261287    2.656933
22.480    0.521294    2.663773
22.620    0.177479    2.666088
22.770    0.096110    2.667333
22.920    0.124156    2.668931
23.070    0.456554    2.674769
23.220    0.270256    2.678203
23.360    0.095391    2.679407
23.510    0.109027    2.680775
23.660    0.078831    2.681758
23.810    0.033885    2.682178
23.950    0.023859    2.682472
24.100    0.019021    2.682705
24.250    0.016198    2.682902
24.400    0.014285    2.683075
24.550    0.012872    2.683229
24.690    0.011835    2.683371
24.840    0.010930    2.683500
24.990    0.010176    2.683621
25.140    0.009536    2.683732
25.290    0.008983    2.683837
25.430    0.008530    2.683936
25.580    0.008098    2.684030
25.730    0.007712    2.684118
25.880    0.007366    2.684202
26.030    0.007053    2.684282
26.170    0.006786    2.684358
26.320    0.006524    2.684432
26.470    0.006283    2.684502
26.620    0.006062    2.684569
26.760    0.005870    2.684633
26.910    0.005680    2.684696
27.060    0.005503    2.684756
27.210    0.005339    2.684814
27.360    0.005186    2.684870
27.500    0.005052    2.684924
27.650    0.004918    2.684976
27.800    0.004792    2.685027
27.950    0.004674    2.685076
28.100    0.004564    2.685124
28.240    0.004467    2.685171
28.390    0.004370    2.685216
28.540    0.004278    2.685261
28.690    0.004192    2.685304
28.830    0.004117    2.685346
28.980    0.004041    2.685387
29.130    0.003970    2.685427
29.280    0.003903    2.685466
29.430    0.003840    2.685505
29.570    0.003786    2.685543
29.720    0.003731    2.685580
29.870    0.003680    2.685616
30.020    0.003633    2.685652
30.170    0.003589    2.685687
30.310    0.003551    2.685721
30.460    0.003513    2.685755
30.610    0.003479    2.685789
30.760    0.003448    2.685822
30.900    0.003422    2.685855
31.050    0.003397    2.685887
31.200    0.003375    2.685919
31.350    0.003356    2.685950
31.500    0.003340    2.685982
31.640    0.003327    2.686013
31.790    0.003317    2.686044
31.940    0.003310    2.686074
32.090    0.003305    2.686105
32.240    0.003304    2.686135
32.380    0.003306    2.686165
32.530    0.003311    2.686195
32.680    0.003320    2.686225
32.830    0.003332    2.686255
32.970    0.003346    2.686285
33.120    0.003365    2.686315
33.270    0.003388    2.686345
33.420    0.003415    2.686375
33.570    0.003446    2.686405
33.710    0.003479    2.686436
33.860    0.003519    2.686466
34.010    0.003564    2.686497
34.160    0.003615    2.686528
34.310    0.003671    2.686560
34.450    0.003730    2.686592
34.600    0.003799    2.686624
34.750    0.003875    2.686657
34.900    0.003960    2.686691
35.050    0.004054    2.686725
35.190    0.004150    2.686760
35.340    0.004263    2.686795
35.490    0.004389    2.686832
35.640    0.004527    2.686869
35.780    0.004671    2.686908
35.930    0.004841    2.686947
36.080    0.005030    2.686988
36.230    0.005242    2.687031
36.380    0.005480    2.687076
36.520    0.005729    2.687122
36.670    0.006030    2.687170
36.820    0.006374    2.687221
36.970    0.006769    2.687275
37.120    0.007227    2.687333
37.260    0.007724    2.687394
37.410    0.008351    2.687460
37.560    0.009105    2.687531
37.710    0.010026    2.687610
37.850    0.011091    2.687696
38.000    0.012541    2.687794
38.150    0.014460    2.687905
38.300    0.017110    2.688037
38.450    0.020985    2.688198
38.590    0.026591    2.688402
38.740    0.036942    2.688683
38.890    0.058273    2.689125
39.040    0.116253    2.690003
39.190    0.384183    2.692895
39.330    1.200980    2.701903
39.480    0.508266    2.705701
39.630    0.209634    2.707262
39.780    0.091215    2.707938
39.920    0.065999    2.708426
40.070    0.062854    2.708889
40.220    0.075019    2.709439
40.370    0.117708    2.710299
40.520    0.247066    2.712098
40.660    0.496657    2.715701
40.810    0.859006    2.721910
40.960    1.264032    2.731014
41.110    1.483758    2.741661
41.260    1.320046    2.751100
41.400    1.018271    2.758355
41.550    0.716043    2.763439
41.700    0.470562    2.766768
41.850    0.320425    2.769027
41.990    0.168075    2.770208
42.140    0.137358    2.771169
42.290    0.187432    2.772477
42.440    0.447084    2.775584
42.590    1.712166    2.787444
42.730    1.293487    2.796374
42.880    0.584458    2.800394
43.030    0.426370    2.803318
43.180    0.366802    2.805823
43.330    0.333729    2.808096
43.470    0.338978    2.810396
43.620    0.362129    2.812845
43.770    0.444874    2.815843
43.920    0.614525    2.819971
44.070    0.673066    2.824476
44.210    0.778002    2.829668
44.360    0.857672    2.835371
44.510    1.498603    2.845304
44.660    3.088025    2.865702
44.800    3.183367    2.886663
44.950    2.283685    2.901651
45.100    1.486620    2.911375
45.250    0.868556    2.917037
45.400    0.650455    2.921264
45.540    0.495451    2.924473
45.690    0.572570    2.928170
45.840    0.536086    2.931620
45.990    0.744253    2.936394
46.140    0.544462    2.939875
46.280    0.432285    2.942631
46.430    0.286517    2.944451
46.580    0.290271    2.946289
46.730    0.363889    2.948587
46.870    0.504495    2.951762
47.020    0.486714    2.954815
47.170    0.133161    2.955648
47.320    0.061890    2.956034
47.470    0.042965    2.956301
47.610    0.049955    2.956611
47.760    0.029467    2.956793
47.910    0.020671    2.956920
48.060    0.016892    2.957024
48.210    0.014470    2.957112
48.350    0.012802    2.957190
48.500    0.011400    2.957260
48.650    0.010271    2.957322
48.800    0.009338    2.957378
48.940    0.008599    2.957430
49.090    0.007919    2.957478
49.240    0.007331    2.957522
49.390    0.006817    2.957562
49.540    0.006364    2.957600
49.680    0.005987    2.957636
49.830    0.005624    2.957669
49.980    0.005299    2.957700
50.130    0.005005    2.957730
50.280    0.004738    2.957758
50.420    0.004510    2.957784
50.570    0.004287    2.957809
50.720    0.004082    2.957833
50.870    0.003893    2.957855
51.020    0.003719    2.957877
51.160    0.003569    2.957897
51.310    0.003418    2.957917
51.460    0.003279    2.957936
51.610    0.003149    2.957954
51.750    0.003035    2.957971
51.900    0.002921    2.957988
52.050    0.002814    2.958004
52.200    0.002714    2.958019
52.350    0.002619    2.958034
52.490    0.002536    2.958048
52.640    0.002452    2.958062
52.790    0.002372    2.958075
52.940    0.002297    2.958088
53.090    0.002226    2.958100
53.230    0.002163    2.958112
53.380    0.002099    2.958124
53.530    0.002038    2.958135
53.680    0.001980    2.958146
53.820    0.001928    2.958157
53.970    0.001875    2.958167
54.120    0.001825    2.958177
54.270    0.001777    2.958186
54.420    0.001731    2.958196
54.560    0.001690    2.958205
54.710    0.001648    2.958214
54.860    0.001608    2.958222
55.010    0.001569    2.958231
55.160    0.001532    2.958239
55.300    0.001498    2.958247
55.450    0.001464    2.958255
55.600    0.001431    2.958262
55.750    0.001399    2.958270
55.890    0.001371    2.958277
56.040    0.001341    2.958284
56.190    0.001313    2.958291
56.340    0.001286    2.958298
56.490    0.001259    2.958304
56.630    0.001235    2.958311
56.780    0.001211    2.958317
56.930    0.001187    2.958323
57.080    0.001164    2.958329
57.230    0.001142    2.958335
57.370    0.001122    2.958341
57.520    0.001101    2.958347
57.670    0.001080    2.958352
57.820    0.001061    2.958357
57.960    0.001043    2.958363
58.110    0.001025    2.958368
58.260    0.001007    2.958373
58.410    0.000989    2.958378
58.560    0.000973    2.958383
58.700    0.000957    2.958388
58.850    0.000941    2.958393
59.000    0.000926    2.958397
