0.000    0.000019    0.000000
0.150    0.000681    0.001340
0.300    0.001351    0.002668
0.440    0.002021    0.004023
0.590    0.002693    0.005370
0.740    0.003367    0.006712
0.890    0.004045    0.008053
1.040    0.005766    0.009689
1.180    0.008795    0.011887
1.330    0.011532    0.014445
1.480    0.013626    0.017161
1.630    0.015335    0.019936
1.770    0.016948    0.022761
1.920    0.019288    0.025724
2.070    0.022074    0.028870
2.220    0.023536    0.031998
2.370    0.025194    0.035134
2.510    0.026957    0.038302
2.660    0.028126    0.041421
2.810    0.029938    0.044564
2.960    0.031819    0.047735
3.110    0.033754    0.050937
3.250    0.035722    0.054180
3.400    0.037785    0.057458
3.550    0.039930    0.060776
3.700    0.042180    0.064139
3.840    0.044533    0.067560
3.990    0.047275    0.071056
4.140    0.052079    0.074767
4.290    0.084580    0.080583
4.440    0.065007    0.084902
4.580    0.070494    0.089442
4.730    0.065228    0.093511
4.880    0.093607    0.099169
5.030    0.084960    0.104152
5.180    0.074798    0.108412
5.320    0.089049    0.113349
5.470    0.100745    0.118783
5.620    0.097411    0.123896
5.770    0.093790    0.128691
5.910    0.100850    0.133725
6.060    0.116975    0.139419
6.210    0.114170    0.144843
6.360    0.115671    0.150208
6.510    0.112901    0.155324
6.650    0.139490    0.161512
6.800    0.130051    0.167154
6.950    0.134563    0.172866
7.100    0.142097    0.178770
7.250    0.158784    0.185231
7.390    0.157112    0.191502
7.540    0.163720    0.197908
7.690    0.184439    0.204983
7.840    0.191408    0.212185
7.980    0.203809    0.219720
8.130    0.204057    0.227124
8.280    0.217104    0.234859
8.430    0.227002    0.242803
8.580    0.232488    0.250796
8.720    0.240718    0.258940
8.870    0.254590    0.267407
9.020    0.269387    0.276217
9.170    0.284628    0.285374
9.320    0.303487    0.294980
9.460    0.323051    0.305054
9.610    0.345891    0.315672
9.760    0.370989    0.326885
9.910    0.398448    0.338746
10.060    0.428366    0.351307
10.200    0.458697    0.364574
10.350    0.493547    0.378641
10.500    0.530909    0.393557
10.650    0.570689    0.409365
10.790    0.609345    0.426024
10.940    0.652303    0.443614
11.090    0.695862    0.462124
11.240    0.739179    0.481524
11.390    0.782978    0.501803
11.530    0.818350    0.522741
11.680    0.858317    0.544420
11.830    0.891410    0.566648
11.980    0.923212    0.589382
12.130    0.953370    0.612568
12.270    0.971467    0.635924
12.420    0.997832    0.659625
12.570    1.016834    0.683488
12.720    1.039103    0.707587
12.860    1.064831    0.732013
13.010    1.081663    0.756540
13.160    1.116915    0.781577
13.310    1.146303    0.806984
13.460    1.189954    0.833064
13.600    1.242523    0.860015
13.750    1.286278    0.887612
13.900    1.359645    0.916468
14.050    1.418897    0.946260
14.200    1.494996    0.977318
14.340    1.577023    1.009760
14.490    1.627494    1.042894
14.640    1.701375    1.077177
14.790    1.756964    1.112221
14.930    1.781725    1.147426
15.080    1.827696    1.183180
15.230    1.891195    1.219812
15.380    1.974068    1.257676
15.530    2.049296    1.296603
15.670    2.108425    1.336296
15.820    2.143368    1.376264
15.970    2.173157    1.416407
16.120    2.152057    1.455790
16.270    2.088512    1.493658
16.410    2.032057    1.530188
16.560    1.987601    1.565595
16.710    1.940819    1.599859
16.860    1.889461    1.632918
17.010    1.781169    1.663809
17.150    1.628020    1.691813
17.300    1.446561    1.716479
17.450    1.282394    1.738159
17.600    1.164155    1.757672
17.740    1.077265    1.775586
17.890    1.000622    1.792086
18.040    0.938940    1.807440
18.190    0.884872    1.821790
18.340    0.838468    1.835277
18.480    0.802596    1.848089
18.630    0.771482    1.860305
18.780    0.747788    1.872052
18.930    0.730671    1.883438
19.080    0.718636    1.894549
19.220    0.710153    1.905449
19.370    0.701668    1.916135
19.520    0.691614    1.926587
19.670    0.678342    1.936761
19.810    0.662378    1.946625
19.960    0.641834    1.956111
20.110    0.618474    1.965183
20.260    0.593328    1.973822
20.410    0.567366    1.982023
20.550    0.543060    1.989819
20.700    0.517580    1.997195
20.850    0.493020    2.004170
21.000    0.469632    2.010768
21.150    0.447550    2.017010
21.290    0.428172    2.022943
21.440    0.408728    2.028567
21.590    0.390612    2.033904
21.740    0.373766    2.038976
21.880    0.359142    2.043818
22.030    0.344545    2.048432
22.180    0.330990    2.052834
22.330    0.318392    2.057040
22.480    0.306666    2.061065
22.620    0.296451    2.064931
22.770    0.286155    2.068638
22.920    0.276460    2.072196
23.070    0.267264    2.075614
23.220    0.258460    2.078898
23.360    0.250525    2.082061
23.510    0.242156    2.085100
23.660    0.233841    2.088015
23.810    0.225472    2.090809
23.950    0.217570    2.093489
24.100    0.208882    2.096046
24.250    0.199996    2.098479
24.400    0.190955    2.100787
24.550    0.181849    2.102972
24.690    0.173446    2.105045
24.840    0.164566    2.106999
24.990    0.155976    2.108840
25.140    0.147770    2.110574
25.290    0.140010    2.112208
25.430    0.133245    2.113753
25.580    0.126417    2.115211
25.730    0.120070    2.116588
25.880    0.114185    2.117889
26.030    0.108735    2.119122
26.170    0.104054    2.120295
26.320    0.099358    2.121408
26.470    0.095007    2.122467
26.620    0.090974    2.123475
26.760    0.087503    2.124440
26.910    0.084004    2.125361
27.060    0.080748    2.126241
27.210    0.077714    2.127084
27.360    0.074882    2.127891
27.500    0.072433    2.128668
27.650    0.069944    2.129414
27.800    0.067614    2.130132
27.950    0.065428    2.130822
28.100    0.063375    2.131488
28.240    0.061593    2.132131
28.390    0.059771    2.132752
28.540    0.058055    2.133352
28.690    0.056438    2.133933
28.830    0.055032    2.134496
28.980    0.053588    2.135041
29.130    0.052226    2.135570
29.280    0.050940    2.136083
29.430    0.049725    2.136582
29.570    0.048668    2.137067
29.720    0.047580    2.137539
29.870    0.046552    2.137999
30.020    0.045581    2.138447
30.170    0.044665    2.138884
30.310    0.043870    2.139311
30.460    0.043051    2.139728
30.610    0.042279    2.140135
30.760    0.041553    2.140534
30.900    0.040927    2.140924
31.050    0.040283    2.141307
31.200    0.039679    2.141682
31.350    0.039115    2.142050
31.500    0.038589    2.142412
31.640    0.038144    2.142767
31.790    0.037689    2.143117
31.940    0.037269    2.143461
32.090    0.036885    2.143800
32.240    0.036535    2.144135
32.380    0.036250    2.144465
32.530    0.035966    2.144791
32.680    0.035716    2.145114
32.830    0.035499    2.145433
32.970    0.035338    2.145749
33.120    0.035188    2.146062
33.270    0.035072    2.146373
33.420    0.034992    2.146682
33.570    0.034948    2.146989
33.710    0.034950    2.147295
33.860    0.034978    2.147600
34.010    0.035046    2.147904
34.160    0.035156    2.148207
34.310    0.035308    2.148511
34.450    0.035499    2.148815
34.600    0.035741    2.149120
34.750    0.036033    2.149426
34.900    0.036378    2.149733
35.050    0.036781    2.150043
35.190    0.037222    2.150355
35.340    0.037749    2.150670
35.490    0.038349    2.150989
35.640    0.039028    2.151312
35.780    0.039750    2.151639
35.930    0.040607    2.151973
36.080    0.041572    2.152313
36.230    0.042657    2.152660
36.380    0.043879    2.153016
36.520    0.045170    2.153381
36.670    0.046715    2.153756
36.820    0.048467    2.154145
36.970    0.050462    2.154547
37.120    0.052746    2.154967
37.260    0.055200    2.155404
37.410    0.058224    2.155863
37.560    0.061767    2.156348
37.710    0.065964    2.156864
37.850    0.070650    2.157415
38.000    0.076719    2.158010
38.150    0.084263    2.158662
38.300    0.093859    2.159385
38.450    0.106395    2.160201
38.590    0.121993    2.161134
38.740    0.144923    2.162237
38.890    0.177514    2.163584
39.040    0.223669    2.165274
39.190    0.283518    2.167408
39.330    0.337965    2.169943
39.480    0.365380    2.172673
39.630    0.357226    2.175332
39.780    0.337546    2.177835
39.920    0.315186    2.180164
40.070    0.297913    2.182358
40.220    0.304390    2.184590
40.370    0.342026    2.187090
40.520    0.418455    2.190136
40.660    0.512961    2.193858
40.810    0.602451    2.198213
40.960    0.674078    2.203068
41.110    0.729367    2.208301
41.260    0.745577    2.213632
41.400    0.716740    2.218739
41.550    0.664681    2.223458
41.700    0.619768    2.227843
41.850    0.596183    2.232045
41.990    0.595731    2.236231
42.140    0.607737    2.240485
42.290    0.614870    2.244774
42.440    0.632218    2.249169
42.590    0.668661    2.253800
42.730    0.690485    2.258567
42.880    0.666843    2.263155
43.030    0.608264    2.267325
43.180    0.553152    2.271104
43.330    0.518690    2.274635
43.470    0.507852    2.278082
43.620    0.524865    2.281631
43.770    0.585872    2.285580
43.920    0.674115    2.290108
44.070    0.733055    2.295015
44.210    0.815460    2.300456
44.360    0.848052    2.306096
44.510    0.928236    2.312248
44.660    0.979776    2.318720
44.800    0.959702    2.325039
44.950    0.941038    2.331215
45.100    0.879866    2.336970
45.250    0.798895    2.342179
45.400    0.734279    2.346950
45.540    0.705026    2.351517
45.690    0.695904    2.356010
45.840    0.685657    2.360423
45.990    0.677683    2.364770
46.140    0.681062    2.369124
46.280    0.727653    2.373762
46.430    0.651411    2.377901
46.580    0.542821    2.381339
46.730    0.515257    2.384592
46.870    0.511006    2.387808
47.020    0.482709    2.390836
47.170    0.402125    2.393351
47.320    0.306948    2.395265
47.470    0.240061    2.396757
47.610    0.202654    2.398012
47.760    0.174204    2.399088
47.910    0.154030    2.400037
48.060    0.137626    2.400882
48.210    0.123531    2.401637
48.350    0.112116    2.402321
48.500    0.101544    2.402939
48.650    0.092508    2.403500
48.800    0.084762    2.404012
48.940    0.078506    2.404486
49.090    0.072628    2.404922
49.240    0.067468    2.405326
49.390    0.062903    2.405702
49.540    0.058837    2.406052
49.680    0.055434    2.406382
49.830    0.052128    2.406690
49.980    0.049136    2.406980
50.130    0.046418    2.407253
50.280    0.043938    2.407511
50.420    0.041822    2.407756
50.570    0.039726    2.407988
50.720    0.037797    2.408207
50.870    0.036016    2.408416
51.020    0.034368    2.408615
51.160    0.032944    2.408805
51.310    0.031516    2.408986
51.460    0.030186    2.409159
51.610    0.028945    2.409325
51.750    0.027865    2.409483
51.900    0.026773    2.409636
52.050    0.025750    2.409782
52.200    0.024789    2.409922
52.350    0.023885    2.410056
52.490    0.023092    2.410186
52.640    0.022285    2.410311
52.790    0.021523    2.410431
52.940    0.020802    2.410547
53.090    0.020120    2.410659
53.230    0.019519    2.410767
53.380    0.018903    2.410872
53.530    0.018318    2.410973
53.680    0.017762    2.411070
53.820    0.017270    2.411165
53.970    0.016764    2.411256
54.120    0.016282    2.411345
54.270    0.015822    2.411431
54.420    0.015382    2.411515
54.560    0.014992    2.411596
54.710    0.014589    2.411674
54.860    0.014203    2.411751
55.010    0.013833    2.411825
55.160    0.013479    2.411897
55.300    0.013163    2.411967
55.450    0.012836    2.412035
55.600    0.012522    2.412102
55.750    0.012220    2.412167
55.890    0.011950    2.412230
56.040    0.011669    2.412291
56.190    0.011399    2.412351
56.340    0.011139    2.412409
56.490    0.010889    2.412466
56.630    0.010664    2.412522
56.780    0.010430    2.412576
56.930    0.010205    2.412629
57.080    0.009987    2.412680
57.230    0.009776    2.412731
57.370    0.009587    2.412780
57.520    0.009389    2.412828
57.670    0.009198    2.412875
57.820    0.009013    2.412921
57.960    0.008847    2.412966
58.110    0.008673    2.413010
58.260    0.008505    2.413053
58.410    0.008341    2.413095
58.560    0.008183    2.413137
58.700    0.008040    2.413177
58.850    0.007890    2.413217
59.000    0.007745    2.413255
