-0.094  0.000000
-0.093  0.179464
-0.092  0.177199
-0.091  0.170608
-0.090  0.177766
-0.089  0.173602
-0.088  0.175991
-0.087  0.176501
-0.086  0.174638
-0.085  0.176836
-0.084  0.176986
-0.083  0.176529
-0.082  0.177111
-0.081  0.177940
-0.080  0.178436
-0.079  0.178254
-0.078  0.178513
-0.077  0.180328
-0.076  0.179576
-0.075  0.180915
-0.074  0.180021
-0.073  0.180751
-0.072  0.181084
-0.071  0.181458
-0.070  0.182513
-0.069  0.182122
-0.068  0.182559
-0.067  0.183332
-0.066  0.183114
-0.065  0.183938
-0.064  0.185034
-0.063  0.184333
-0.062  0.185021
-0.061  0.185162
-0.060  0.185368
-0.059  0.186099
-0.058  0.187089
-0.057  0.186939
-0.056  0.187183
-0.055  0.187729
-0.054  0.187689
-0.053  0.188221
-0.052  0.188963
-0.051  0.189849
-0.050  0.189722
-0.049  0.190094
-0.048  0.190157
-0.047  0.190465
-0.046  0.190987
-0.045  0.191689
-0.044  0.192448
-0.043  0.192692
-0.042  0.192923
-0.041  0.193072
-0.040  0.193239
-0.039  0.193768
-0.038  0.194355
-0.037  0.195037
-0.036  0.195771
-0.035  0.195985
-0.034  0.196266
-0.033  0.196269
-0.032  0.196640
-0.031  0.197076
-0.030  0.197697
-0.029  0.198326
-0.028  0.199014
-0.027  0.199680
-0.026  0.199676
-0.025  0.199706
-0.024  0.200044
-0.023  1.108407
-0.022  1.138925
-0.021  1.145539
-0.020  1.151779
-0.019  1.144476
-0.018  1.153159
-0.017  1.150796
-0.016  1.154874
-0.015  1.161377
-0.014  1.163500
-0.013  1.167446
-0.012  1.167784
-0.011  1.167947
-0.010  1.171781
-0.009  1.175724
-0.008  1.177926
-0.007  1.178093
-0.006  1.183111
-0.005  1.185996
-0.004  1.189643
-0.003  1.188668
-0.002  1.192946
-0.001  1.195641
 0.000  1.198371
 0.001  1.199983
 0.002  1.203825
 0.003  1.205264
 0.004  1.207147
 0.005  1.212236
 0.006  1.215727
 0.007  1.216432
 0.008  1.217503
 0.009  1.221605
 0.010  1.227131
 0.011  1.229916
 0.012  1.228759
 0.013  1.231346
 0.014  1.235588
 0.015  1.240958
 0.016  1.245393
 0.017  1.243534
 0.018  1.246143
 0.019  1.250299
 0.020  1.255237
 0.021  1.258593
 0.022  1.259427
 0.023  1.261710
 0.024  1.264998
 0.025  1.269269
 0.026  1.273441
 0.027  1.274450
 0.028  1.277641
 0.029  1.281789
 0.030  1.284796
 0.031  1.288362
 0.032  1.291588
 0.033  1.293151
 0.034  1.296642
 0.035  1.300744
 0.036  1.305033
 0.037  1.308255
 0.038  1.311226
 0.039  1.313084
 0.040  1.316594
 0.041  1.320675
 0.042  1.324868
 0.043  1.329317
 0.044  1.332847
 0.045  1.334290
 0.046  1.337434
 0.047  1.341321
 0.048  1.345572
 0.049  1.350024
 0.050  1.354645
 0.051  1.357220
 0.052  1.360137
 0.053  1.363777
 0.054  1.367759
 0.055  1.371977
 0.056  1.376406
 0.057  1.380381
 0.058  1.383654
 0.059  1.387768
 0.060  1.392105
 0.061  1.395556
 0.062  1.399750
 0.063  1.404133
 0.064  1.408977
 0.065  1.412315
 0.066  1.416351
 0.067  1.420690
 0.068  1.425139
 0.069  1.430093
 0.070  1.435146
 0.071  1.439404
 0.072  1.442714
 0.073  1.446704
 0.074  1.450934
 0.075  1.457217
 0.076  1.462597
 0.077  1.467815
 0.078  1.472432
 0.079  1.475270
 0.080  1.480403
 0.081  1.485983
 0.082  1.491197
 0.083  1.496334
 0.084  1.501397
 0.085  1.506492
 0.086  1.513446
 0.087  1.517989
 0.088  1.522580
 0.089  1.527434
 0.090  1.532333
 0.091  1.540085
 0.092  1.546774
 0.093  1.552954
 0.094  1.557547
 0.095  1.561958
 0.096  1.569674
 0.097  1.576212
 0.098  1.582263
 0.099  1.588123
 0.100  1.593987
 0.101  1.602842
 0.102  1.609636
 0.103  1.615583
 0.104  1.621530
 0.105  1.627394
 0.106  1.637384
 0.107  1.645332
 0.108  1.652553
 0.109  1.659387
 0.110  1.664771
 0.111  1.675960
 0.112  1.683952
 0.113  1.691198
 0.114  1.698329
 0.115  1.710009
 0.116  1.720535
 0.117  1.729055
 0.118  1.737064
 0.119  1.746287
 0.120  1.757915
 0.121  1.767096
 0.122  1.775473
 0.123  1.787786
 0.124  1.802066
 0.125  1.813062
 0.126  1.823013
 0.127  1.839453
 0.128  1.851196
 0.129  1.861637
 0.130  1.871197
 0.131  1.893690
 0.132  1.907329
 0.133  1.919033
 0.134  1.943086
 0.135  1.960641
 0.136  1.975152
 0.137  1.999788
 0.138  2.018156
 0.139  2.032476
 0.140  2.068329
 0.141  2.088691
 0.142  2.124928
 0.143  2.154356
 0.144  2.191061
 0.145  2.232770
 0.146  2.273561
 0.147  2.322641
 0.148  2.398756
 0.149  2.447229
 0.150  2.568278
 0.151  2.734077
 0.152  3.275264
 0.153  2.894933
 0.154  2.660559
 0.155  2.512499
 0.156  2.424783
 0.157  2.357327
 0.158  2.290696
 0.159  2.250296
 0.160  2.211883
 0.161  2.168215
 0.162  2.139741
 0.163  2.113940
 0.164  2.087955
 0.165  2.055839
 0.166  2.038044
 0.167  2.020456
 0.168  2.002861
 0.169  1.984356
 0.170  1.966257
 0.171  1.953468
 0.172  1.940570
 0.173  1.927312
 0.174  1.912564
 0.175  1.897240
 0.176  1.887831
 0.177  1.878192
 0.178  1.868391
 0.179  1.857895
 0.180  1.845915
 0.181  1.839272
 0.182  1.832358
 0.183  1.824990
 0.184  1.817078
 0.185  1.808058
 0.186  1.798230
 0.187  1.792716
 0.188  1.787145
 0.189  1.781365
 0.190  1.775513
 0.191  1.769787
 0.192  1.762984
 0.193  1.759009
 0.194  1.754773
 0.195  1.750245
 0.196  1.744869
 0.197  1.740098
 0.198  1.734673
 0.199  1.729532
 0.200  1.726432
 0.201  1.723915
 0.202  1.721518
 0.203  1.719047
 0.204  1.715857
 0.205  1.711543
 0.206  1.707547
 0.207  1.704562
 0.208  1.702071
 0.209  1.699772
 0.210  1.697760
 0.211  1.695884
 0.212  1.693316
 0.213  1.691246
 0.214  1.690485
 0.215  1.689399
 0.216  1.688022
 0.217  1.686406
 0.218  1.684265
 0.219  1.682161
 0.220  1.679612
 0.221  1.678968
 0.222  1.678929
 0.223  1.679573
 0.224  1.679952
 0.225  1.679812
 0.226  1.679236
 0.227  1.678280
 0.228  1.675893
 0.229  1.676019
 0.230  1.675434
 0.231  1.676335
 0.232  1.677060
 0.233  1.678944
 0.234  1.679686
 0.235  1.680415
 0.236  1.680109
 0.237  1.680059
 0.238  1.681230
 0.239  1.682229
 0.240  1.682902
 0.241  1.685108
 0.242  1.687011
 0.243  1.688928
 0.244  1.690142
 0.245  1.690756
 0.246  1.692735
 0.247  1.694433
 0.248  1.696863
 0.249  1.698584
 0.250  1.702211
 0.251  1.706405
 0.252  1.709201
 0.253  1.710991
 0.254  1.712296
 0.255  1.714479
 0.256  1.717479
 0.257  1.720816
 0.258  1.724978
 0.259  1.730901
 0.260  1.736004
 0.261  1.739926
 0.262  1.743057
 0.263  1.745767
 0.264  1.749247
 0.265  1.752395
 0.266  1.757159
 0.267  1.765731
 0.268  1.772897
 0.269  1.778713
 0.270  1.783782
 0.271  1.788185
 0.272  1.791854
 0.273  1.796476
 0.274  1.804927
 0.275  1.815307
 0.276  1.824499
 0.277  1.832073
 0.278  1.838729
 0.279  1.844707
 0.280  1.849853
 0.281  1.861541
 0.282  1.874225
 0.283  1.884241
 0.284  1.893201
 0.285  1.902785
 0.286  1.911469
 0.287  1.925708
 0.288  1.944236
 0.289  1.957563
 0.290  1.968944
 0.291  1.978907
 0.292  1.989272
 0.293  2.015276
 0.294  2.036886
 0.295  2.054234
 0.296  2.070075
 0.297  2.084774
 0.298  2.125423
 0.299  2.151932
 0.300  2.173852
 0.301  2.193216
 0.302  2.251591
 0.303  2.292217
 0.304  2.325074
 0.305  2.404826
 0.306  2.474176
 0.307  2.544522
 0.308  2.723601
 0.309  3.070924
 0.310  3.115641
 0.311  2.749347
 0.312  2.591601
 0.313  2.492247
 0.314  2.414599
 0.315  2.357172
 0.316  2.307956
 0.317  2.262849
 0.318  2.227466
 0.319  2.193694
 0.320  2.165864
 0.321  2.138045
 0.322  2.115157
 0.323  2.091516
 0.324  2.073651
 0.325  2.054866
 0.326  2.037052
 0.327  2.020106
 0.328  2.004234
 0.329  1.992358
 0.330  1.978164
 0.331  1.963192
 0.332  1.951841
 0.333  1.939306
 0.334  1.927871
 0.335  1.917964
 0.336  1.908447
 0.337  1.899576
 0.338  1.891767
 0.339  1.883153
 0.340  1.873094
 0.341  1.865182
 0.342  1.856527
 0.343  1.848380
 0.344  1.843826
 0.345  1.839028
 0.346  1.833069
 0.347  1.826328
 0.348  1.820609
 0.349  1.814317
 0.350  1.807862
 0.351  1.802388
 0.352  1.799982
 0.353  1.796414
 0.354  1.792267
 0.355  1.788623
 0.356  1.784585
 0.357  1.780337
 0.358  1.775958
 0.359  1.774281
 0.360  1.773697
 0.361  1.771511
 0.362  1.768581
 0.363  1.765486
 0.364  1.762306
 0.365  1.759408
 0.366  1.758772
 0.367  1.760192
 0.368  1.760372
 0.369  1.759642
 0.370  1.758482
 0.371  1.758010
 0.372  1.756941
 0.373  1.758316
 0.374  1.758173
 0.375  1.759146
 0.376  1.762571
 0.377  1.762963
 0.378  1.763024
 0.379  1.763284
 0.380  1.770203
 0.381  1.774203
 0.382  1.775887
 0.383  1.777289
 0.384  1.781033
 0.385  1.784323
 0.386  1.793621
 0.387  1.798998
 0.388  1.803945
 0.389  1.809153
 0.390  1.816443
 0.391  1.823115
 0.392  1.836474
 0.393  1.845872
 0.394  1.855743
 0.395  1.866467
 0.396  1.874680
 0.397  1.890900
 0.398  1.909504
 0.399  1.928656
 0.400  1.951202
 0.401  1.970515
 0.402  2.000597
 0.403  2.038514
 0.404  2.083338
 0.405  2.138533
 0.406  2.217688
 0.407  2.507063
 0.408  2.369939
 0.409  2.175879
 0.410  2.109692
 0.411  2.086971
 0.412  2.099780
 0.413  2.111300
 0.414  2.131278
 0.415  2.153532
 0.416  2.150992
 0.417  2.146778
 0.418  2.154118
 0.419  2.163308
 0.420  2.189700
 0.421  2.188814
 0.422  2.179745
 0.423  2.189769
 0.424  2.199343
 0.425  2.215367
 0.426  2.220856
 0.427  2.227994
 0.428  2.229229
 0.429  2.235997
 0.430  2.255030
 0.431  2.261794
 0.432  2.269364
 0.433  2.278126
 0.434  2.283525
 0.435  2.304994
 0.436  2.310551
 0.437  2.317184
 0.438  2.325692
 0.439  2.338179
 0.440  2.359111
 0.441  2.364038
 0.442  2.374845
 0.443  2.384869
 0.444  2.399104
 0.445  2.419771
 0.446  2.430300
 0.447  2.440402
 0.448  2.454295
 0.449  2.478509
 0.450  2.488407
 0.451  2.502877
 0.452  2.519978
 0.453  2.543155
 0.454  2.560058
 0.455  2.576458
 0.456  2.594044
 0.457  2.626682
 0.458  2.641194
 0.459  2.661089
 0.460  2.687318
 0.461  2.716409
 0.462  2.741774
 0.463  2.765121
 0.464  2.805624
 0.465  2.834282
 0.466  2.865512
 0.467  2.914369
 0.468  2.947212
 0.469  2.992073
 0.470  3.047253
 0.471  3.097354
 0.472  3.158144
 0.473  3.232161
 0.474  3.314431
 0.475  3.411103
 0.476  3.525105
 0.477  3.685213
 0.478  3.876657
 0.479  4.174189
 0.480  4.743960
 0.481  5.660991
 0.482  4.540834
 0.483  4.261396
 0.484  3.998905
 0.485  0.829234
 0.486  0.835528
 0.487  0.843333
 0.488  0.851193
 0.489  0.858222
 0.490  0.864818
 0.491  0.871263
 0.492  0.879638
 0.493  0.887136
 0.494  0.894179
 0.495  0.900917
 0.496  0.907796
 0.497  0.916497
 0.498  0.924109
 0.499  0.932100
 0.500  0.939446
 0.501  0.947748
 0.502  0.956286
 0.503  0.963966
 0.504  0.971743
 0.505  0.979210
 0.506  0.988451
 0.507  0.996879
 0.508  1.004658
 0.509  1.012021
 0.510  1.020379
 0.511  1.031384
 0.512  1.040353
 0.513  1.048718
 0.514  1.056809
 0.515  1.066731
 0.516  1.077010
 0.517  1.086140
 0.518  1.094714
 0.519  1.103076
 0.520  1.114205
 0.521  1.124837
 0.522  1.134868
 0.523  1.144180
 0.524  1.155368
 0.525  1.166086
 0.526  1.176926
 0.527  1.186932
 0.528  1.197871
 0.529  1.210083
 0.530  1.220700
 0.531  1.232232
 0.532  1.242765
 0.533  1.257489
 0.534  1.269359
 0.535  1.281087
 0.536  1.293319
 0.537  1.308857
 0.538  1.321364
 0.539  1.333109
 0.540  1.348283
 0.541  1.363710
 0.542  1.377062
 0.543  1.389565
 0.544  1.407103
 0.545  1.423801
 0.546  1.438409
 0.547  1.452323
 0.548  1.473387
 0.549  1.490049
 0.550  1.505258
 0.551  1.525403
 0.552  1.545158
 0.553  1.562379
 0.554  1.583771
 0.555  1.604461
 0.556  1.625037
 0.557  1.649019
 0.558  1.670787
 0.559  1.693756
 0.560  1.721338
 0.561  1.744765
 0.562  1.769562
 0.563  1.802113
 0.564  1.827435
 0.565  1.863174
 0.566  1.893405
 0.567  1.928612
 0.568  1.966757
 0.569  1.998293
 0.570  2.047604
 0.571  2.084345
 0.572  2.139711
 0.573  2.188474
 0.574  2.247057
 0.575  2.309306
 0.576  2.373885
 0.577  2.456569
 0.578  2.547253
 0.579  2.655553
 0.580  2.778435
 0.581  2.944041
 0.582  3.174460
 0.583  3.509522
 0.584  4.799901
 0.585  3.629597
 0.586  3.241882
 0.587  3.070266
 0.588  2.906655
 0.589  2.777473
 0.590  2.693321
 0.591  2.607213
 0.592  2.539982
 0.593  2.488581
 0.594  2.430245
 0.595  2.386179
 0.596  2.340372
 0.597  2.305451
 0.598  2.268966
 0.599  2.233892
 0.600  2.209995
 0.601  2.176087
 0.602  2.153327
 0.603  2.130581
 0.604  2.110390
 0.605  2.082264
 0.606  2.060972
 0.607  2.047105
 0.608  2.030923
 0.609  2.007738
 0.610  1.988700
 0.611  1.978065
 0.612  1.966016
 0.613  1.951123
 0.614  1.928311
 0.615  1.919716
 0.616  1.910219
 0.617  1.899390
 0.618  1.885110
 0.619  1.868405
 0.620  1.861095
 0.621  1.853004
 0.622  1.844092
 0.623  1.832559
 0.624  1.822807
 0.625  1.812281
 0.626  1.805617
 0.627  1.797683
 0.628  1.788822
 0.629  1.781710
 0.630  1.772310
 0.631  1.763738
 0.632  1.757006
 0.633  1.750522
 0.634  1.745353
 0.635  1.739432
 0.636  1.731835
 0.637  1.722907
 0.638  1.716972
 0.639  1.712876
 0.640  1.708361
 0.641  1.703206
 0.642  1.696953
 0.643  1.686514
 0.644  1.683939
 0.645  1.680710
 0.646  1.677036
 0.647  1.672832
 0.648  1.667400
 0.649  1.662048
 0.650  1.655180
 0.651  1.652198
 0.652  1.648867
 0.653  1.645156
 0.654  1.640993
 0.655  1.638115
 0.656  1.634495
 0.657  1.628142
 0.658  1.625547
 0.659  1.622407
 0.660  1.619097
 0.661  1.616627
 0.662  1.613887
 0.663  1.610649
 0.664  1.606550
 0.665  1.601783
 0.666  1.599798
 0.667  1.598005
 0.668  1.595975
 0.669  1.593687
 0.670  1.590960
 0.671  1.587086
 0.672  1.583576
 0.673  1.580573
 0.674  1.578908
 0.675  1.577739
 0.676  1.576006
 0.677  1.573441
 0.678  1.571719
 0.679  1.569619
 0.680  1.566556
 0.681  1.563832
 0.682  1.562221
 0.683  1.560065
 0.684  1.558730
 0.685  1.557794
 0.686  1.556511
 0.687  1.554801
 0.688  1.552376
 0.689  1.548856
 0.690  1.547961
 0.691  1.546979
 0.692  1.545857
 0.693  1.544602
 0.694  1.543132
 0.695  1.541586
 0.696  1.540418
 0.697  1.537628
 0.698  1.536936
 0.699  1.536107
 0.700  1.535137
 0.701  1.533743
 0.702  1.532827
 0.703  1.531807
 0.704  1.530565
 0.705  1.529391
 0.706  1.527328
 0.707  1.526388
 0.708  1.525842
 0.709  1.525271
 0.710  1.524593
 0.711  1.523799
 0.712  1.522846
 0.713  1.521568
 0.714  1.520151
 0.715  1.518745
 0.716  1.518577
 0.717  1.518205
 0.718  1.517687
 0.719  1.516969
 0.720  1.516236
 0.721  1.515563
 0.722  1.514718
 0.723  1.513577
 0.724  1.511795
 0.725  1.511680
 0.726  1.511316
 0.727  1.511024
 0.728  1.510628
 0.729  1.510137
 0.730  1.509516
 0.731  1.508734
 0.732  1.507732
 0.733  1.506089
 0.734  1.505665
 0.735  1.505793
 0.736  1.505548
 0.737  1.505130
 0.738  1.504583
 0.739  1.504087
 0.740  1.503486
 0.741  1.502722
 0.742  1.501624
 0.743  1.500466
 0.744  1.500084
 0.745  1.499983
 0.746  1.499689
 0.747  1.499277
 0.748  1.498756
 0.749  1.498117
 0.750  1.497297
 0.751  1.496492
 0.752  1.495138
 0.753  1.494627
 0.754  1.494459
 0.755  1.494044
 0.756  1.493419
 0.757  1.492911
 0.758  1.492307
 0.759  1.491600
 0.760  1.490748
 0.761  1.489614
 0.762  1.488216
 0.763  1.487547
 0.764  1.487361
 0.765  1.486812
 0.766  1.486133
 0.767  1.485287
 0.768  1.484225
 0.769  1.483430
 0.770  1.482509
 0.771  1.481279
 0.772  1.480160
 0.773  1.479421
 0.774  1.478363
 0.775  1.477646
 0.776  1.476830
 0.777  1.475895
 0.778  1.474830
 0.779  1.473552
 0.780  1.471877
 0.781  1.470418
 0.782  1.469486
 0.783  1.468718
 0.784  1.467670
 0.785  1.466391
 0.786  1.464613
 0.787  1.463615
 0.788  1.462506
 0.789  1.461276
 0.790  1.459850
 0.791  1.457991
 0.792  1.455966
 0.793  1.454988
 0.794  1.453876
 0.795  1.452635
 0.796  1.451236
 0.797  1.449593
 0.798  1.447135
 0.799  1.445694
 0.800  1.444335
 0.801  1.442760
 0.802  1.441367
 0.803  1.439715
 0.804  1.437533
 0.805  1.435409
 0.806  1.434157
 0.807  1.432776
 0.808  1.431244
 0.809  1.429478
 0.810  1.427319
 0.811  1.424222
 0.812  1.422984
 0.813  1.421625
 0.814  1.420120
 0.815  1.418430
 0.816  1.416455
 0.817  1.413674
 0.818  1.411433
 0.819  1.410130
 0.820  1.408685
 0.821  1.406901
 0.822  1.405073
 0.823  1.402862
 0.824  1.399232
 0.825  1.398052
 0.826  1.396765
 0.827  1.395355
 0.828  1.393770
 0.829  1.391925
 0.830  1.389557
 0.831  1.385786
 0.832  1.384643
 0.833  1.383405
 0.834  1.382042
 0.835  1.380496
 0.836  1.378716
 0.837  1.376528
 0.838  1.372674
 0.839  1.371752
 0.840  1.370575
 0.841  1.369299
 0.842  1.367917
 0.843  1.366328
 0.844  1.364413
 0.845  1.361592
 0.846  1.359194
 0.847  1.358377
 0.848  1.357470
 0.849  1.356450
 0.850  1.355078
 0.851  1.353543
 0.852  1.351590
 0.853  1.347642
 0.854  1.347071
 0.855  1.346449
 0.856  1.345739
 0.857  1.344926
 0.858  1.343955
 0.859  1.342781
 0.860  1.341033
 0.861  1.337267
 0.862  1.336982
 0.863  1.336639
 0.864  1.336224
 0.865  1.335716
 0.866  1.335089
 0.867  1.334290
 0.868  1.333212
 0.869  1.331408
 0.870  1.329240
 0.871  1.329371
 0.872  1.329368
 0.873  1.329295
 0.874  1.329135
 0.875  1.328861
 0.876  1.328429
 0.877  1.327692
 0.878  1.326052
 0.879  1.324955
 0.880  1.325633
 0.881  1.326230
 0.882  1.326666
 0.883  1.327035
 0.884  1.327323
 0.885  1.327486
 0.886  1.327419
 0.887  1.326787
 0.888  1.325437
 0.889  1.326794
 0.890  1.328258
 0.891  1.329460
 0.892  1.330589
 0.893  1.331677
 0.894  1.332677
 0.895  1.333558
 0.896  1.334233
 0.897  1.334211
 0.898  1.334353
 0.899  1.336933
 0.900  1.339418
 0.901  1.341628
 0.902  1.343785
 0.903  1.345970
 0.904  1.348128
 0.905  1.350219
 0.906  1.352208
 0.907  1.353801
 0.908  1.355310
 0.909  1.359349
 0.910  1.363326
 0.911  1.367144
 0.912  1.370993
 0.913  1.374980
 0.914  1.379031
 0.915  1.383149
 0.916  1.387359
 0.917  1.392611
 0.918  1.397538
 0.919  1.402512
 0.920  1.409035
 0.921  1.415850
 0.922  1.422985
 0.923  1.430390
 0.924  1.438273
 0.925  1.446483
 0.926  1.458081
 0.927  1.468899
 0.928  1.480187
 0.929  1.491971
 0.930  1.503268
 0.931  1.518249
 0.932  1.534661
 0.933  1.555306
 0.934  1.579452
 0.935  1.605619
 0.936  1.636134
 0.937  1.672296
 0.938  1.717595
 0.939  1.776982
 0.940  1.875641
 0.941  2.054994
 0.942  2.353964
 0.943  1.913102
 0.944  1.786152
 0.945  1.704547
 0.946  1.641694
 0.947  1.591538
 0.948  1.544779
 0.949  1.511990
 0.950  1.485499
 0.951  1.452795
 0.952  1.432068
 0.953  1.406408
 0.954  1.383680
 0.955  1.364892
 0.956  1.345034
 0.957  1.330088
 0.958  1.314806
 0.959  1.298710
 0.960  1.286643
 0.961  1.269382
 0.962  1.259966
 0.963  1.247357
 0.964  1.234343
 0.965  1.225661
 0.966  1.211251
 0.967  1.201404
 0.968  1.192256
 0.969  1.181361
 0.970  1.172059
 0.971  1.165413
 0.972  1.156458
 0.973  1.146548
 0.974  1.140597
 0.975  1.133148
 0.976  1.121959
 0.977  1.116385
 0.978  1.110147
 0.979  1.102636
 0.980  1.092947
 0.981  1.086753
 0.982  1.081851
 0.983  1.075228
 0.984  1.067004
 0.985  1.062535
 0.986  1.057431
 0.987  1.051704
 0.988  1.043727
 0.989  1.039491
 0.990  1.035349
 0.991  1.030306
 0.992  1.023917
 0.993  1.017380
 0.994  1.012955
 0.995  1.007358
 0.996  1.002744
 0.997  0.996652
 0.998  0.992525
 0.999  0.989139
 1.000  0.985198
 1.001  0.980730
 1.002  0.975429
 1.003  0.970592
 1.004  0.967125
 1.005  0.963474
 1.006  0.959804
 1.007  0.955261
 1.008  0.949570
 1.009  0.945825
 1.010  0.941664
 1.011  0.938262
 1.012  0.934545
 1.013  0.930098
 1.014  0.926628
 1.015  0.923955
 1.016  0.920821
 1.017  0.917522
 1.018  0.913863
 1.019  0.908852
 1.020  0.905806
 1.021  0.903080
 1.022  0.900640
 1.023  0.897234
 1.024  0.893263
 1.025  0.888404
 1.026  0.884975
 1.027  0.882497
 1.028  0.880034
 1.029  0.877631
 1.030  0.875223
 1.031  0.871928
 1.032  0.867721
 1.033  0.865183
 1.034  0.862693
 1.035  0.860121
 1.036  0.857687
 1.037  0.855224
 1.038  0.851571
 1.039  0.847748
 1.040  0.844839
 1.041  0.842189
 1.042  0.840032
 1.043  0.837840
 1.044  0.836153
 1.045  0.833006
 1.046  0.829539
 1.047  0.827318
 1.048  0.825075
 1.049  0.822847
 1.050  0.820845
 1.051  0.818897
 1.052  0.815977
 1.053  0.812264
 1.054  0.810068
 1.055  0.807822
 1.056  0.805516
 1.057  0.803909
 1.058  0.801826
 1.059  0.799288
 1.060  0.796526
 1.061  0.793639
 1.062  0.791809
 1.063  0.790204
 1.064  0.788889
 1.065  0.786568
 1.066  0.784273
 1.067  0.781930
 1.068  0.779337
 1.069  0.777452
 1.070  0.776328
 1.071  0.773958
 1.072  0.771510
 1.073  0.768932
 1.074  0.766930
 1.075  0.765144
 1.076  0.763648
 1.077  0.760987
 1.078  0.759099
 1.079  0.757341
 1.080  0.755855
 1.081  0.754668
 1.082  0.753369
 1.083  0.750954
 1.084  0.748486
 1.085  0.745691
 1.086  0.744146
 1.087  0.743644
 1.088  0.741373
 1.089  0.739166
 1.090  0.737077
 1.091  0.735869
 1.092  0.734594
 1.093  0.732730
 1.094  0.730078
 1.095  0.728256
 1.096  0.726680
 1.097  0.725908
 1.098  0.724553
 1.099  0.722491
 1.100  0.720779
 1.101  0.719545
 1.102  0.718753
 1.103  0.715942
 1.104  0.713864
 1.105  0.711948
 1.106  0.710554
 1.107  0.709690
 1.108  0.707623
 1.109  0.705933
 1.110  0.704939
 1.111  0.704464
 1.112  0.701496
 1.113  0.699321
 1.114  0.697946
 1.115  0.698301
 1.116  0.695839
 1.117  0.694182
 1.118  0.693473
 1.119  0.693057
 1.120  0.689939
 1.121  0.687038
 1.122  0.686971
 1.123  0.685475
 1.124  0.683239
 1.125  0.683114
 1.126  0.682417
 1.127  0.679319
 1.128  0.677669
 1.129  0.677472
 1.130  0.674845
 1.131  0.675306
 1.132  0.673366
 1.133  0.670183
 1.134  0.671598
 1.135  0.668383
 1.136  0.672574
 1.137  0.665312
 1.138  0.667682
 1.139  0.661404
 1.140  0.664089
 1.141  0.659845
 1.142  0.659054
 1.143  0.652453
 1.144  0.648805
 1.145  0.397240
 1.146  0.396376
 1.147  0.395449
 1.148  0.394491
 1.149  0.393418
 1.150  0.391961
 1.151  0.391184
 1.152  0.390394
 1.153  0.389582
 1.154  0.388763
 1.155  0.387929
 1.156  0.387029
 1.157  0.386109
 1.158  0.385104
 1.159  0.383997
 1.160  0.382660
 1.161  0.381690
 1.162  0.380979
 1.163  0.380262
 1.164  0.379510
 1.165  0.378732
 1.166  0.377952
 1.167  0.377144
 1.168  0.376292
 1.169  0.375391
 1.170  0.374381
 1.171  0.373224
 1.172  0.372520
 1.173  0.371788
 1.174  0.371042
 1.175  0.370284
 1.176  0.369489
 1.177  0.368609
 1.178  0.367725
 1.179  0.366894
 1.180  0.366039
 1.181  0.364774
 1.182  0.364131
 1.183  0.363484
 1.184  0.362832
 1.185  0.362153
 1.186  0.361446
 1.187  0.360736
 1.188  0.360008
 1.189  0.359238
 1.190  0.358440
 1.191  0.357526
 1.192  0.356420
 1.193  0.355771
 1.194  0.355096
 1.195  0.354381
 1.196  0.353637
 1.197  0.353001
 1.198  0.352322
 1.199  0.351633
 1.200  0.350918
 1.201  0.350142
 1.202  0.349266
 1.203  0.348312
 1.204  0.347723
 1.205  0.347130
 1.206  0.346530
 1.207  0.345898
 1.208  0.345250
 1.209  0.344599
 1.210  0.343919
 1.211  0.343209
 1.212  0.342447
 1.213  0.341594
 1.214  0.340585
 1.215  0.340030
 1.216  0.339460
 1.217  0.338883
 1.218  0.338300
 1.219  0.337718
 1.220  0.337096
 1.221  0.336467
 1.222  0.335815
 1.223  0.335109
 1.224  0.334322
 1.225  0.333429
 1.226  0.332889
 1.227  0.332345
 1.228  0.331795
 1.229  0.331221
 1.230  0.330626
 1.231  0.330022
 1.232  0.329371
 1.233  0.328749
 1.234  0.328114
 1.235  0.327383
 1.236  0.326469
 1.237  0.325961
 1.238  0.325445
 1.239  0.324915
 1.240  0.324381
 1.241  0.323847
 1.242  0.323295
 1.243  0.322721
 1.244  0.322144
 1.245  0.321515
 1.246  0.320869
 1.247  0.320072
 1.248  0.319404
 1.249  0.318906
 1.250  0.318400
 1.251  0.317891
 1.252  0.317366
 1.253  0.316834
 1.254  0.316301
 1.255  0.315745
 1.256  0.315172
 1.257  0.314564
 1.258  0.313896
 1.259  0.313110
 1.260  0.312642
 1.261  0.312165
 1.262  0.311678
 1.263  0.311189
 1.264  0.310701
 1.265  0.310192
 1.266  0.309668
 1.267  0.309145
 1.268  0.308571
 1.269  0.307991
 1.270  0.307112
 1.271  0.306658
 1.272  0.306204
 1.273  0.305747
 1.274  0.305285
 1.275  0.304801
 1.276  0.304311
 1.277  0.303822
 1.278  0.303313
 1.279  0.302789
 1.280  0.302238
 1.281  0.301629
 1.282  0.300895
 1.283  0.300470
 1.284  0.300040
 1.285  0.299603
 1.286  0.299174
 1.287  0.298756
 1.288  0.298283
 1.289  0.297792
 1.290  0.297300
 1.291  0.296770
 1.292  0.296225
 1.293  0.295577
 1.294  0.294970
 1.295  0.294552
 1.296  0.294133
 1.297  0.293710
 1.298  0.293273
 1.299  0.292827
 1.300  0.292383
 1.301  0.291932
 1.302  0.291462
 1.303  0.290991
 1.304  0.290468
 1.305  0.289805
 1.306  0.289379
 1.307  0.288967
 1.308  0.288542
 1.309  0.288117
 1.310  0.287693
 1.311  0.287265
 1.312  0.286815
 1.313  0.286364
 1.314  0.285896
 1.315  0.285399
 1.316  0.284863
 1.317  0.284206
 1.318  0.283829
 1.319  0.283453
 1.320  0.283081
 1.321  0.282707
 1.322  0.282342
 1.323  0.281997
 1.324  0.281563
 1.325  0.281105
 1.326  0.280642
 1.327  0.280147
 1.328  0.279617
 1.329  0.279002
 1.330  0.278623
 1.331  0.278239
 1.332  0.277850
 1.333  0.277465
 1.334  0.277080
 1.335  0.276682
 1.336  0.276278
 1.337  0.275873
 1.338  0.275448
 1.339  0.275025
 1.340  0.274554
 1.341  0.274094
 1.342  0.273713
 1.343  0.273332
 1.344  0.272949
 1.345  0.272552
 1.346  0.272152
 1.347  0.271753
 1.348  0.271346
 1.349  0.270927
 1.350  0.270501
 1.351  0.270028
 1.352  0.269438
 1.353  0.269055
 1.354  0.268721
 1.355  0.268384
 1.356  0.268060
 1.357  0.267759
 1.358  0.267531
 1.359  0.267120
 1.360  0.266706
 1.361  0.266284
 1.362  0.265838
 1.363  0.265368
 1.364  0.264763
 1.365  0.264415
 1.366  0.264067
 1.367  0.263721
 1.368  0.263368
 1.369  0.263010
 1.370  0.262656
 1.371  0.262308
 1.372  0.261947
 1.373  0.261591
 1.374  0.261237
 1.375  0.260954
 1.376  0.260414
 1.377  0.260059
 1.378  0.259699
 1.379  0.259338
 1.380  0.258978
 1.381  0.258619
 1.382  0.258248
 1.383  0.257873
 1.384  0.257498
 1.385  0.257104
 1.386  0.256705
 1.387  0.256241
 1.388  0.255803
 1.389  0.255508
 1.390  0.255227
 1.391  0.254967
 1.392  0.254798
 1.393  0.254475
 1.394  0.254101
 1.395  0.253718
 1.396  0.253324
 1.397  0.252930
 1.398  0.252492
 1.399  0.251948
 1.400  0.251609
 1.401  0.251287
 1.402  0.250967
 1.403  0.250648
 1.404  0.250339
 1.405  0.250026
 1.406  0.249715
 1.407  0.249421
 1.408  0.249150
 1.409  0.248981
 1.410  0.248524
 1.411  0.248013
 1.412  0.247677
 1.413  0.247341
 1.414  0.247006
 1.415  0.246666
 1.416  0.246324
 1.417  0.245990
 1.418  0.245651
 1.419  0.245307
 1.420  0.244962
 1.421  0.244598
 1.422  0.244174
 1.423  0.243855
 1.424  0.243634
 1.425  0.243530
 1.426  0.243273
 1.427  0.242922
 1.428  0.242566
 1.429  0.242206
 1.430  0.241846
 1.431  0.241482
 1.432  0.241106
 1.433  0.240699
 1.434  0.240248
 1.435  0.239954
 1.436  0.239669
 1.437  0.239388
 1.438  0.239117
 1.439  0.238863
 1.440  0.238640
 1.441  0.238547
 1.442  0.238260
 1.443  0.237879
 1.444  0.237464
 1.445  0.236975
 1.446  0.236639
 1.447  0.236321
 1.448  0.236008
 1.449  0.235694
 1.450  0.235392
 1.451  0.235082
 1.452  0.234784
 1.453  0.234490
 1.454  0.234204
 1.455  0.233936
 1.456  0.233668
 1.457  0.233568
 1.458  0.233231
 1.459  0.232893
 1.460  0.232553
 1.461  0.232218
 1.462  0.231887
 1.463  0.231558
 1.464  0.231223
 1.465  0.230888
 1.466  0.230553
 1.467  0.230200
 1.468  0.229846
 1.469  0.229601
 1.470  0.229388
 1.471  0.229222
 1.472  0.229278
 1.473  0.228920
 1.474  0.228564
 1.475  0.228207
 1.476  0.227843
 1.477  0.227485
 1.478  0.227091
 1.479  0.226710
 1.480  0.226418
 1.481  0.226135
 1.482  0.225864
 1.483  0.225604
 1.484  0.225360
 1.485  0.225154
 1.486  0.225009
 1.487  0.225006
 1.488  0.224612
 1.489  0.224193
 1.490  0.223810
 1.491  0.223480
 1.492  0.223166
 1.493  0.222854
 1.494  0.222549
 1.495  0.222249
 1.496  0.221958
 1.497  0.221688
 1.498  0.221424
 1.499  0.221176
 1.500  0.220944
 1.501  0.221092
 1.502  0.220738
 1.503  0.220387
 1.504  0.220042
 1.505  0.219699
 1.506  0.219364
 1.507  0.219041
 1.508  0.218718
 1.509  0.218403
 1.510  0.218082
 1.511  0.217786
 1.512  0.217558
 1.513  0.217381
 1.514  0.217283
 1.515  0.217383
 1.516  0.217012
 1.517  0.216643
 1.518  0.216284
 1.519  0.215926
 1.520  0.215566
 1.521  0.215214
 1.522  0.214916
 1.523  0.214636
 1.524  0.214367
 1.525  0.214139
 1.526  0.213936
 1.527  0.213810
 1.528  0.214041
 1.529  0.213651
 1.530  0.213263
 1.531  0.212865
 1.532  0.212523
 1.533  0.212188
 1.534  0.211868
 1.535  0.211569
 1.536  0.211272
 1.537  0.211012
 1.538  0.210776
 1.539  0.210606
 1.540  0.210534
 1.541  0.210692
 1.542  0.210300
 1.543  0.209923
 1.544  0.209547
 1.545  0.209196
 1.546  0.208857
 1.547  0.208534
 1.548  0.208243
 1.549  0.207958
 1.550  0.207737
 1.551  0.207564
 1.552  0.207487
 1.553  0.207775
 1.554  0.207352
 1.555  0.206956
 1.556  0.206567
 1.557  0.206199
 1.558  0.205869
 1.559  0.205552
 1.560  0.205288
 1.561  0.205010
 1.562  0.204787
 1.563  0.204629
 1.564  0.204676
 1.565  0.204795
 1.566  0.204357
 1.567  0.203957
 1.568  0.203593
 1.569  0.203280
 1.570  0.202935
 1.571  0.202593
 1.572  0.202321
 1.573  0.202072
 1.574  0.201940
 1.575  0.202015
 1.576  0.202200
 1.577  0.201796
 1.578  0.201400
 1.579  0.200989
 1.580  0.200592
 1.581  0.200229
 1.582  0.199905
 1.583  0.199652
 1.584  0.199460
 1.585  0.199493
 1.586  0.200130
 1.587  0.199611
 1.588  0.199095
 1.589  0.198624
 1.590  0.198220
 1.591  0.197833
 1.592  0.197545
 1.593  0.197299
 1.594  0.197356
 1.595  0.197370
 1.596  0.197739
 1.597  0.197184
 1.598  0.196664
 1.599  0.196162
 1.600  0.195803
 1.601  0.195517
 1.602  0.195445
 1.603  0.195133
 1.604  0.195114
 1.605  0.195747
 1.606  0.195116
 1.607  0.194612
 1.608  0.194115
 1.609  0.193893
 1.610  0.193627
 1.611  0.193251
 1.612  0.193011
 1.613  0.193240
 1.614  0.193525
 1.615  0.192969
 1.616  0.192728
 1.617  0.192182
 1.618  0.191709
 1.619  0.191322
 1.620  0.191166
 1.621  0.191647
 1.622  0.191847
 1.623  0.191586
 1.624  0.190797
 1.625  0.190102
 1.626  0.189664
 1.627  0.189405
 1.628  0.189803
 1.629  0.190990
 1.630  0.190029
 1.631  0.189068
 1.632  0.188356
 1.633  0.187884
 1.634  0.188096
 1.635  0.190294
 1.636  0.188937
 1.637  0.187912
 1.638  0.186907
 1.639  0.186570
 1.640  0.187496
 1.641  0.188982
 1.642  0.187218
 1.643  0.186204
 1.644  0.185319
 1.645  0.186318
 1.646  0.186879
 1.647  0.186370
 1.648  0.184924
 1.649  0.184828
 1.650  0.184981
 1.651  0.186673
 1.652  0.184137
 1.653  0.183992
 1.654  0.183633
 1.655  0.185546
 1.656  0.182760
 1.657  0.183301
 1.658  0.186046
 1.659  0.182979
 1.660  0.181442
 1.661  0.182383
 1.662  0.179555
 1.663  0.180619
 1.664  0.191772
 1.665  0.000000
