-0.094  0.000000  0.000000
-0.093  0.179121  0.000342
-0.092  0.176675  0.000525
-0.091  0.169946  0.000662
-0.090  0.176918  0.000847
-0.089  0.172626  0.000976
-0.088  0.174858  0.001133
-0.087  0.175226  0.001276
-0.086  0.173234  0.001404
-0.085  0.175274  0.001561
-0.084  0.175288  0.001698
-0.083  0.174698  0.001832
-0.082  0.175138  0.001973
-0.081  0.175825  0.002115
-0.080  0.176183  0.002253
-0.079  0.175869  0.002386
-0.078  0.175990  0.002523
-0.077  0.177647  0.002682
-0.076  0.176776  0.002800
-0.075  0.177962  0.002953
-0.074  0.176950  0.003072
-0.073  0.177536  0.003215
-0.072  0.177734  0.003350
-0.071  0.177973  0.003485
-0.070  0.178878  0.003635
-0.069  0.178362  0.003759
-0.068  0.178660  0.003899
-0.067  0.179287  0.004045
-0.066  0.178946  0.004168
-0.065  0.179622  0.004315
-0.064  0.180563  0.004471
-0.063  0.179749  0.004585
-0.062  0.180289  0.004731
-0.061  0.180300  0.004862
-0.060  0.180373  0.004995
-0.059  0.180957  0.005142
-0.058  0.181791  0.005298
-0.057  0.181514  0.005424
-0.056  0.181623  0.005561
-0.055  0.182024  0.005705
-0.054  0.181858  0.005831
-0.053  0.182247  0.005975
-0.052  0.182837  0.006126
-0.051  0.183565  0.006284
-0.050  0.183312  0.006410
-0.049  0.183543  0.006551
-0.048  0.183477  0.006681
-0.047  0.183647  0.006818
-0.046  0.184022  0.006964
-0.045  0.184571  0.007118
-0.044  0.185174  0.007274
-0.043  0.185279  0.007413
-0.042  0.185371  0.007552
-0.041  0.185386  0.007685
-0.040  0.185420  0.007819
-0.039  0.185799  0.007969
-0.038  0.186235  0.008121
-0.037  0.186760  0.008278
-0.036  0.187333  0.008438
-0.035  0.187408  0.008577
-0.034  0.187547  0.008719
-0.033  0.187422  0.008847
-0.032  0.187649  0.008991
-0.031  0.187937  0.009139
-0.030  0.188401  0.009297
-0.029  0.188871  0.009455
-0.028  0.189397  0.009616
-0.027  0.189902  0.009778
-0.026  0.189766  0.009909
-0.025  0.189667  0.010040
-0.024  0.189859  0.010185
-0.023  0.395092  0.713315
-0.022  0.402299  0.736626
-0.021  0.404280  0.741259
-0.020  0.406232  0.745547
-0.019  0.405207  0.739270
-0.018  0.407669  0.745489
-0.017  0.407270  0.743526
-0.016  0.408612  0.746262
-0.015  0.410567  0.750810
-0.014  0.411616  0.751884
-0.013  0.413198  0.754248
-0.012  0.413832  0.753952
-0.011  0.414580  0.753368
-0.010  0.416179  0.755603
-0.009  0.417743  0.757981
-0.008  0.418412  0.759513
-0.007  0.418970  0.759123
-0.006  0.420679  0.762433
-0.005  0.421919  0.764077
-0.004  0.423438  0.766205
-0.003  0.423892  0.764776
-0.002  0.425555  0.767391
-0.001  0.426885  0.768756
 0.000  0.428222  0.770148
 0.001  0.429023  0.770960
 0.002  0.430398  0.773427
 0.003  0.431338  0.773926
 0.004  0.432384  0.774762
 0.005  0.434218  0.778017
 0.006  0.435753  0.779974
 0.007  0.436614  0.779818
 0.008  0.437566  0.779937
 0.009  0.439249  0.782357
 0.010  0.441185  0.785946
 0.011  0.442375  0.787541
 0.012  0.442684  0.786075
 0.013  0.443929  0.787417
 0.014  0.445606  0.789982
 0.015  0.447572  0.793386
 0.016  0.449309  0.796084
 0.017  0.449594  0.793940
 0.018  0.450950  0.795193
 0.019  0.452656  0.797643
 0.020  0.454540  0.800697
 0.021  0.456040  0.802553
 0.022  0.456772  0.802655
 0.023  0.457993  0.803717
 0.024  0.459496  0.805502
 0.025  0.461245  0.808024
 0.026  0.462970  0.810471
 0.027  0.463941  0.810509
 0.028  0.465462  0.812179
 0.029  0.467190  0.814600
 0.030  0.468671  0.816125
 0.031  0.470291  0.818071
 0.032  0.471725  0.819863
 0.033  0.472803  0.820347
 0.034  0.474376  0.822266
 0.035  0.476121  0.824623
 0.036  0.477913  0.827119
 0.037  0.479470  0.828785
 0.038  0.480967  0.830260
 0.039  0.482205  0.830879
 0.040  0.483843  0.832752
 0.041  0.485628  0.835047
 0.042  0.487448  0.837419
 0.043  0.489260  0.840056
 0.044  0.490877  0.841969
 0.045  0.492023  0.842267
 0.046  0.493585  0.843849
 0.047  0.495347  0.845974
 0.048  0.497206  0.848366
 0.049  0.499122  0.850902
 0.050  0.501087  0.853558
 0.051  0.502549  0.854671
 0.052  0.504107  0.856030
 0.053  0.505867  0.857911
 0.054  0.507657  0.860102
 0.055  0.509520  0.862457
 0.056  0.511449  0.864957
 0.057  0.513266  0.867114
 0.058  0.514955  0.868700
 0.059  0.516849  0.870918
 0.060  0.518818  0.873286
 0.061  0.520560  0.874997
 0.062  0.522483  0.877266
 0.063  0.524455  0.879678
 0.064  0.526602  0.882374
 0.065  0.528344  0.883971
 0.066  0.530239  0.886112
 0.067  0.532217  0.888474
 0.068  0.534222  0.890917
 0.069  0.536415  0.893678
 0.070  0.538654  0.896492
 0.071  0.540681  0.898723
 0.072  0.542465  0.900250
 0.073  0.544411  0.902293
 0.074  0.546409  0.904525
 0.075  0.549043  0.908174
 0.076  0.551389  0.911209
 0.077  0.553686  0.914129
 0.078  0.555822  0.916610
 0.079  0.557502  0.917768
 0.080  0.559861  0.920541
 0.081  0.562374  0.923609
 0.082  0.564746  0.926451
 0.083  0.567076  0.929258
 0.084  0.569373  0.932024
 0.085  0.571672  0.934820
 0.086  0.574647  0.938800
 0.087  0.576897  0.941092
 0.088  0.579144  0.943436
 0.089  0.581455  0.945978
 0.090  0.583755  0.948578
 0.091  0.586993  0.953092
 0.092  0.589932  0.956842
 0.093  0.592672  0.960282
 0.094  0.594971  0.962576
 0.095  0.597213  0.964746
 0.096  0.600519  0.969155
 0.097  0.603445  0.972767
 0.098  0.606184  0.976079
 0.099  0.608845  0.979278
 0.100  0.611549  0.982438
 0.101  0.615266  0.987576
 0.102  0.618387  0.991249
 0.103  0.621289  0.994294
 0.104  0.624091  0.997439
 0.105  0.626832  1.000562
 0.106  0.631003  1.006381
 0.107  0.634487  1.010845
 0.108  0.637696  1.014858
 0.109  0.640759  1.018628
 0.110  0.643413  1.021358
 0.111  0.648174  1.027786
 0.112  0.651829  1.032123
 0.113  0.655146  1.036052
 0.114  0.658479  1.039851
 0.115  0.663389  1.046620
 0.116  0.667873  1.052662
 0.117  0.671648  1.057407
 0.118  0.675223  1.061842
 0.119  0.679483  1.066804
 0.120  0.684503  1.073412
 0.121  0.688587  1.078509
 0.122  0.692358  1.083115
 0.123  0.697621  1.090164
 0.124  0.703638  1.098428
 0.125  0.708496  1.104565
 0.126  0.712902  1.110111
 0.127  0.719753  1.119700
 0.128  0.725173  1.126023
 0.129  0.729891  1.131745
 0.130  0.734233  1.136964
 0.131  0.743422  1.150268
 0.132  0.749271  1.158059
 0.133  0.754383  1.164651
 0.134  0.764168  1.178918
 0.135  0.771612  1.189029
 0.136  0.777961  1.197191
 0.137  0.788675  1.211114
 0.138  0.796609  1.221547
 0.139  0.802938  1.229539
 0.140  0.817513  1.250815
 0.141  0.826122  1.262568
 0.142  0.840872  1.284057
 0.143  0.852975  1.301381
 0.144  0.867938  1.323122
 0.145  0.884837  1.347933
 0.146  0.902466  1.371095
 0.147  0.922844  1.399797
 0.148  0.953639  1.445118
 0.149  0.973580  1.473649
 0.150  1.022085  1.546193
 0.151  1.088297  1.645780
 0.152  1.303174  1.972090
 0.153  1.155103  1.739830
 0.154  1.062436  1.598122
 0.155  1.004467  1.508032
 0.156  0.970432  1.454351
 0.157  0.944419  1.412908
 0.158  0.918430  1.372266
 0.159  0.903384  1.346912
 0.160  0.888913  1.322970
 0.161  0.871923  1.296291
 0.162  0.861397  1.278344
 0.163  0.851933  1.262008
 0.164  0.842318  1.245638
 0.165  0.830041  1.225797
 0.166  0.823601  1.214443
 0.167  0.817197  1.203259
 0.168  0.810720  1.192141
 0.169  0.803882  1.180474
 0.170  0.797309  1.168948
 0.171  0.792970  1.160497
 0.172  0.788510  1.152060
 0.173  0.783824  1.143488
 0.174  0.778485  1.134078
 0.175  0.773034  1.124206
 0.176  0.769832  1.117999
 0.177  0.766504  1.111688
 0.178  0.763072  1.105319
 0.179  0.759300  1.098596
 0.180  0.754862  1.091053
 0.181  0.753110  1.086161
 0.182  0.751023  1.081336
 0.183  0.748711  1.076279
 0.184  0.746153  1.070925
 0.185  0.743124  1.064934
 0.186  0.739685  1.058546
 0.187  0.738005  1.054711
 0.188  0.736281  1.050864
 0.189  0.734454  1.046911
 0.190  0.732557  1.042956
 0.191  0.730699  1.039087
 0.192  0.728665  1.034319
 0.193  0.727777  1.031232
 0.194  0.726744  1.028029
 0.195  0.725566  1.024678
 0.196  0.724129  1.020740
 0.197  0.722724  1.017374
 0.198  0.720929  1.013744
 0.199  0.719258  1.010274
 0.200  0.718490  1.007942
 0.201  0.717905  1.006011
 0.202  0.717652  1.003866
 0.203  0.717471  1.001576
 0.204  0.716836  0.999021
 0.205  0.715641  0.995902
 0.206  0.714596  0.992951
 0.207  0.714129  0.990433
 0.208  0.713719  0.988352
 0.209  0.713301  0.986471
 0.210  0.712891  0.984869
 0.211  0.712546  0.983337
 0.212  0.711889  0.981428
 0.213  0.711938  0.979307
 0.214  0.712425  0.978060
 0.215  0.712694  0.976706
 0.216  0.712799  0.975223
 0.217  0.712795  0.973612
 0.218  0.712582  0.971683
 0.219  0.712302  0.969859
 0.220  0.711612  0.968000
 0.221  0.711792  0.967176
 0.222  0.712270  0.966659
 0.223  0.713477  0.966096
 0.224  0.714531  0.965420
 0.225  0.715231  0.964581
 0.226  0.715677  0.963559
 0.227  0.715931  0.962349
 0.228  0.715482  0.960411
 0.229  0.716087  0.959932
 0.230  0.716529  0.958905
 0.231  0.717471  0.958864
 0.232  0.718281  0.958778
 0.233  0.720189  0.958756
 0.234  0.721272  0.958414
 0.235  0.722434  0.957981
 0.236  0.722996  0.957113
 0.237  0.723645  0.956415
 0.238  0.724736  0.956494
 0.239  0.725751  0.956478
 0.240  0.726641  0.956260
 0.241  0.728215  0.956893
 0.242  0.730335  0.956676
 0.243  0.732047  0.956881
 0.244  0.733324  0.956818
 0.245  0.734354  0.956401
 0.246  0.736029  0.956706
 0.247  0.737516  0.956916
 0.248  0.739091  0.957772
 0.249  0.740446  0.958137
 0.250  0.742668  0.959544
 0.251  0.745828  0.960577
 0.252  0.748066  0.961135
 0.253  0.749746  0.961245
 0.254  0.751207  0.961089
 0.255  0.753037  0.961442
 0.256  0.755252  0.962226
 0.257  0.757342  0.963474
 0.258  0.759826  0.965152
 0.259  0.763655  0.967246
 0.260  0.767173  0.968831
 0.261  0.769940  0.969986
 0.262  0.772246  0.970810
 0.263  0.774325  0.971442
 0.264  0.776755  0.972493
 0.265  0.779009  0.973386
 0.266  0.782021  0.975139
 0.267  0.787521  0.978209
 0.268  0.792151  0.980746
 0.269  0.795913  0.982801
 0.270  0.799240  0.984543
 0.271  0.802188  0.985996
 0.272  0.804747  0.987107
 0.273  0.807764  0.988712
 0.274  0.812899  0.992028
 0.275  0.819773  0.995534
 0.276  0.825241  0.999258
 0.277  0.830026  1.002047
 0.278  0.834283  1.004446
 0.279  0.838193  1.006514
 0.280  0.841744  1.008110
 0.281  0.849216  1.012325
 0.282  0.857305  1.016920
 0.283  0.863663  1.020578
 0.284  0.869349  1.023852
 0.285  0.874863  1.027921
 0.286  0.880132  1.031337
 0.287  0.889043  1.036666
 0.288  0.900814  1.043422
 0.289  0.909265  1.048298
 0.290  0.916545  1.052399
 0.291  0.922993  1.055914
 0.292  0.929582  1.059689
 0.293  0.946574  1.068702
 0.294  0.959629  1.077256
 0.295  0.970307  1.083927
 0.296  0.980146  1.089929
 0.297  0.989297  1.095477
 0.298  1.015541  1.109882
 0.299  1.032409  1.119523
 0.300  1.046402  1.127450
 0.301  1.058801  1.134415
 0.302  1.096851  1.154740
 0.303  1.122176  1.170041
 0.304  1.142942  1.182133
 0.305  1.195126  1.209700
 0.306  1.239997  1.234179
 0.307  1.286554  1.257968
 0.308  1.403657  1.319944
 0.309  1.633265  1.437659
 0.310  1.661545  1.454097
 0.311  1.416861  1.332485
 0.312  1.310426  1.281175
 0.313  1.243097  1.249149
 0.314  1.190346  1.224252
 0.315  1.150975  1.206196
 0.316  1.117200  1.190757
 0.317  1.086339  1.176510
 0.318  1.061731  1.165735
 0.319  1.038483  1.155211
 0.320  1.018205  1.147660
 0.321  0.998565  1.139479
 0.322  0.981829  1.133328
 0.323  0.964915  1.126601
 0.324  0.951644  1.122006
 0.325  0.937916  1.116950
 0.326  0.924913  1.112139
 0.327  0.912428  1.107678
 0.328  0.900119  1.104115
 0.329  0.890267  1.102092
 0.330  0.879232  1.098931
 0.331  0.868018  1.095173
 0.332  0.858976  1.092864
 0.333  0.849244  1.090062
 0.334  0.840403  1.087468
 0.335  0.832503  1.085461
 0.336  0.824158  1.084289
 0.337  0.815935  1.083641
 0.338  0.808733  1.083034
 0.339  0.801182  1.081971
 0.340  0.792870  1.080224
 0.341  0.785912  1.079271
 0.342  0.778593  1.077934
 0.343  0.771631  1.076749
 0.344  0.765963  1.077863
 0.345  0.760111  1.078917
 0.346  0.753918  1.079151
 0.347  0.747411  1.078917
 0.348  0.741567  1.079042
 0.349  0.735575  1.078742
 0.350  0.729365  1.078497
 0.351  0.723774  1.078614
 0.352  0.718723  1.081259
 0.353  0.713494  1.082920
 0.354  0.708170  1.084097
 0.355  0.703166  1.085457
 0.356  0.698004  1.086581
 0.357  0.692775  1.087562
 0.358  0.687551  1.088407
 0.359  0.682868  1.091413
 0.360  0.678830  1.094867
 0.361  0.674217  1.097294
 0.362  0.669392  1.099190
 0.363  0.664581  1.100905
 0.364  0.659724  1.102582
 0.365  0.654922  1.104486
 0.366  0.650469  1.108303
 0.367  0.646849  1.113343
 0.368  0.643038  1.117334
 0.369  0.638853  1.120789
 0.370  0.634502  1.123980
 0.371  0.630598  1.127412
 0.372  0.626344  1.130597
 0.373  0.621944  1.136373
 0.374  0.617043  1.141130
 0.375  0.613028  1.146118
 0.376  0.610611  1.151961
 0.377  0.606485  1.156478
 0.378  0.602238  1.160786
 0.379  0.598118  1.165166
 0.380  0.594954  1.175249
 0.381  0.591558  1.182645
 0.382  0.587053  1.188834
 0.383  0.582436  1.194853
 0.384  0.579239  1.201794
 0.385  0.575740  1.208583
 0.386  0.572681  1.220940
 0.387  0.568602  1.230396
 0.388  0.564498  1.239446
 0.389  0.560551  1.248602
 0.390  0.557670  1.258773
 0.391  0.554263  1.268852
 0.392  0.550923  1.285550
 0.393  0.547067  1.298805
 0.394  0.543312  1.312431
 0.395  0.539915  1.326552
 0.396  0.534717  1.339963
 0.397  0.530469  1.360431
 0.398  0.527431  1.382073
 0.399  0.524414  1.404241
 0.400  0.522100  1.429102
 0.401  0.517222  1.453293
 0.402  0.512858  1.487739
 0.403  0.508963  1.529551
 0.404  0.505070  1.578268
 0.405  0.503123  1.635410
 0.406  0.498743  1.718944
 0.407  0.493522  2.013541
 0.408  0.482712  1.887227
 0.409  0.476351  1.699528
 0.410  0.473846  1.635846
 0.411  0.469560  1.617410
 0.412  0.468728  1.631053
 0.413  0.467030  1.644270
 0.414  0.466260  1.665018
 0.415  0.467627  1.685905
 0.416  0.464493  1.686499
 0.417  0.461627  1.685151
 0.418  0.461952  1.692166
 0.419  0.462418  1.700890
 0.420  0.464852  1.724848
 0.421  0.462240  1.726574
 0.422  0.458395  1.721350
 0.423  0.455889  1.733881
 0.424  0.457367  1.741976
 0.425  0.459000  1.756367
 0.426  0.456115  1.764740
 0.427  0.453678  1.774316
 0.428  0.451111  1.778117
 0.429  0.449801  1.786195
 0.430  0.453590  1.801439
 0.431  0.451303  1.810491
 0.432  0.449371  1.819992
 0.433  0.447275  1.830851
 0.434  0.445273  1.838253
 0.435  0.450066  1.854928
 0.436  0.446880  1.863671
 0.437  0.444158  1.873026
 0.438  0.442110  1.883582
 0.439  0.441355  1.896824
 0.440  0.444515  1.914596
 0.441  0.441429  1.922608
 0.442  0.440074  1.934771
 0.443  0.438040  1.946829
 0.444  0.437740  1.961364
 0.445  0.439854  1.979917
 0.446  0.437513  1.992786
 0.447  0.435016  2.005386
 0.448  0.433912  2.020383
 0.449  0.436853  2.041656
 0.450  0.433822  2.054585
 0.451  0.431723  2.071154
 0.452  0.430606  2.089372
 0.453  0.432104  2.111051
 0.454  0.431044  2.129013
 0.455  0.428912  2.147546
 0.456  0.427234  2.166810
 0.457  0.430517  2.196165
 0.458  0.427157  2.214037
 0.459  0.424893  2.236196
 0.460  0.424391  2.262926
 0.461  0.425108  2.291301
 0.462  0.423197  2.318577
 0.463  0.420801  2.344320
 0.464  0.422936  2.382688
 0.465  0.420502  2.413780
 0.466  0.418393  2.447119
 0.467  0.421062  2.493306
 0.468  0.417369  2.529843
 0.469  0.415980  2.576093
 0.470  0.417016  2.630237
 0.471  0.414354  2.683000
 0.472  0.413275  2.744868
 0.473  0.413022  2.819139
 0.474  0.411930  2.902501
 0.475  0.411736  2.999368
 0.476  0.410252  3.114853
 0.477  0.412646  3.272567
 0.478  0.411089  3.465568
 0.479  0.412409  3.761780
 0.480  0.417908  4.326051
 0.481  0.430077  5.230915
 0.482  0.435564  4.105270
 0.483  0.449055  3.812341
 0.484  0.445411  3.553494
 0.485  0.128838  0.700396
 0.486  0.130395  0.705134
 0.487  0.132002  0.711330
 0.488  0.133978  0.717215
 0.489  0.135743  0.722479
 0.490  0.137408  0.727409
 0.491  0.139073  0.732190
 0.492  0.140829  0.738809
 0.493  0.142568  0.744568
 0.494  0.144259  0.749920
 0.495  0.145939  0.754978
 0.496  0.147632  0.760164
 0.497  0.149426  0.767070
 0.498  0.151204  0.772905
 0.499  0.153294  0.778806
 0.500  0.155218  0.784228
 0.501  0.157149  0.790599
 0.502  0.159088  0.797198
 0.503  0.160956  0.803010
 0.504  0.162877  0.808866
 0.505  0.164781  0.814429
 0.506  0.166784  0.821667
 0.507  0.168737  0.828142
 0.508  0.170644  0.834014
 0.509  0.172534  0.839488
 0.510  0.174685  0.845694
 0.511  0.177131  0.854253
 0.512  0.179326  0.861027
 0.513  0.181437  0.867281
 0.514  0.183521  0.873289
 0.515  0.185785  0.880946
 0.516  0.188106  0.888904
 0.517  0.190309  0.895832
 0.518  0.192479  0.902235
 0.519  0.194643  0.908433
 0.520  0.197027  0.917178
 0.521  0.199489  0.925348
 0.522  0.202118  0.932750
 0.523  0.204568  0.939612
 0.524  0.207137  0.948231
 0.525  0.209667  0.956419
 0.526  0.212315  0.964611
 0.527  0.214844  0.972088
 0.528  0.217449  0.980422
 0.529  0.220170  0.989914
 0.530  0.222760  0.997940
 0.531  0.225587  1.006645
 0.532  0.228256  1.014509
 0.533  0.231508  1.025981
 0.534  0.234476  1.034883
 0.535  0.237453  1.043634
 0.536  0.240515  1.052805
 0.537  0.243877  1.064979
 0.538  0.246925  1.074439
 0.539  0.249897  1.083212
 0.540  0.253397  1.094886
 0.541  0.256885  1.106825
 0.542  0.260141  1.116921
 0.543  0.263302  1.126262
 0.544  0.267201  1.139902
 0.545  0.271255  1.152546
 0.546  0.274902  1.163507
 0.547  0.278446  1.173877
 0.548  0.283000  1.190387
 0.549  0.286992  1.203056
 0.550  0.290797  1.214461
 0.551  0.295255  1.230148
 0.552  0.299846  1.245312
 0.553  0.304058  1.258321
 0.554  0.308841  1.274930
 0.555  0.313639  1.290822
 0.556  0.318728  1.306310
 0.557  0.324156  1.324863
 0.558  0.329291  1.341496
 0.559  0.334792  1.358964
 0.560  0.340896  1.380442
 0.561  0.346431  1.398334
 0.562  0.352380  1.417182
 0.563  0.359443  1.442670
 0.564  0.365443  1.461993
 0.565  0.373324  1.489850
 0.566  0.380290  1.513115
 0.567  0.388385  1.540227
 0.568  0.396977  1.569779
 0.569  0.404500  1.593793
 0.570  0.415208  1.632396
 0.571  0.423776  1.660569
 0.572  0.435791  1.703920
 0.573  0.446687  1.741787
 0.574  0.459613  1.787444
 0.575  0.473212  1.836093
 0.576  0.487594  1.886291
 0.577  0.505418  1.951151
 0.578  0.525089  2.022164
 0.579  0.548480  2.107073
 0.580  0.574973  2.203462
 0.581  0.610085  2.333956
 0.582  0.658416  2.516044
 0.583  0.728381  2.781142
 0.584  0.992392  3.807509
 0.585  0.757266  2.872330
 0.586  0.680288  2.561594
 0.587  0.646481  2.423785
 0.588  0.615141  2.291514
 0.589  0.589684  2.187789
 0.590  0.574701  2.118620
 0.591  0.557757  2.049456
 0.592  0.546263  1.993718
 0.593  0.536564  1.952017
 0.594  0.525951  1.904294
 0.595  0.518456  1.867723
 0.596  0.509446  1.830925
 0.597  0.503896  1.801555
 0.598  0.497899  1.771067
 0.599  0.491001  1.742892
 0.600  0.487445  1.722550
 0.601  0.482393  1.693694
 0.602  0.478312  1.675015
 0.603  0.474351  1.656230
 0.604  0.471383  1.639007
 0.605  0.467162  1.615102
 0.606  0.463085  1.597888
 0.607  0.461176  1.585929
 0.608  0.458838  1.572084
 0.609  0.455437  1.552301
 0.610  0.452015  1.536685
 0.611  0.450755  1.527311
 0.612  0.449246  1.516770
 0.613  0.447142  1.503981
 0.614  0.443556  1.484755
 0.615  0.442571  1.477145
 0.616  0.441390  1.468829
 0.617  0.439913  1.459477
 0.618  0.437643  1.447467
 0.619  0.435507  1.432897
 0.620  0.434673  1.426423
 0.621  0.433662  1.419342
 0.622  0.432577  1.411515
 0.623  0.430839  1.401720
 0.624  0.429945  1.392862
 0.625  0.428891  1.383390
 0.626  0.428138  1.377479
 0.627  0.427049  1.370634
 0.628  0.425756  1.363066
 0.629  0.425130  1.356579
 0.630  0.424223  1.348086
 0.631  0.423315  1.340423
 0.632  0.422386  1.334620
 0.633  0.421698  1.328824
 0.634  0.421439  1.323914
 0.635  0.421014  1.318417
 0.636  0.420348  1.311487
 0.637  0.419393  1.303514
 0.638  0.418580  1.298393
 0.639  0.418364  1.294512
 0.640  0.418066  1.290295
 0.641  0.417651  1.285555
 0.642  0.417035  1.279917
 0.643  0.415803  1.270710
 0.644  0.416034  1.267905
 0.645  0.416004  1.264707
 0.646  0.415858  1.261178
 0.647  0.415584  1.257248
 0.648  0.414990  1.252409
 0.649  0.414568  1.247480
 0.650  0.414207  1.240973
 0.651  0.414113  1.238085
 0.652  0.413947  1.234920
 0.653  0.413653  1.231503
 0.654  0.413332  1.227661
 0.655  0.413470  1.224645
 0.656  0.413469  1.221026
 0.657  0.413204  1.214938
 0.658  0.413149  1.212398
 0.659  0.412928  1.209479
 0.660  0.412669  1.206428
 0.661  0.412712  1.203915
 0.662  0.412711  1.201177
 0.663  0.412632  1.198017
 0.664  0.412469  1.194081
 0.665  0.412349  1.189434
 0.666  0.412455  1.187343
 0.667  0.412623  1.185382
 0.668  0.412730  1.183245
 0.669  0.412783  1.180904
 0.670  0.412740  1.178220
 0.671  0.412396  1.174689
 0.672  0.412417  1.171159
 0.673  0.412445  1.168128
 0.674  0.412536  1.166372
 0.675  0.412903  1.164836
 0.676  0.413056  1.162950
 0.677  0.412937  1.160504
 0.678  0.413133  1.158586
 0.679  0.413279  1.156340
 0.680  0.413326  1.153230
 0.681  0.413365  1.150467
 0.682  0.413416  1.148806
 0.683  0.413292  1.146773
 0.684  0.413451  1.145279
 0.685  0.413847  1.143947
 0.686  0.414137  1.142374
 0.687  0.414323  1.140478
 0.688  0.414403  1.137973
 0.689  0.414275  1.134582
 0.690  0.414496  1.133465
 0.691  0.414694  1.132285
 0.692  0.414853  1.131004
 0.693  0.414980  1.129622
 0.694  0.415053  1.128080
 0.695  0.415200  1.126387
 0.696  0.415543  1.124874
 0.697  0.415721  1.121907
 0.698  0.415957  1.120980
 0.699  0.416148  1.119959
 0.700  0.416294  1.118843
 0.701  0.416297  1.117446
 0.702  0.416479  1.116348
 0.703  0.416645  1.115162
 0.704  0.416776  1.113789
 0.705  0.417076  1.112315
 0.706  0.417306  1.110022
 0.707  0.417417  1.108971
 0.708  0.417656  1.108186
 0.709  0.417869  1.107402
 0.710  0.418051  1.106542
 0.711  0.418200  1.105600
 0.712  0.418315  1.104531
 0.713  0.418352  1.103216
 0.714  0.418423  1.101728
 0.715  0.418721  1.100023
 0.716  0.419030  1.099547
 0.717  0.419254  1.098951
 0.718  0.419423  1.098265
 0.719  0.419523  1.097446
 0.720  0.419623  1.096614
 0.721  0.419756  1.095807
 0.722  0.419861  1.094857
 0.723  0.419934  1.093643
 0.724  0.419962  1.091833
 0.725  0.420246  1.091434
 0.726  0.420433  1.090883
 0.727  0.420605  1.090419
 0.728  0.420739  1.089890
 0.729  0.420845  1.089293
 0.730  0.420915  1.088601
 0.731  0.420943  1.087791
 0.732  0.420940  1.086792
 0.733  0.420946  1.085143
 0.734  0.420979  1.084686
 0.735  0.421270  1.084523
 0.736  0.421395  1.084153
 0.737  0.421451  1.083678
 0.738  0.421459  1.083124
 0.739  0.421488  1.082600
 0.740  0.421493  1.081993
 0.741  0.421469  1.081254
 0.742  0.421418  1.080207
 0.743  0.421327  1.079138
 0.744  0.421339  1.078745
 0.745  0.421460  1.078523
 0.746  0.421480  1.078209
 0.747  0.421455  1.077822
 0.748  0.421392  1.077364
 0.749  0.421291  1.076826
 0.750  0.421140  1.076157
 0.751  0.421028  1.075464
 0.752  0.420872  1.074266
 0.753  0.420730  1.073897
 0.754  0.420742  1.073718
 0.755  0.420653  1.073392
 0.756  0.420479  1.072940
 0.757  0.420339  1.072572
 0.758  0.420170  1.072137
 0.759  0.419969  1.071630
 0.760  0.419736  1.071011
 0.761  0.419456  1.070158
 0.762  0.419120  1.069096
 0.763  0.418862  1.068685
 0.764  0.418791  1.068570
 0.765  0.418569  1.068243
 0.766  0.418298  1.067836
 0.767  0.417965  1.067322
 0.768  0.417559  1.066666
 0.769  0.417245  1.066185
 0.770  0.416905  1.065604
 0.771  0.416528  1.064752
 0.772  0.416124  1.064036
 0.773  0.415783  1.063638
 0.774  0.415326  1.063038
 0.775  0.414970  1.062676
 0.776  0.414580  1.062250
 0.777  0.414149  1.061746
 0.778  0.413678  1.061152
 0.779  0.413141  1.060411
 0.780  0.412489  1.059388
 0.781  0.412011  1.058406
 0.782  0.411525  1.057960
 0.783  0.411111  1.057607
 0.784  0.410589  1.057080
 0.785  0.409987  1.056404
 0.786  0.409218  1.055395
 0.787  0.408701  1.054914
 0.788  0.408148  1.054357
 0.789  0.407563  1.053712
 0.790  0.406930  1.052921
 0.791  0.406221  1.051770
 0.792  0.405345  1.050621
 0.793  0.404798  1.050190
 0.794  0.404204  1.049672
 0.795  0.403569  1.049067
 0.796  0.402883  1.048353
 0.797  0.402123  1.047470
 0.798  0.401109  1.046026
 0.799  0.400420  1.045274
 0.800  0.399769  1.044566
 0.801  0.399085  1.043675
 0.802  0.398376  1.042991
 0.803  0.397584  1.042130
 0.804  0.396628  1.040905
 0.805  0.395688  1.039721
 0.806  0.395018  1.039140
 0.807  0.394310  1.038466
 0.808  0.393561  1.037683
 0.809  0.392746  1.036732
 0.810  0.391822  1.035497
 0.811  0.390640  1.033582
 0.812  0.389962  1.033022
 0.813  0.389250  1.032375
 0.814  0.388498  1.031622
 0.815  0.387695  1.030735
 0.816  0.386811  1.029644
 0.817  0.385694  1.027980
 0.818  0.384743  1.026690
 0.819  0.384064  1.026066
 0.820  0.383353  1.025332
 0.821  0.382552  1.024349
 0.822  0.381711  1.023362
 0.823  0.380766  1.022097
 0.824  0.379417  1.019816
 0.825  0.378777  1.019275
 0.826  0.378111  1.018654
 0.827  0.377415  1.017940
 0.828  0.376675  1.017095
 0.829  0.375867  1.016058
 0.830  0.374913  1.014644
 0.831  0.373576  1.012210
 0.832  0.372967  1.011675
 0.833  0.372340  1.011065
 0.834  0.371685  1.010356
 0.835  0.370989  1.009507
 0.836  0.370235  1.008481
 0.837  0.369372  1.007156
 0.838  0.368064  1.004610
 0.839  0.367558  1.004194
 0.840  0.366972  1.003603
 0.841  0.366373  1.002925
 0.842  0.365756  1.002161
 0.843  0.365092  1.001236
 0.844  0.364352  1.000061
 0.845  0.363383  0.998209
 0.846  0.362533  0.996661
 0.847  0.362107  0.996270
 0.848  0.361664  0.995806
 0.849  0.361198  0.995252
 0.850  0.360626  0.994452
 0.851  0.360030  0.993513
 0.852  0.359352  0.992237
 0.853  0.358183  0.989459
 0.854  0.357882  0.989189
 0.855  0.357571  0.988878
 0.856  0.357247  0.988492
 0.857  0.356905  0.988020
 0.858  0.356534  0.987421
 0.859  0.356120  0.986661
 0.860  0.355551  0.985482
 0.861  0.354514  0.982754
 0.862  0.354359  0.982623
 0.863  0.354201  0.982438
 0.864  0.354037  0.982188
 0.865  0.353860  0.981856
 0.866  0.353665  0.981424
 0.867  0.353443  0.980847
 0.868  0.353164  0.980047
 0.869  0.352723  0.978684
 0.870  0.352201  0.977039
 0.871  0.352239  0.977133
 0.872  0.352277  0.977091
 0.873  0.352313  0.976983
 0.874  0.352341  0.976794
 0.875  0.352357  0.976504
 0.876  0.352354  0.976075
 0.877  0.352295  0.975398
 0.878  0.352044  0.974008
 0.879  0.351934  0.973021
 0.880  0.352236  0.973397
 0.881  0.352538  0.973691
 0.882  0.352844  0.973822
 0.883  0.353151  0.973884
 0.884  0.353459  0.973865
 0.885  0.353760  0.973726
 0.886  0.354028  0.973392
 0.887  0.354188  0.972599
 0.888  0.354224  0.971212
 0.889  0.354878  0.971917
 0.890  0.355548  0.972710
 0.891  0.356224  0.973236
 0.892  0.356911  0.973678
 0.893  0.357617  0.974060
 0.894  0.358323  0.974354
 0.895  0.359026  0.974533
 0.896  0.359721  0.974511
 0.897  0.360300  0.973911
 0.898  0.360932  0.973420
 0.899  0.362181  0.974752
 0.900  0.363387  0.976031
 0.901  0.364613  0.977014
 0.902  0.365848  0.977937
 0.903  0.367139  0.978832
 0.904  0.368457  0.979671
 0.905  0.369790  0.980428
 0.906  0.371155  0.981053
 0.907  0.372486  0.981315
 0.908  0.373973  0.981338
 0.909  0.375982  0.983366
 0.910  0.378023  0.985302
 0.911  0.380115  0.987030
 0.912  0.382256  0.988737
 0.913  0.384509  0.990471
 0.914  0.386830  0.992201
 0.915  0.389236  0.993913
 0.916  0.391748  0.995611
 0.917  0.394766  0.997845
 0.918  0.397819  0.999719
 0.919  0.400957  1.001554
 0.920  0.404502  1.004533
 0.921  0.408241  1.007609
 0.922  0.412190  1.010795
 0.923  0.416316  1.014075
 0.924  0.420751  1.017523
 0.925  0.425399  1.021084
 0.926  0.431615  1.026466
 0.927  0.437645  1.031254
 0.928  0.444000  1.036187
 0.929  0.450868  1.041103
 0.930  0.458052  1.045215
 0.931  0.466440  1.051809
 0.932  0.475680  1.058982
 0.933  0.487073  1.068232
 0.934  0.500415  1.079037
 0.935  0.515111  1.090508
 0.936  0.532416  1.103718
 0.937  0.553037  1.119259
 0.938  0.579024  1.138571
 0.939  0.613530  1.163453
 0.940  0.670201  1.205441
 0.941  0.774940  1.280055
 0.942  0.949637  1.404327
 0.943  0.688040  1.225061
 0.944  0.611091  1.175061
 0.945  0.561669  1.142878
 0.946  0.523736  1.117958
 0.947  0.493350  1.098188
 0.948  0.465473  1.079306
 0.949  0.445722  1.066268
 0.950  0.429697  1.055803
 0.951  0.410519  1.042276
 0.952  0.398088  1.033981
 0.953  0.383240  1.023168
 0.954  0.370380  1.013300
 0.955  0.359411  1.005481
 0.956  0.347635  0.997399
 0.957  0.338785  0.991303
 0.958  0.329861  0.984945
 0.959  0.320637  0.978073
 0.960  0.313561  0.973083
 0.961  0.303963  0.965420
 0.962  0.298371  0.961595
 0.963  0.291260  0.956097
 0.964  0.284008  0.950335
 0.965  0.278915  0.946746
 0.966  0.271384  0.939867
 0.967  0.266291  0.935113
 0.968  0.261402  0.930854
 0.969  0.255472  0.925889
 0.970  0.250349  0.921710
 0.971  0.246474  0.918939
 0.972  0.241568  0.914890
 0.973  0.236226  0.910322
 0.974  0.232787  0.907809
 0.975  0.228839  0.904309
 0.976  0.223284  0.898675
 0.977  0.220263  0.896122
 0.978  0.216991  0.893155
 0.979  0.213216  0.889420
 0.980  0.208604  0.884343
 0.981  0.205699  0.881054
 0.982  0.202797  0.879053
 0.983  0.199440  0.875787
 0.984  0.195454  0.871550
 0.985  0.193047  0.869488
 0.986  0.190394  0.867037
 0.987  0.187482  0.864222
 0.988  0.183720  0.860007
 0.989  0.181476  0.858015
 0.990  0.179194  0.856155
 0.991  0.176692  0.853614
 0.992  0.173785  0.850132
 0.993  0.170878  0.846501
 0.994  0.168845  0.844109
 0.995  0.166568  0.840789
 0.996  0.164300  0.838444
 0.997  0.161470  0.835183
 0.998  0.159343  0.833182
 0.999  0.157502  0.831638
 1.000  0.155623  0.829575
 1.001  0.153559  0.827171
 1.002  0.151180  0.824248
 1.003  0.149036  0.821557
 1.004  0.147387  0.819738
 1.005  0.145669  0.817805
 1.006  0.143899  0.815905
 1.007  0.141845  0.813416
 1.008  0.139590  0.809980
 1.009  0.138073  0.807752
 1.010  0.136472  0.805192
 1.011  0.134918  0.803344
 1.012  0.133246  0.801299
 1.013  0.131317  0.798781
 1.014  0.129655  0.796973
 1.015  0.128308  0.795647
 1.016  0.126940  0.793881
 1.017  0.125504  0.792018
 1.018  0.123993  0.789870
 1.019  0.122059  0.786793
 1.020  0.120753  0.785053
 1.021  0.119528  0.783552
 1.022  0.118263  0.782377
 1.023  0.116972  0.780262
 1.024  0.115546  0.777717
 1.025  0.113921  0.774483
 1.026  0.112543  0.772432
 1.027  0.111453  0.771044
 1.028  0.110344  0.769691
 1.029  0.109192  0.768439
 1.030  0.108023  0.767200
 1.031  0.106747  0.765181
 1.032  0.105254  0.762467
 1.033  0.104256  0.760927
 1.034  0.103256  0.759437
 1.035  0.102221  0.757900
 1.036  0.101185  0.756502
 1.037  0.100067  0.755157
 1.038  0.098842  0.752729
 1.039  0.097585  0.750163
 1.040  0.096632  0.748207
 1.041  0.095695  0.746495
 1.042  0.094788  0.745244
 1.043  0.093832  0.744008
 1.044  0.092873  0.743280
 1.045  0.091813  0.741193
 1.046  0.090672  0.738867
 1.047  0.089858  0.737459
 1.048  0.089034  0.736041
 1.049  0.088187  0.734660
 1.050  0.087339  0.733506
 1.051  0.086457  0.732439
 1.052  0.085532  0.730445
 1.053  0.084402  0.727862
 1.054  0.083651  0.726417
 1.055  0.082883  0.724939
 1.056  0.082093  0.723423
 1.057  0.081315  0.722594
 1.058  0.080528  0.721298
 1.059  0.079731  0.719558
 1.060  0.078868  0.717658
 1.061  0.077968  0.715671
 1.062  0.077298  0.714511
 1.063  0.076624  0.713580
 1.064  0.075934  0.712955
 1.065  0.075235  0.711333
 1.066  0.074529  0.709744
 1.067  0.073788  0.708142
 1.068  0.072960  0.706377
 1.069  0.072203  0.705249
 1.070  0.071581  0.704747
 1.071  0.070945  0.703013
 1.072  0.070303  0.701207
 1.073  0.069641  0.699291
 1.074  0.068998  0.697932
 1.075  0.068340  0.696804
 1.076  0.067629  0.696019
 1.077  0.066912  0.694075
 1.078  0.066357  0.692742
 1.079  0.065803  0.691537
 1.080  0.065244  0.690611
 1.081  0.064669  0.689999
 1.082  0.064094  0.689276
 1.083  0.063495  0.687459
 1.084  0.062871  0.685616
 1.085  0.062153  0.683538
 1.086  0.061642  0.682504
 1.087  0.061127  0.682517
 1.088  0.060601  0.680773
 1.089  0.060068  0.679098
 1.090  0.059531  0.677546
 1.091  0.059006  0.676863
 1.092  0.058467  0.676127
 1.093  0.057885  0.674846
 1.094  0.057298  0.672780
 1.095  0.056837  0.671419
 1.096  0.056377  0.670303
 1.097  0.055918  0.669990
 1.098  0.055446  0.669107
 1.099  0.054970  0.667520
 1.100  0.054490  0.666289
 1.101  0.053995  0.665550
 1.102  0.053443  0.665310
 1.103  0.052935  0.663007
 1.104  0.052510  0.661353
 1.105  0.052081  0.659867
 1.106  0.051640  0.658914
 1.107  0.051196  0.658494
 1.108  0.050773  0.656850
 1.109  0.050340  0.655593
 1.110  0.049897  0.655042
 1.111  0.049417  0.655046
 1.112  0.048940  0.652555
 1.113  0.048558  0.650763
 1.114  0.048175  0.649770
 1.115  0.047794  0.650507
 1.116  0.047409  0.648430
 1.117  0.047017  0.647165
 1.118  0.046626  0.646846
 1.119  0.046216  0.646841
 1.120  0.045792  0.644147
 1.121  0.045319  0.641719
 1.122  0.044966  0.642005
 1.123  0.044611  0.640863
 1.124  0.044241  0.638999
 1.125  0.043893  0.639220
 1.126  0.043544  0.638874
 1.127  0.043190  0.636129
 1.128  0.042830  0.634839
 1.129  0.042459  0.635012
 1.130  0.042053  0.632792
 1.131  0.041686  0.633621
 1.132  0.041366  0.632000
 1.133  0.041046  0.629137
 1.134  0.040729  0.630870
 1.135  0.040412  0.627971
 1.136  0.040089  0.632485
 1.137  0.039760  0.625552
 1.138  0.039425  0.628257
 1.139  0.039087  0.622317
 1.140  0.038675  0.625415
 1.141  0.038372  0.621473
 1.142  0.038080  0.620974
 1.143  0.037787  0.614666
 1.144  0.037480  0.611325
 1.145  0.037152  0.360088
 1.146  0.036866  0.359510
 1.147  0.036573  0.358875
 1.148  0.036278  0.358212
 1.149  0.035969  0.357448
 1.150  0.035610  0.356351
 1.151  0.035348  0.355836
 1.152  0.035086  0.355308
 1.153  0.034823  0.354758
 1.154  0.034562  0.354201
 1.155  0.034300  0.353629
 1.156  0.034031  0.352997
 1.157  0.033764  0.352345
 1.158  0.033488  0.351615
 1.159  0.033206  0.350791
 1.160  0.032897  0.349763
 1.161  0.032626  0.349064
 1.162  0.032389  0.348590
 1.163  0.032154  0.348108
 1.164  0.031915  0.347595
 1.165  0.031675  0.347058
 1.166  0.031435  0.346517
 1.167  0.031194  0.345950
 1.168  0.030949  0.345342
 1.169  0.030700  0.344690
 1.170  0.030440  0.343942
 1.171  0.030164  0.343060
 1.172  0.029946  0.342574
 1.173  0.029726  0.342063
 1.174  0.029506  0.341536
 1.175  0.029286  0.340998
 1.176  0.029065  0.340423
 1.177  0.028839  0.339770
 1.178  0.028614  0.339110
 1.179  0.028388  0.338506
 1.180  0.028161  0.337877
 1.181  0.027889  0.336885
 1.182  0.027690  0.336441
 1.183  0.027492  0.335993
 1.184  0.027294  0.335538
 1.185  0.027095  0.335059
 1.186  0.026893  0.334553
 1.187  0.026693  0.334043
 1.188  0.026492  0.333516
 1.189  0.026288  0.332950
 1.190  0.026082  0.332358
 1.191  0.025865  0.331660
 1.192  0.025630  0.330789
 1.193  0.025447  0.330324
 1.194  0.025262  0.329834
 1.195  0.025076  0.329304
 1.196  0.024891  0.328747
 1.197  0.024710  0.328291
 1.198  0.024526  0.327796
 1.199  0.024342  0.327291
 1.200  0.024157  0.326761
 1.201  0.023967  0.326175
 1.202  0.023768  0.325498
 1.203  0.023563  0.324750
 1.204  0.023396  0.324328
 1.205  0.023229  0.323901
 1.206  0.023063  0.323466
 1.207  0.022895  0.323003
 1.208  0.022726  0.322524
 1.209  0.022558  0.322041
 1.210  0.022389  0.321530
 1.211  0.022218  0.320992
 1.212  0.022043  0.320404
 1.213  0.021863  0.319732
 1.214  0.021671  0.318914
 1.215  0.021518  0.318511
 1.216  0.021365  0.318095
 1.217  0.021212  0.317670
 1.218  0.021060  0.317240
 1.219  0.020908  0.316810
 1.220  0.020754  0.316342
 1.221  0.020599  0.315867
 1.222  0.020444  0.315371
 1.223  0.020285  0.314824
 1.224  0.020120  0.314203
 1.225  0.019947  0.313483
 1.226  0.019806  0.313083
 1.227  0.019666  0.312680
 1.228  0.019526  0.312269
 1.229  0.019385  0.311837
 1.230  0.019243  0.311383
 1.231  0.019101  0.310921
 1.232  0.018959  0.310412
 1.233  0.018816  0.309933
 1.234  0.018674  0.309440
 1.235  0.018524  0.308859
 1.236  0.018361  0.308109
 1.237  0.018232  0.307729
 1.238  0.018103  0.307342
 1.239  0.017974  0.306941
 1.240  0.017845  0.306536
 1.241  0.017717  0.306130
 1.242  0.017588  0.305708
 1.243  0.017458  0.305263
 1.244  0.017328  0.304815
 1.245  0.017196  0.304320
 1.246  0.017062  0.303807
 1.247  0.016919  0.303153
 1.248  0.016786  0.302618
 1.249  0.016668  0.302239
 1.250  0.016549  0.301850
 1.251  0.016431  0.301460
 1.252  0.016313  0.301053
 1.253  0.016194  0.300640
 1.254  0.016076  0.300225
 1.255  0.015957  0.299788
 1.256  0.015837  0.299335
 1.257  0.015715  0.298849
 1.258  0.015590  0.298305
 1.259  0.015458  0.297653
 1.260  0.015349  0.297293
 1.261  0.015240  0.296925
 1.262  0.015131  0.296547
 1.263  0.015022  0.296168
 1.264  0.014914  0.295787
 1.265  0.014805  0.295387
 1.266  0.014695  0.294973
 1.267  0.014586  0.294558
 1.268  0.014475  0.294097
 1.269  0.014364  0.293627
 1.270  0.014234  0.292879
 1.271  0.014133  0.292525
 1.272  0.014033  0.292171
 1.273  0.013933  0.291813
 1.274  0.013834  0.291451
 1.275  0.013733  0.291068
 1.276  0.013633  0.290679
 1.277  0.013533  0.290289
 1.278  0.013432  0.289880
 1.279  0.013331  0.289458
 1.280  0.013229  0.289009
 1.281  0.013124  0.288506
 1.282  0.013012  0.287883
 1.283  0.012919  0.287550
 1.284  0.012827  0.287212
 1.285  0.012735  0.286868
 1.286  0.012644  0.286530
 1.287  0.012553  0.286203
 1.288  0.012461  0.285822
 1.289  0.012369  0.285423
 1.290  0.012276  0.285023
 1.291  0.012183  0.284587
 1.292  0.012088  0.284137
 1.293  0.011989  0.283589
 1.294  0.011892  0.283078
 1.295  0.011807  0.282745
 1.296  0.011722  0.282410
 1.297  0.011638  0.282072
 1.298  0.011553  0.281720
 1.299  0.011468  0.281359
 1.300  0.011383  0.281000
 1.301  0.011299  0.280633
 1.302  0.011213  0.280249
 1.303  0.011128  0.279862
 1.304  0.011041  0.279427
 1.305  0.010946  0.278860
 1.306  0.010866  0.278513
 1.307  0.010788  0.278179
 1.308  0.010709  0.277833
 1.309  0.010631  0.277486
 1.310  0.010553  0.277140
 1.311  0.010475  0.276790
 1.312  0.010396  0.276418
 1.313  0.010318  0.276046
 1.314  0.010239  0.275657
 1.315  0.010159  0.275240
 1.316  0.010078  0.274785
 1.317  0.009991  0.274215
 1.318  0.009919  0.273910
 1.319  0.009847  0.273606
 1.320  0.009775  0.273305
 1.321  0.009704  0.273003
 1.322  0.009633  0.272709
 1.323  0.009562  0.272435
 1.324  0.009490  0.272073
 1.325  0.009417  0.271688
 1.326  0.009345  0.271297
 1.327  0.009271  0.270876
 1.328  0.009196  0.270421
 1.329  0.009118  0.269884
 1.330  0.009051  0.269572
 1.331  0.008984  0.269255
 1.332  0.008917  0.268933
 1.333  0.008851  0.268614
 1.334  0.008785  0.268295
 1.335  0.008718  0.267964
 1.336  0.008652  0.267626
 1.337  0.008586  0.267288
 1.338  0.008519  0.266929
 1.339  0.008452  0.266573
 1.340  0.008383  0.266171
 1.341  0.008315  0.265778
 1.342  0.008253  0.265460
 1.343  0.008192  0.265141
 1.344  0.008130  0.264819
 1.345  0.008068  0.264484
 1.346  0.008006  0.264146
 1.347  0.007945  0.263808
 1.348  0.007883  0.263463
 1.349  0.007822  0.263105
 1.350  0.007760  0.262741
 1.351  0.007697  0.262332
 1.352  0.007629  0.261809
 1.353  0.007570  0.261485
 1.354  0.007513  0.261207
 1.355  0.007457  0.260927
 1.356  0.007401  0.260659
 1.357  0.007345  0.260414
 1.358  0.007291  0.260240
 1.359  0.007234  0.259886
 1.360  0.007177  0.259530
 1.361  0.007119  0.259164
 1.362  0.007062  0.258776
 1.363  0.007003  0.258365
 1.364  0.006941  0.257823
 1.365  0.006887  0.257527
 1.366  0.006835  0.257233
 1.367  0.006782  0.256939
 1.368  0.006729  0.256638
 1.369  0.006677  0.256334
 1.370  0.006624  0.256031
 1.371  0.006572  0.255735
 1.372  0.006520  0.255427
 1.373  0.006468  0.255123
 1.374  0.006416  0.254821
 1.375  0.006365  0.254589
 1.376  0.006309  0.254105
 1.377  0.006259  0.253800
 1.378  0.006210  0.253488
 1.379  0.006161  0.253177
 1.380  0.006112  0.252866
 1.381  0.006064  0.252555
 1.382  0.006015  0.252233
 1.383  0.005966  0.251907
 1.384  0.005917  0.251581
 1.385  0.005868  0.251236
 1.386  0.005819  0.250885
 1.387  0.005769  0.250472
 1.388  0.005719  0.250083
 1.389  0.005674  0.249833
 1.390  0.005630  0.249597
 1.391  0.005586  0.249381
 1.392  0.005543  0.249255
 1.393  0.005498  0.248977
 1.394  0.005453  0.248648
 1.395  0.005408  0.248310
 1.396  0.005362  0.247961
 1.397  0.005317  0.247613
 1.398  0.005271  0.247221
 1.399  0.005222  0.246726
 1.400  0.005179  0.246430
 1.401  0.005137  0.246150
 1.402  0.005095  0.245872
 1.403  0.005053  0.245594
 1.404  0.005012  0.245327
 1.405  0.004971  0.245055
 1.406  0.004929  0.244786
 1.407  0.004888  0.244532
 1.408  0.004848  0.244302
 1.409  0.004809  0.244172
 1.410  0.004766  0.243758
 1.411  0.004721  0.243292
 1.412  0.004682  0.242995
 1.413  0.004643  0.242698
 1.414  0.004604  0.242403
 1.415  0.004565  0.242101
 1.416  0.004526  0.241799
 1.417  0.004487  0.241503
 1.418  0.004448  0.241203
 1.419  0.004410  0.240897
 1.420  0.004371  0.240591
 1.421  0.004332  0.240266
 1.422  0.004292  0.239882
 1.423  0.004255  0.239600
 1.424  0.004219  0.239414
 1.425  0.004186  0.239345
 1.426  0.004150  0.239123
 1.427  0.004114  0.238808
 1.428  0.004078  0.238489
 1.429  0.004041  0.238164
 1.430  0.004005  0.237841
 1.431  0.003969  0.237513
 1.432  0.003933  0.237173
 1.433  0.003897  0.236803
 1.434  0.003859  0.236388
 1.435  0.003826  0.236128
 1.436  0.003792  0.235877
 1.437  0.003759  0.235630
 1.438  0.003726  0.235391
 1.439  0.003693  0.235170
 1.440  0.003661  0.234980
 1.441  0.003630  0.234918
 1.442  0.003597  0.234663
 1.443  0.003563  0.234315
 1.444  0.003529  0.233935
 1.445  0.003494  0.233481
 1.446  0.003462  0.233177
 1.447  0.003430  0.232891
 1.448  0.003399  0.232609
 1.449  0.003368  0.232326
 1.450  0.003337  0.232055
 1.451  0.003306  0.231776
 1.452  0.003275  0.231509
 1.453  0.003244  0.231245
 1.454  0.003214  0.230990
 1.455  0.003184  0.230753
 1.456  0.003153  0.230515
 1.457  0.003125  0.230443
 1.458  0.003096  0.230135
 1.459  0.003066  0.229827
 1.460  0.003037  0.229517
 1.461  0.003007  0.229211
 1.462  0.002978  0.228908
 1.463  0.002950  0.228608
 1.464  0.002921  0.228302
 1.465  0.002892  0.227996
 1.466  0.002863  0.227690
 1.467  0.002834  0.227366
 1.468  0.002806  0.227041
 1.469  0.002779  0.226822
 1.470  0.002752  0.226636
 1.471  0.002727  0.226496
 1.472  0.002703  0.226575
 1.473  0.002675  0.226245
 1.474  0.002648  0.225915
 1.475  0.002621  0.225586
 1.476  0.002594  0.225249
 1.477  0.002567  0.224918
 1.478  0.002540  0.224551
 1.479  0.002513  0.224197
 1.480  0.002488  0.223931
 1.481  0.002463  0.223673
 1.482  0.002437  0.223427
 1.483  0.002413  0.223191
 1.484  0.002388  0.222972
 1.485  0.002364  0.222790
 1.486  0.002340  0.222669
 1.487  0.002318  0.222688
 1.488  0.002293  0.222320
 1.489  0.002267  0.221926
 1.490  0.002242  0.221568
 1.491  0.002219  0.221262
 1.492  0.002195  0.220971
 1.493  0.002171  0.220682
 1.494  0.002148  0.220401
 1.495  0.002124  0.220124
 1.496  0.002101  0.219856
 1.497  0.002079  0.219609
 1.498  0.002056  0.219368
 1.499  0.002033  0.219142
 1.500  0.002011  0.218933
 1.501  0.001992  0.219100
 1.502  0.001969  0.218769
 1.503  0.001947  0.218440
 1.504  0.001925  0.218118
 1.505  0.001903  0.217796
 1.506  0.001881  0.217483
 1.507  0.001859  0.217182
 1.508  0.001837  0.216881
 1.509  0.001816  0.216587
 1.510  0.001795  0.216288
 1.511  0.001774  0.216012
 1.512  0.001753  0.215804
 1.513  0.001733  0.215648
 1.514  0.001714  0.215569
 1.515  0.001696  0.215687
 1.516  0.001676  0.215336
 1.517  0.001655  0.214987
 1.518  0.001635  0.214649
 1.519  0.001615  0.214311
 1.520  0.001594  0.213971
 1.521  0.001574  0.213640
 1.522  0.001555  0.213361
 1.523  0.001536  0.213100
 1.524  0.001517  0.212850
 1.525  0.001498  0.212641
 1.526  0.001480  0.212456
 1.527  0.001462  0.212348
 1.528  0.001446  0.212595
 1.529  0.001427  0.212224
 1.530  0.001408  0.211855
 1.531  0.001390  0.211476
 1.532  0.001371  0.211152
 1.533  0.001353  0.210835
 1.534  0.001335  0.210533
 1.535  0.001317  0.210252
 1.536  0.001300  0.209973
 1.537  0.001282  0.209729
 1.538  0.001265  0.209511
 1.539  0.001248  0.209357
 1.540  0.001232  0.209302
 1.541  0.001218  0.209474
 1.542  0.001200  0.209100
 1.543  0.001183  0.208740
 1.544  0.001166  0.208380
 1.545  0.001150  0.208047
 1.546  0.001133  0.207724
 1.547  0.001116  0.207417
 1.548  0.001100  0.207143
 1.549  0.001084  0.206874
 1.550  0.001069  0.206668
 1.551  0.001053  0.206511
 1.552  0.001039  0.206448
 1.553  0.001026  0.206749
 1.554  0.001010  0.206342
 1.555  0.000994  0.205962
 1.556  0.000978  0.205589
 1.557  0.000963  0.205237
 1.558  0.000948  0.204921
 1.559  0.000933  0.204620
 1.560  0.000918  0.204370
 1.561  0.000903  0.204107
 1.562  0.000889  0.203898
 1.563  0.000875  0.203754
 1.564  0.000862  0.203814
 1.565  0.000849  0.203946
 1.566  0.000835  0.203522
 1.567  0.000820  0.203137
 1.568  0.000806  0.202787
 1.569  0.000792  0.202488
 1.570  0.000779  0.202156
 1.571  0.000765  0.201828
 1.572  0.000751  0.201569
 1.573  0.000738  0.201334
 1.574  0.000725  0.201215
 1.575  0.000713  0.201301
 1.576  0.000702  0.201498
 1.577  0.000689  0.201107
 1.578  0.000676  0.200724
 1.579  0.000663  0.200326
 1.580  0.000650  0.199943
 1.581  0.000637  0.199593
 1.582  0.000624  0.199281
 1.583  0.000612  0.199040
 1.584  0.000600  0.198860
 1.585  0.000589  0.198904
 1.586  0.000580  0.199550
 1.587  0.000567  0.199044
 1.588  0.000555  0.198540
 1.589  0.000543  0.198081
 1.590  0.000531  0.197689
 1.591  0.000519  0.197314
 1.592  0.000508  0.197037
 1.593  0.000497  0.196802
 1.594  0.000486  0.196870
 1.595  0.000476  0.196894
 1.596  0.000467  0.197272
 1.597  0.000455  0.196728
 1.598  0.000444  0.196220
 1.599  0.000433  0.195729
 1.600  0.000422  0.195381
 1.601  0.000411  0.195105
 1.602  0.000402  0.195043
 1.603  0.000391  0.194742
 1.604  0.000382  0.194733
 1.605  0.000374  0.195374
 1.606  0.000363  0.194753
 1.607  0.000353  0.194260
 1.608  0.000343  0.193773
 1.609  0.000333  0.193559
 1.610  0.000324  0.193303
 1.611  0.000314  0.192937
 1.612  0.000305  0.192706
 1.613  0.000297  0.192944
 1.614  0.000289  0.193236
 1.615  0.000279  0.192690
 1.616  0.000270  0.192458
 1.617  0.000261  0.191921
 1.618  0.000252  0.191457
 1.619  0.000243  0.191078
 1.620  0.000235  0.190931
 1.621  0.000228  0.191419
 1.622  0.000220  0.191627
 1.623  0.000212  0.191374
 1.624  0.000204  0.190593
 1.625  0.000195  0.189907
 1.626  0.000187  0.189477
 1.627  0.000180  0.189226
 1.628  0.000173  0.189630
 1.629  0.000167  0.190822
 1.630  0.000159  0.189870
 1.631  0.000151  0.188917
 1.632  0.000144  0.188212
 1.633  0.000137  0.187747
 1.634  0.000130  0.187966
 1.635  0.000125  0.190169
 1.636  0.000118  0.188819
 1.637  0.000111  0.187800
 1.638  0.000105  0.186802
 1.639  0.000099  0.186471
 1.640  0.000093  0.187402
 1.641  0.000089  0.188893
 1.642  0.000083  0.187135
 1.643  0.000077  0.186127
 1.644  0.000071  0.185249
 1.645  0.000066  0.186253
 1.646  0.000061  0.186818
 1.647  0.000057  0.186313
 1.648  0.000052  0.184871
 1.649  0.000048  0.184780
 1.650  0.000044  0.184937
 1.651  0.000042  0.186631
 1.652  0.000037  0.184100
 1.653  0.000034  0.183958
 1.654  0.000031  0.183602
 1.655  0.000029  0.185516
 1.656  0.000027  0.182733
 1.657  0.000025  0.183276
 1.658  0.000026  0.186020
 1.659  0.000025  0.182954
 1.660  0.000025  0.181417
 1.661  0.000028  0.182355
 1.662  0.000031  0.179524
 1.663  0.000039  0.180580
 1.664  0.000054  0.191719
 1.665  0.000000  0.000000
