0.000    0.000005    0.000000
0.150    0.000361    0.000711
0.300    0.000722    0.001421
0.440    0.001084    0.002148
0.590    0.001446    0.002871
0.740    0.001809    0.003592
0.890    0.002173    0.004313
1.040    0.002539    0.005033
1.180    0.002906    0.005759
1.330    0.004569    0.006773
1.480    0.007215    0.008211
1.630    0.009284    0.009891
1.770    0.010726    0.011679
1.920    0.011942    0.013513
2.070    0.013247    0.015401
2.220    0.014418    0.017317
2.370    0.015424    0.019237
2.510    0.016493    0.021175
2.660    0.017602    0.023128
2.810    0.018571    0.025077
2.960    0.019728    0.027043
3.110    0.020918    0.029028
3.250    0.022129    0.031036
3.400    0.023398    0.033066
3.550    0.024720    0.035121
3.700    0.026112    0.037202
3.840    0.027582    0.039321
3.990    0.029337    0.041490
4.140    0.032507    0.043807
4.290    0.065473    0.048309
4.440    0.049169    0.051576
4.580    0.043925    0.054405
4.730    0.042815    0.057075
4.880    0.064690    0.060986
5.030    0.056629    0.064307
5.180    0.049749    0.067140
5.320    0.074077    0.071248
5.470    0.076363    0.075366
5.620    0.078283    0.079475
5.770    0.074448    0.083282
5.910    0.073443    0.086948
6.060    0.096915    0.091665
6.210    0.091656    0.096020
6.360    0.083436    0.099890
6.510    0.077077    0.103382
6.650    0.120980    0.108749
6.800    0.093596    0.112810
6.950    0.093952    0.116797
7.100    0.110089    0.121372
7.250    0.127970    0.126579
7.390    0.131451    0.131826
7.540    0.121853    0.136593
7.690    0.129755    0.141571
7.840    0.151157    0.147259
7.980    0.149659    0.152791
8.130    0.136894    0.157758
8.280    0.139408    0.162725
8.430    0.165903    0.168531
8.580    0.145854    0.173546
8.720    0.151345    0.178666
8.870    0.153438    0.183769
9.020    0.160148    0.189006
9.170    0.160509    0.194170
9.320    0.168029    0.199489
9.460    0.176685    0.204998
9.610    0.186139    0.210712
9.760    0.197663    0.216687
9.910    0.210482    0.222952
10.060    0.224841    0.229546
10.200    0.239680    0.236477
10.350    0.257025    0.243803
10.500    0.276150    0.251562
10.650    0.297430    0.259800
10.790    0.320296    0.268557
10.940    0.344830    0.277856
11.090    0.373374    0.287788
11.240    0.404445    0.298403
11.390    0.440951    0.309823
11.530    0.474253    0.321957
11.680    0.518501    0.335053
11.830    0.561660    0.349059
11.980    0.611603    0.364119
12.130    0.661366    0.380203
12.270    0.712124    0.397325
12.420    0.765149    0.415498
12.570    0.817993    0.434696
12.720    0.866262    0.454786
12.860    0.911486    0.475695
13.010    0.949268    0.497219
13.160    0.984779    0.519294
13.310    1.009880    0.541677
13.460    1.031158    0.564277
13.600    1.048777    0.587026
13.750    1.050125    0.609556
13.900    1.059568    0.632043
14.050    1.055086    0.654196
14.200    1.060393    0.676226
14.340    1.058100    0.697993
14.490    1.054417    0.719459
14.640    1.058196    0.740782
14.790    1.054267    0.761811
14.930    1.065859    0.782871
15.080    1.073491    0.803871
15.230    1.095034    0.825081
15.380    1.150333    0.847145
15.530    1.223954    0.870395
15.670    1.299458    0.894858
15.820    1.375730    0.920512
15.970    1.424181    0.946820
16.120    1.445044    0.973264
16.270    1.415190    0.998924
16.410    1.344683    1.023097
16.560    1.254311    1.045441
16.710    1.154272    1.065819
16.860    1.056697    1.084308
17.010    0.952417    1.100826
17.150    0.855150    1.115535
17.300    0.744607    1.128232
17.450    0.642586    1.139095
17.600    0.555254    1.148402
17.740    0.487427    1.156508
17.890    0.434239    1.163668
18.040    0.392444    1.170086
18.190    0.360750    1.175936
18.340    0.336294    1.181345
18.480    0.318763    1.186434
18.630    0.304428    1.191254
18.780    0.294055    1.195874
18.930    0.287126    1.200348
19.080    0.282957    1.204723
19.220    0.281382    1.209042
19.370    0.281447    1.213328
19.520    0.282642    1.217600
19.670    0.284017    1.221859
19.810    0.284531    1.226096
19.960    0.283439    1.230285
20.110    0.280248    1.234396
20.260    0.275255    1.238404
20.410    0.267875    1.242276
20.550    0.259709    1.246004
20.700    0.249790    1.249564
20.850    0.238887    1.252944
21.000    0.231427    1.256195
21.150    0.217637    1.259231
21.290    0.205051    1.262072
21.440    0.191999    1.264714
21.590    0.180460    1.267179
21.740    0.169973    1.269486
21.880    0.160969    1.271656
22.030    0.150595    1.273673
22.180    0.140325    1.275539
22.330    0.131751    1.277280
22.480    0.123838    1.278905
22.620    0.117052    1.280431
22.770    0.110320    1.281860
22.920    0.104139    1.283201
23.070    0.098464    1.284460
23.220    0.093254    1.285645
23.360    0.088801    1.286766
23.510    0.084370    1.287825
23.660    0.080289    1.288826
23.810    0.076524    1.289774
23.950    0.073294    1.290677
24.100    0.070058    1.291534
24.250    0.067057    1.292350
24.400    0.064272    1.293127
24.550    0.061681    1.293868
24.690    0.059446    1.294578
24.840    0.057183    1.295258
24.990    0.055070    1.295908
25.140    0.053092    1.296531
25.290    0.051240    1.297128
25.430    0.049632    1.297704
25.580    0.047992    1.298258
25.730    0.046450    1.298790
25.880    0.044998    1.299303
26.030    0.043630    1.299798
26.170    0.042438    1.300276
26.320    0.041214    1.300738
26.470    0.040058    1.301184
26.620    0.038965    1.301616
26.760    0.038011    1.302035
26.910    0.037027    1.302441
27.060    0.036095    1.302835
27.210    0.035212    1.303216
27.360    0.034375    1.303587
27.500    0.033644    1.303948
27.650    0.032887    1.304299
27.800    0.032169    1.304640
27.950    0.031488    1.304972
28.100    0.030841    1.305296
28.240    0.030277    1.305612
28.390    0.029692    1.305921
28.540    0.029138    1.306222
28.690    0.028612    1.306516
28.830    0.028155    1.306804
28.980    0.027680    1.307086
29.130    0.027232    1.307362
29.280    0.026807    1.307632
29.430    0.026406    1.307897
29.570    0.026060    1.308157
29.720    0.025702    1.308412
29.870    0.025365    1.308662
30.020    0.025049    1.308909
30.170    0.024753    1.309151
30.310    0.024502    1.309389
30.460    0.024243    1.309624
30.610    0.024004    1.309855
30.760    0.023783    1.310083
30.900    0.023600    1.310309
31.050    0.023414    1.310531
31.200    0.023245    1.310751
31.350    0.023095    1.310968
31.500    0.022962    1.311183
31.640    0.022860    1.311396
31.790    0.022762    1.311608
31.940    0.022680    1.311817
32.090    0.022617    1.312025
32.240    0.022572    1.312231
32.380    0.022552    1.312437
32.530    0.022542    1.312641
32.680    0.022551    1.312845
32.830    0.022580    1.313048
32.970    0.022631    1.313250
33.120    0.022699    1.313452
33.270    0.022788    1.313655
33.420    0.022902    1.313857
33.570    0.023044    1.314059
33.710    0.023237    1.314263
33.860    0.031002    1.314533
34.010    0.027590    1.314772
34.160    0.026093    1.314997
34.310    0.025537    1.315217
34.450    0.024770    1.315429
34.600    0.025206    1.315644
34.750    0.027047    1.315873
34.900    0.026732    1.316099
35.050    0.031551    1.316365
35.190    0.028295    1.316602
35.340    0.028596    1.316841
35.490    0.029625    1.317087
35.640    0.042323    1.317437
35.780    0.036273    1.317737
35.930    0.033197    1.318009
36.080    0.037279    1.318314
36.230    0.034971    1.318599
36.380    0.040817    1.318930
36.520    0.041873    1.319268
36.670    0.038699    1.319579
36.820    0.038534    1.319888
36.970    0.040609    1.320212
37.120    0.041254    1.320540
37.260    0.046481    1.320908
37.410    0.048495    1.321290
37.560    0.059952    1.321761
37.710    0.061590    1.322243
37.850    0.066724    1.322763
38.000    0.074606    1.323342
38.150    0.075675    1.323927
38.300    0.084318    1.324577
38.450    0.107432    1.325401
38.590    0.111739    1.326255
38.740    0.142887    1.327343
38.890    0.164684    1.328592
39.040    0.182398    1.329971
39.190    0.244456    1.331811
39.330    0.200238    1.333313
39.480    0.214969    1.334919
39.630    0.205967    1.336452
39.780    0.197220    1.337915
39.920    0.200376    1.339395
40.070    0.220118    1.341016
40.220    0.259075    1.342916
40.370    0.320912    1.345261
40.520    0.406724    1.348222
40.660    0.499849    1.351849
40.810    0.586371    1.356088
40.960    0.632771    1.360645
41.110    0.633598    1.365191
41.260    0.604923    1.369517
41.400    0.568578    1.373568
41.550    0.530812    1.377337
41.700    0.503992    1.380902
41.850    0.494175    1.384386
41.990    0.500233    1.387900
42.140    0.517268    1.391521
42.290    0.540205    1.395289
42.440    0.580697    1.399326
42.590    0.650726    1.403833
42.730    0.725646    1.408843
42.880    0.764456    1.414102
43.030    0.724698    1.419070
43.180    0.645983    1.423484
43.330    0.578680    1.427423
43.470    0.539051    1.431081
43.620    0.522193    1.434613
43.770    0.535133    1.438220
43.920    0.570887    1.442054
44.070    0.605677    1.446109
44.210    0.640609    1.450383
44.360    1.005267    1.457068
44.510    0.723252    1.461862
44.660    0.748100    1.466803
44.800    0.774950    1.471906
44.950    0.778839    1.477018
45.100    0.767356    1.482037
45.250    0.739661    1.486859
45.400    0.705586    1.491444
45.540    0.692123    1.495927
45.690    0.674121    1.500280
45.840    0.628773    1.504326
45.990    0.601930    1.508187
46.140    0.608754    1.512079
46.280    0.668773    1.516342
46.430    0.561397    1.519909
46.580    0.467411    1.522869
46.730    0.405427    1.525429
46.870    0.371078    1.527764
47.020    0.343209    1.529918
47.170    0.296426    1.531771
47.320    0.238714    1.533260
47.470    0.198949    1.534496
47.610    0.176227    1.535588
47.760    0.157109    1.536558
47.910    0.142034    1.537433
48.060    0.128865    1.538224
48.210    0.117188    1.538941
48.350    0.105915    1.539587
48.500    0.096068    1.540172
48.650    0.087711    1.540703
48.800    0.079677    1.541185
48.940    0.073846    1.541630
49.090    0.068404    1.542041
49.240    0.062888    1.542418
49.390    0.058602    1.542768
49.540    0.055181    1.543097
49.680    0.051559    1.543403
49.830    0.048198    1.543688
49.980    0.045352    1.543956
50.130    0.043569    1.544212
50.280    0.040692    1.544451
50.420    0.038334    1.544675
50.570    0.036271    1.544887
50.720    0.034441    1.545087
50.870    0.032782    1.545277
51.020    0.031271    1.545458
51.160    0.030003    1.545631
51.310    0.028828    1.545797
51.460    0.028084    1.545958
51.610    0.029969    1.546129
51.750    0.036448    1.546337
51.900    0.025876    1.546484
52.050    0.023657    1.546618
52.200    0.022457    1.546745
52.350    0.021500    1.546866
52.490    0.020710    1.546982
52.640    0.019929    1.547094
52.790    0.019203    1.547201
52.940    0.018522    1.547305
53.090    0.017882    1.547404
53.230    0.017320    1.547500
53.380    0.016747    1.547593
53.530    0.016204    1.547682
53.680    0.015689    1.547768
53.820    0.015234    1.547852
53.970    0.014767    1.547932
54.120    0.014323    1.548010
54.270    0.013899    1.548086
54.420    0.013496    1.548159
54.560    0.013137    1.548230
54.710    0.012768    1.548299
54.860    0.012415    1.548366
55.010    0.012077    1.548431
55.160    0.011754    1.548493
55.300    0.011466    1.548555
55.450    0.011168    1.548614
55.600    0.010882    1.548672
55.750    0.010608    1.548728
55.890    0.010363    1.548783
56.040    0.010109    1.548836
56.190    0.009864    1.548888
56.340    0.009629    1.548938
56.490    0.009403    1.548987
56.630    0.009200    1.549035
56.780    0.008989    1.549082
56.930    0.008786    1.549127
57.080    0.008590    1.549172
57.230    0.008401    1.549215
57.370    0.008231    1.549257
57.520    0.008054    1.549299
57.670    0.007883    1.549339
57.820    0.007717    1.549378
57.960    0.007569    1.549417
58.110    0.007413    1.549454
58.260    0.007263    1.549491
58.410    0.007117    1.549527
58.560    0.006976    1.549562
58.700    0.006849    1.549597
58.850    0.006717    1.549630
59.000    0.006588    1.549663
