0.000    0.001580    0.000000
0.150    0.002398    0.004716
0.300    0.006541    0.011148
0.440    0.003788    0.013688
0.590    0.003504    0.015440
0.740    0.009084    0.019061
0.890    0.003747    0.020303
1.040    0.002042    0.020882
1.180    0.002531    0.021515
1.330    0.004425    0.022497
1.480    0.004729    0.023439
1.630    0.002979    0.023978
1.770    0.003141    0.024502
1.920    0.005443    0.025338
2.070    0.003771    0.025875
2.220    0.003874    0.026390
2.370    0.003309    0.026802
2.510    0.004529    0.027334
2.660    0.004127    0.027792
2.810    0.003611    0.028171
2.960    0.003622    0.028532
3.110    0.004683    0.028976
3.250    0.004735    0.029406
3.400    0.003901    0.029745
3.550    0.004451    0.030114
3.700    0.005277    0.030535
3.840    0.005325    0.030944
3.990    0.006450    0.031421
4.140    0.010180    0.032147
4.290    0.025632    0.033909
4.440    0.021504    0.035338
4.580    0.018522    0.036531
4.730    0.017228    0.037605
4.880    0.028572    0.039332
5.030    0.025801    0.040846
5.180    0.019267    0.041943
5.320    0.025949    0.043382
5.470    0.032148    0.045116
5.620    0.033671    0.046883
5.770    0.027858    0.048307
5.910    0.025144    0.049562
6.060    0.041682    0.051591
6.210    0.036071    0.053305
6.360    0.032658    0.054820
6.510    0.026362    0.056014
6.650    0.050532    0.058256
6.800    0.036768    0.059851
6.950    0.033448    0.061271
7.100    0.040043    0.062935
7.250    0.051630    0.065035
7.390    0.051563    0.067094
7.540    0.041442    0.068715
7.690    0.047906    0.070553
7.840    0.060322    0.072823
7.980    0.056893    0.074926
8.130    0.042291    0.076460
8.280    0.040789    0.077914
8.430    0.056133    0.079878
8.580    0.034748    0.081073
8.720    0.031650    0.082143
8.870    0.027293    0.083051
9.020    0.026227    0.083909
9.170    0.019103    0.084523
9.320    0.017631    0.085081
9.460    0.017198    0.085618
9.610    0.016476    0.086124
9.760    0.016861    0.086633
9.910    0.017616    0.087158
10.060    0.018800    0.087709
10.200    0.020135    0.088291
10.350    0.021889    0.088915
10.500    0.023955    0.089588
10.650    0.026481    0.090322
10.790    0.029201    0.091120
10.940    0.032909    0.092007
11.090    0.037359    0.093001
11.240    0.042753    0.094123
11.390    0.050441    0.095430
11.530    0.057775    0.096908
11.680    0.070631    0.098692
11.830    0.085419    0.100822
11.980    0.109123    0.103509
12.130    0.143493    0.106999
12.270    0.198941    0.111782
12.420    0.316220    0.119292
12.570    0.657908    0.134733
12.720    2.261228    0.187175
12.860    3.494111    0.267327
13.010    3.723448    0.351756
13.160    3.551639    0.431371
13.310    3.541530    0.509865
13.460    3.138016    0.578640
13.600    3.468722    0.653881
13.750    3.645880    0.732101
13.900    3.274586    0.801598
14.050    2.677753    0.857821
14.200    2.325667    0.906136
14.340    1.684961    0.940799
14.490    1.881667    0.979107
14.640    1.564584    1.010634
14.790    1.235053    1.035268
14.930    1.309549    1.061144
15.080    1.265641    1.085903
15.230    1.295320    1.110992
15.380    1.630301    1.142263
15.530    1.679212    1.174160
15.670    1.911038    1.210137
15.820    2.090983    1.249128
15.970    2.198705    1.289743
16.120    2.768238    1.340402
16.270    2.284536    1.381825
16.410    1.658967    1.411648
16.560    1.436958    1.437246
16.710    1.555076    1.464699
16.860    1.216257    1.485980
17.010    0.961995    1.502664
17.150    0.668313    1.514159
17.300    0.356009    1.520230
17.450    0.187600    1.523401
17.600    0.114156    1.525315
17.740    0.079451    1.526636
17.890    0.061433    1.527649
18.040    0.050434    1.528474
18.190    0.043220    1.529175
18.340    0.038582    1.529795
18.480    0.035572    1.530363
18.630    0.033631    1.530896
18.780    0.032964    1.531414
18.930    0.033867    1.531941
19.080    0.037519    1.532521
19.220    0.045432    1.533219
19.370    0.063441    1.534185
19.520    0.101648    1.535721
19.670    0.180134    1.538423
19.810    0.306540    1.542987
19.960    0.492627    1.550268
20.110    0.687538    1.560354
20.260    0.791799    1.571883
20.410    0.778112    1.583130
20.550    0.821396    1.594921
20.700    0.731120    1.605340
20.850    0.554554    1.613187
21.000    0.165037    1.615505
21.150    0.073775    1.616534
21.290    0.046424    1.617177
21.440    0.032707    1.617627
21.590    0.025092    1.617970
21.740    0.020327    1.618246
21.880    0.017276    1.618479
22.030    0.014915    1.618679
22.180    0.013055    1.618852
22.330    0.011545    1.619005
22.480    0.010403    1.619141
22.620    0.009535    1.619266
22.770    0.008759    1.619379
22.920    0.008104    1.619483
23.070    0.007544    1.619580
23.220    0.007059    1.619670
23.360    0.006661    1.619754
23.510    0.006284    1.619833
23.660    0.005949    1.619907
23.810    0.005649    1.619977
23.950    0.005396    1.620043
24.100    0.005150    1.620106
24.250    0.004926    1.620166
24.400    0.004722    1.620223
24.550    0.004535    1.620278
24.690    0.004374    1.620330
24.840    0.004215    1.620380
24.990    0.004068    1.620428
25.140    0.003931    1.620474
25.290    0.003804    1.620519
25.430    0.003694    1.620561
25.580    0.003583    1.620603
25.730    0.003480    1.620643
25.880    0.003383    1.620681
26.030    0.003293    1.620719
26.170    0.003214    1.620755
26.320    0.003134    1.620790
26.470    0.003059    1.620824
26.620    0.002989    1.620857
26.760    0.002927    1.620889
26.910    0.002864    1.620921
27.060    0.002806    1.620951
27.210    0.002750    1.620981
27.360    0.002698    1.621010
27.500    0.002653    1.621039
27.650    0.002607    1.621067
27.800    0.002564    1.621094
27.950    0.002523    1.621120
28.100    0.002485    1.621146
28.240    0.002452    1.621172
28.390    0.002418    1.621197
28.540    0.002387    1.621222
28.690    0.002358    1.621246
28.830    0.002333    1.621270
28.980    0.002308    1.621293
29.130    0.002285    1.621317
29.280    0.002264    1.621339
29.430    0.002245    1.621362
29.570    0.002229    1.621384
29.720    0.002214    1.621406
29.870    0.002200    1.621428
30.020    0.002188    1.621449
30.170    0.002178    1.621471
30.310    0.002170    1.621492
30.460    0.002163    1.621513
30.610    0.002159    1.621534
30.760    0.002155    1.621554
30.900    0.002154    1.621575
31.050    0.002155    1.621595
31.200    0.002157    1.621616
31.350    0.002162    1.621636
31.500    0.002168    1.621656
31.640    0.002176    1.621677
31.790    0.002187    1.621697
31.940    0.002200    1.621717
32.090    0.002215    1.621738
32.240    0.002234    1.621758
32.380    0.002254    1.621779
32.530    0.002278    1.621799
32.680    0.002307    1.621820
32.830    0.002342    1.621841
32.970    0.002380    1.621862
33.120    0.002430    1.621884
33.270    0.002497    1.621906
33.420    0.002597    1.621929
33.570    0.002787    1.621954
33.710    0.003305    1.621982
33.860    0.005789    1.622033
34.010    0.005844    1.622084
34.160    0.004792    1.622125
34.310    0.003935    1.622159
34.450    0.003861    1.622192
34.600    0.004125    1.622227
34.750    0.004988    1.622269
34.900    0.006234    1.622322
35.050    0.006798    1.622379
35.190    0.007066    1.622439
35.340    0.007375    1.622500
35.490    0.007727    1.622564
35.640    0.007923    1.622630
35.780    0.007839    1.622695
35.930    0.007514    1.622756
36.080    0.007229    1.622815
36.230    0.007972    1.622880
36.380    0.010923    1.622969
36.520    0.011080    1.623058
36.670    0.009393    1.623134
36.820    0.009398    1.623209
36.970    0.010530    1.623293
37.120    0.012411    1.623392
37.260    0.014691    1.623508
37.410    0.015818    1.623633
37.560    0.017183    1.623768
37.710    0.018989    1.623916
37.850    0.021235    1.624082
38.000    0.024352    1.624271
38.150    0.028417    1.624491
38.300    0.033960    1.624752
38.450    0.041024    1.625067
38.590    0.048718    1.625439
38.740    0.059893    1.625896
38.890    0.072931    1.626449
39.040    0.093268    1.627154
39.190    0.186830    1.628560
39.330    0.485377    1.632200
39.480    0.201033    1.633703
39.630    0.083499    1.634324
39.780    0.049629    1.634692
39.920    0.046311    1.635034
40.070    0.054588    1.635436
40.220    0.081858    1.636037
40.370    0.171893    1.637293
40.520    0.376045    1.640031
40.660    0.621193    1.644538
40.810    0.900949    1.651050
40.960    1.196315    1.659666
41.110    1.122542    1.667721
41.260    0.874728    1.673975
41.400    0.702930    1.678984
41.550    0.547769    1.682873
41.700    0.430558    1.685919
41.850    0.279113    1.687887
41.990    0.135384    1.688838
42.140    0.114285    1.689638
42.290    0.146802    1.690662
42.440    0.289476    1.692674
42.590    1.114261    1.700392
42.730    1.491913    1.710692
42.880    1.025951    1.717750
43.030    0.777639    1.723081
43.180    0.687603    1.727779
43.330    0.581320    1.731737
43.470    0.501438    1.735140
43.620    0.437505    1.738099
43.770    0.422896    1.740949
43.920    0.470284    1.744108
44.070    0.492070    1.747401
44.210    0.494158    1.750699
44.360    0.675910    1.755194
44.510    0.743899    1.760124
44.660    1.565293    1.770463
44.800    3.070055    1.790679
44.950    2.727388    1.808579
45.100    1.855580    1.820716
45.250    1.130215    1.828084
45.400    0.698260    1.832621
45.540    0.539237    1.836115
45.690    0.532147    1.839550
45.840    0.402528    1.842141
45.990    0.576935    1.845842
46.140    0.564612    1.849451
46.280    0.594115    1.853238
46.430    0.304667    1.855174
46.580    0.189071    1.856372
46.730    0.183757    1.857532
46.870    0.210530    1.858857
47.020    0.255476    1.860460
47.170    0.106531    1.861126
47.320    0.046823    1.861418
47.470    0.035137    1.861636
47.610    0.050769    1.861951
47.760    0.030311    1.862138
47.910    0.018820    1.862254
48.060    0.015217    1.862347
48.210    0.013130    1.862428
48.350    0.011645    1.862499
48.500    0.010569    1.862563
48.650    0.009612    1.862621
48.800    0.008711    1.862674
48.940    0.008145    1.862723
49.090    0.007513    1.862768
49.240    0.006899    1.862809
49.390    0.006458    1.862848
49.540    0.006079    1.862884
49.680    0.005696    1.862918
49.830    0.005340    1.862950
49.980    0.005052    1.862979
50.130    0.004758    1.863007
50.280    0.004402    1.863033
50.420    0.004081    1.863057
50.570    0.003812    1.863079
50.720    0.003605    1.863100
50.870    0.003450    1.863120
51.020    0.003339    1.863140
51.160    0.003287    1.863159
51.310    0.003349    1.863178
51.460    0.003806    1.863200
51.610    0.006669    1.863238
51.750    0.013301    1.863314
51.900    0.004539    1.863339
52.050    0.003066    1.863357
52.200    0.002626    1.863372
52.350    0.002407    1.863385
52.490    0.002271    1.863398
52.640    0.002159    1.863410
52.790    0.002066    1.863422
52.940    0.001985    1.863433
53.090    0.001912    1.863443
53.230    0.001849    1.863453
53.380    0.001787    1.863463
53.530    0.001730    1.863473
53.680    0.001675    1.863482
53.820    0.001628    1.863491
53.970    0.001579    1.863500
54.120    0.001534    1.863508
54.270    0.001490    1.863516
54.420    0.001449    1.863524
54.560    0.001412    1.863532
54.710    0.001374    1.863539
54.860    0.001339    1.863546
55.010    0.001304    1.863553
55.160    0.001271    1.863560
55.300    0.001242    1.863567
55.450    0.001212    1.863573
55.600    0.001183    1.863579
55.750    0.001155    1.863585
55.890    0.001130    1.863591
56.040    0.001104    1.863597
56.190    0.001079    1.863603
56.340    0.001055    1.863608
56.490    0.001032    1.863614
56.630    0.001011    1.863619
56.780    0.000990    1.863624
56.930    0.000969    1.863629
57.080    0.000949    1.863634
57.230    0.000930    1.863639
57.370    0.000912    1.863644
57.520    0.000894    1.863648
57.670    0.000877    1.863653
57.820    0.000860    1.863657
57.960    0.000844    1.863661
58.110    0.000828    1.863666
58.260    0.000813    1.863670
58.410    0.000798    1.863674
58.560    0.000784    1.863678
58.700    0.000770    1.863682
58.850    0.000757    1.863685
59.000    0.000744    1.863689
