0.000    0.003036    0.000000
0.150    0.003125    0.006145
0.300    0.003217    0.009309
0.440    0.003308    0.011526
0.590    0.003409    0.013231
0.740    0.003516    0.014632
0.890    0.003628    0.015835
1.040    0.003746    0.016898
1.180    0.003862    0.017863
1.330    0.003993    0.018749
1.480    0.004132    0.019573
1.630    0.004279    0.020347
1.770    0.004424    0.021084
1.920    0.004589    0.021789
2.070    0.004765    0.022469
2.220    0.004953    0.023127
2.370    0.005155    0.023768
2.510    0.005357    0.024398
2.660    0.005592    0.025018
2.810    0.005847    0.025632
2.960    0.006129    0.026243
3.110    0.006444    0.026854
3.250    0.006779    0.027469
3.400    0.007199    0.028094
3.550    0.007724    0.028736
3.700    0.008457    0.029410
3.840    0.009621    0.030149
3.990    0.013026    0.031112
4.140    0.027338    0.033060
4.290    0.028480    0.035019
4.440    0.023350    0.036570
4.580    0.022615    0.038027
4.730    0.032683    0.040065
4.880    0.033096    0.042066
5.030    0.027497    0.043678
5.180    0.035322    0.045690
5.320    0.038275    0.047812
5.470    0.045909    0.050288
5.620    0.040838    0.052432
5.770    0.035233    0.054233
5.910    0.054784    0.056968
6.060    0.050867    0.059444
6.210    0.047165    0.061685
6.360    0.043577    0.063706
6.510    0.069636    0.066861
6.650    0.058175    0.069442
6.800    0.056929    0.071912
6.950    0.065301    0.074684
7.100    0.080370    0.078023
7.250    0.084090    0.081444
7.390    0.079962    0.084636
7.540    0.090672    0.088184
7.690    0.113523    0.092539
7.840    0.122228    0.097138
7.980    0.118922    0.101534
8.130    0.137987    0.106541
8.280    0.186126    0.113172
8.430    0.216105    0.120735
8.580    0.309061    0.131361
8.720    0.512185    0.148688
8.870    1.297939    0.191856
9.020    4.371742    0.334834
9.170    4.765632    0.488145
9.320    4.277475    0.623537
9.460    3.859787    0.743900
9.610    3.401992    0.848332
9.760    3.402582    0.951176
9.910    3.327077    1.050216
10.060    2.956422    1.136911
10.200    3.175391    1.228748
10.350    2.889912    1.311117
10.500    2.981574    1.394885
10.650    2.374846    1.460668
10.790    2.668555    1.533626
10.940    1.915033    1.585266
11.090    1.957690    1.637341
11.240    1.652817    1.680720
11.390    1.415698    1.717387
11.530    1.402667    1.753275
11.680    1.111430    1.781346
11.830    1.079794    1.808272
11.980    1.025655    1.833528
12.130    0.765564    1.852147
12.270    1.028007    1.876862
12.420    0.607574    1.891293
12.570    0.719022    1.908168
12.720    0.610432    1.922325
12.860    0.529251    1.934466
13.010    0.547195    1.946873
13.160    0.453038    1.957029
13.310    0.516629    1.968479
13.460    0.455393    1.978460
13.600    0.511003    1.989544
13.750    0.517603    2.000649
13.900    0.741817    2.016393
14.050    0.862525    2.034503
14.200    1.055859    2.056438
14.340    1.441139    2.086085
14.490    1.515493    2.116938
14.640    1.584843    2.148873
14.790    1.610839    2.181003
14.930    1.298859    2.206667
15.080    0.908608    2.224441
15.230    0.732226    2.238624
15.380    0.779147    2.253569
15.530    1.204083    2.276441
15.670    1.825621    2.310810
15.820    1.496466    2.338715
15.970    1.171878    2.360362
16.120    1.002964    2.378717
16.270    0.901857    2.395069
16.410    0.782411    2.409134
16.560    0.602028    2.419858
16.710    0.408890    2.427077
16.860    0.262278    2.431666
17.010    0.160923    2.434457
17.150    0.108139    2.436317
17.300    0.080324    2.437687
17.450    0.060992    2.438718
17.600    0.056386    2.439663
17.740    0.056623    2.440604
17.890    0.062459    2.441634
18.040    0.079050    2.442927
18.190    0.117134    2.444827
18.340    0.222584    2.448407
18.480    0.608242    2.458116
18.630    2.471624    2.497254
18.780    1.624673    2.522775
18.930    0.626430    2.532537
19.080    0.251877    2.536431
19.220    0.139310    2.538569
19.370    0.076666    2.539737
19.520    0.048816    2.540475
19.670    0.035827    2.541012
19.810    0.028542    2.541437
19.960    0.023337    2.541782
20.110    0.019689    2.542071
20.260    0.017009    2.542318
20.410    0.014971    2.542535
20.550    0.013479    2.542728
20.700    0.012197    2.542902
20.850    0.011173    2.543060
21.000    0.010375    2.543206
21.150    0.009659    2.543341
21.290    0.008767    2.543462
21.440    0.008146    2.543574
21.590    0.007652    2.543679
21.740    0.007240    2.543777
21.880    0.006903    2.543870
22.030    0.006594    2.543958
22.180    0.006220    2.544041
22.330    0.005828    2.544118
22.480    0.005546    2.544191
22.620    0.005316    2.544260
22.770    0.005092    2.544326
22.920    0.004887    2.544389
23.070    0.004699    2.544449
23.220    0.004525    2.544507
23.360    0.004374    2.544562
23.510    0.004224    2.544615
23.660    0.004085    2.544666
23.810    0.003955    2.544715
23.950    0.003841    2.544762
24.100    0.003727    2.544808
24.250    0.003620    2.544852
24.400    0.003520    2.544894
24.550    0.003425    2.544935
24.690    0.003342    2.544975
24.840    0.003258    2.545014
24.990    0.003179    2.545052
25.140    0.003105    2.545088
25.290    0.003035    2.545123
25.430    0.002973    2.545158
25.580    0.002910    2.545191
25.730    0.002850    2.545224
25.880    0.002794    2.545256
26.030    0.002741    2.545287
26.170    0.002694    2.545317
26.320    0.002646    2.545347
26.470    0.002601    2.545376
26.620    0.002559    2.545404
26.760    0.002521    2.545432
26.910    0.002483    2.545459
27.060    0.002447    2.545486
27.210    0.002413    2.545512
27.360    0.002382    2.545538
27.500    0.002354    2.545563
27.650    0.002326    2.545588
27.800    0.002299    2.545612
27.950    0.002275    2.545636
28.100    0.002252    2.545660
28.240    0.002232    2.545683
28.390    0.002213    2.545706
28.540    0.002195    2.545729
28.690    0.002178    2.545751
28.830    0.002164    2.545774
28.980    0.002151    2.545795
29.130    0.002139    2.545817
29.280    0.002129    2.545839
29.430    0.002120    2.545860
29.570    0.002113    2.545881
29.720    0.002106    2.545902
29.870    0.002102    2.545923
30.020    0.002099    2.545943
30.170    0.002097    2.545964
30.310    0.002097    2.545984
30.460    0.002099    2.546004
30.610    0.002102    2.546025
30.760    0.002106    2.546045
30.900    0.002112    2.546065
31.050    0.002120    2.546085
31.200    0.002130    2.546105
31.350    0.002142    2.546125
31.500    0.002156    2.546146
31.640    0.002170    2.546166
31.790    0.002188    2.546186
31.940    0.002209    2.546207
32.090    0.002231    2.546227
32.240    0.002257    2.546248
32.380    0.002284    2.546269
32.530    0.002317    2.546290
32.680    0.002353    2.546311
32.830    0.002395    2.546332
32.970    0.002441    2.546354
33.120    0.002500    2.546376
33.270    0.002576    2.546399
33.420    0.002686    2.546423
33.570    0.002890    2.546448
33.710    0.003445    2.546479
33.860    0.005944    2.546530
34.010    0.005938    2.546582
34.160    0.004897    2.546624
34.310    0.004076    2.546659
34.450    0.004019    2.546694
34.600    0.004304    2.546730
34.750    0.005188    2.546774
34.900    0.006441    2.546829
35.050    0.007017    2.546888
35.190    0.007304    2.546949
35.340    0.007635    2.547013
35.490    0.008010    2.547079
35.640    0.008228    2.547148
35.780    0.008158    2.547215
35.930    0.007854    2.547279
36.080    0.007611    2.547341
36.230    0.008419    2.547410
36.380    0.011470    2.547503
36.520    0.011526    2.547596
36.670    0.009940    2.547676
36.820    0.010056    2.547757
36.970    0.011296    2.547847
37.120    0.013285    2.547952
37.260    0.015638    2.548076
37.410    0.016901    2.548209
37.560    0.018437    2.548354
37.710    0.020455    2.548514
37.850    0.022972    2.548693
38.000    0.026475    2.548899
38.150    0.031243    2.549140
38.300    0.038003    2.549433
38.450    0.046436    2.549789
38.590    0.056847    2.550224
38.740    0.076069    2.550803
38.890    0.122205    2.551730
39.040    0.352713    2.554395
39.190    0.341074    2.556963
39.330    0.163212    2.558187
39.480    0.082847    2.558806
39.630    0.052804    2.559199
39.780    0.052660    2.559590
39.920    0.064574    2.560067
40.070    0.100242    2.560805
40.220    0.217015    2.562397
40.370    0.484234    2.565935
40.520    0.826869    2.571955
40.660    1.255297    2.581063
40.810    2.000230    2.595521
40.960    1.440674    2.605897
41.110    0.464631    2.609232
41.260    0.264864    2.611125
41.400    0.180857    2.612414
41.550    0.129990    2.613337
41.700    0.108501    2.614104
41.850    0.110866    2.614886
41.990    0.153095    2.615962
42.140    0.371976    2.618566
42.290    0.985903    2.625443
42.440    0.985811    2.632295
42.590    1.001882    2.639235
42.730    1.189997    2.647450
42.880    1.065463    2.654780
43.030    0.782510    2.660145
43.180    0.625441    2.664418
43.330    0.562554    2.668248
43.470    0.569428    2.672112
43.620    0.688683    2.676770
43.770    0.632202    2.681031
43.920    0.616008    2.685168
44.070    1.466993    2.694988
44.210    2.728029    2.713191
44.360    2.369370    2.728948
44.510    1.812577    2.740961
44.660    1.314960    2.749647
44.800    1.029010    2.756423
44.950    0.818684    2.761796
45.100    0.359556    2.764148
45.250    0.209465    2.765513
45.400    0.285889    2.767371
45.540    0.797636    2.772538
45.690    0.434586    2.775344
45.840    0.345445    2.777567
45.990    0.376885    2.779984
46.140    0.383288    2.782435
46.280    0.257392    2.784076
46.430    0.170201    2.785157
46.580    0.176102    2.786272
46.730    0.201621    2.787545
46.870    0.231632    2.789003
47.020    0.140034    2.789882
47.170    0.047733    2.790180
47.320    0.028596    2.790358
47.470    0.021031    2.790489
47.610    0.017273    2.790596
47.760    0.014603    2.790686
47.910    0.012664    2.790764
48.060    0.011332    2.790834
48.210    0.010267    2.790897
48.350    0.009328    2.790954
48.500    0.008644    2.791006
48.650    0.008000    2.791055
48.800    0.007319    2.791099
48.940    0.006911    2.791141
49.090    0.006443    2.791179
49.240    0.005948    2.791215
49.390    0.005603    2.791248
49.540    0.005318    2.791280
49.680    0.005010    2.791310
49.830    0.004716    2.791338
49.980    0.004478    2.791364
50.130    0.004238    2.791389
50.280    0.003931    2.791412
50.420    0.003647    2.791434
50.570    0.003415    2.791454
50.720    0.003243    2.791472
50.870    0.003121    2.791490
51.020    0.003043    2.791508
51.160    0.003028    2.791526
51.310    0.003160    2.791544
51.460    0.003853    2.791566
51.610    0.008539    2.791615
51.750    0.009898    2.791671
51.900    0.003776    2.791692
52.050    0.002755    2.791708
52.200    0.002406    2.791722
52.350    0.002222    2.791734
52.490    0.002104    2.791746
52.640    0.002006    2.791757
52.790    0.001925    2.791768
52.940    0.001853    2.791778
53.090    0.001789    2.791788
53.230    0.001734    2.791798
53.380    0.001679    2.791807
53.530    0.001628    2.791816
53.680    0.001579    2.791825
53.820    0.001537    2.791833
53.970    0.001494    2.791841
54.120    0.001453    2.791849
54.270    0.001414    2.791857
54.420    0.001377    2.791864
54.560    0.001344    2.791872
54.710    0.001310    2.791879
54.860    0.001278    2.791886
55.010    0.001247    2.791892
55.160    0.001217    2.791899
55.300    0.001190    2.791905
55.450    0.001163    2.791911
55.600    0.001137    2.791917
55.750    0.001111    2.791923
55.890    0.001088    2.791929
56.040    0.001065    2.791935
56.190    0.001042    2.791940
56.340    0.001020    2.791945
56.490    0.000999    2.791951
56.630    0.000980    2.791956
56.780    0.000960    2.791961
56.930    0.000941    2.791966
57.080    0.000923    2.791970
57.230    0.000905    2.791975
57.370    0.000889    2.791980
57.520    0.000872    2.791984
57.670    0.000856    2.791989
57.820    0.000840    2.791993
57.960    0.000826    2.791997
58.110    0.000811    2.792001
58.260    0.000797    2.792005
58.410    0.000783    2.792009
58.560    0.000769    2.792013
58.700    0.000757    2.792017
58.850    0.000744    2.792021
59.000    0.000732    2.792024
