-0.089  0.000000
-0.088  0.084548
-0.087  0.082984
-0.086  0.164300
-0.085  0.174074
-0.084  0.177004
-0.083  0.176462
-0.082  0.174913
-0.081  0.175868
-0.080  0.176318
-0.079  0.176134
-0.078  0.177924
-0.077  0.177039
-0.076  0.177143
-0.075  0.177974
-0.074  0.178426
-0.073  0.178924
-0.072  0.178469
-0.071  0.180071
-0.070  0.179561
-0.069  0.180433
-0.068  0.180037
-0.067  0.180288
-0.066  0.181670
-0.065  0.181336
-0.064  0.182509
-0.063  0.182544
-0.062  0.182613
-0.061  0.183031
-0.060  0.183128
-0.059  0.183901
-0.058  0.184474
-0.057  0.184675
-0.056  0.184982
-0.055  0.185139
-0.054  0.185554
-0.053  0.186141
-0.052  0.186701
-0.051  0.187073
-0.050  0.187410
-0.049  0.187395
-0.048  0.188007
-0.047  0.188357
-0.046  0.189044
-0.045  0.741169
-0.044  0.629383
-0.043  0.636591
-0.042  0.635565
-0.041  0.641677
-0.040  0.641751
-0.039  0.641059
-0.038  0.642046
-0.037  0.647295
-0.036  0.642783
-0.035  0.649454
-0.034  0.646641
-0.033  0.647893
-0.032  0.653370
-0.031  0.649897
-0.030  0.653296
-0.029  0.655507
-0.028  0.654039
-0.027  0.655526
-0.026  0.659582
-0.025  0.659805
-0.024  0.658970
-0.023  0.661023
-0.022  0.664145
-0.021  0.664256
-0.020  0.664445
-0.019  0.666122
-0.018  0.668445
-0.017  0.670535
-0.016  0.671046
-0.015  0.671571
-0.014  0.673371
-0.013  0.674540
-0.012  0.675822
-0.011  0.678197
-0.010  0.678917
-0.009  0.680028
-0.008  0.681775
-0.007  0.682785
-0.006  0.684920
-0.005  0.686514
-0.004  0.686805
-0.003  0.688464
-0.002  0.689522
-0.001  0.691623
 0.000  0.693904
 0.001  0.694910
 0.002  0.696523
 0.003  0.697149
 0.004  0.698520
 0.005  0.700472
 0.006  0.701701
 0.007  0.703377
 0.008  0.705569
 0.009  0.706681
 0.010  0.708186
 0.011  0.709808
 0.012  0.711084
 0.013  1.245103
 0.014  1.207073
 0.015  1.215354
 0.016  1.223555
 0.017  1.235592
 0.018  1.228884
 0.019  1.242206
 0.020  1.237024
 0.021  1.245606
 0.022  1.243124
 0.023  1.248600
 0.024  1.250906
 0.025  1.252866
 0.026  1.257141
 0.027  1.257982
 0.028  1.261661
 0.029  1.267322
 0.030  1.268294
 0.031  1.271302
 0.032  1.275738
 0.033  1.280279
 0.034  1.279633
 0.035  1.283932
 0.036  1.287598
 0.037  1.292459
 0.038  1.293589
 0.039  1.296608
 0.040  1.301284
 0.041  1.305365
 0.042  1.307458
 0.043  1.309637
 0.044  1.313823
 0.045  1.319053
 0.046  1.321263
 0.047  1.324592
 0.048  1.327529
 0.049  1.332078
 0.050  1.335413
 0.051  1.337948
 0.052  1.342082
 0.053  1.346463
 0.054  1.350659
 0.055  1.352780
 0.056  1.356052
 0.057  1.360330
 0.058  1.365048
 0.059  1.369655
 0.060  1.372235
 0.061  1.375874
 0.062  1.379685
 0.063  1.383934
 0.064  1.388550
 0.065  1.392484
 0.066  1.395654
 0.067  1.399859
 0.068  1.404522
 0.069  1.409499
 0.070  1.413756
 0.071  1.416747
 0.072  1.420792
 0.073  1.425215
 0.074  1.430014
 0.075  1.434903
 0.076  1.439623
 0.077  1.443143
 0.078  1.448503
 0.079  1.453093
 0.080  1.457320
 0.081  1.462050
 0.082  1.466543
 0.083  1.470983
 0.084  1.476647
 0.085  1.482000
 0.086  1.487034
 0.087  1.491814
 0.088  1.497191
 0.089  1.501108
 0.090  1.506691
 0.091  1.511912
 0.092  1.518113
 0.093  1.524037
 0.094  1.529739
 0.095  1.533547
 0.096  1.539020
 0.097  1.545643
 0.098  1.551511
 0.099  1.557272
 0.100  1.562926
 0.101  1.570428
 0.102  1.577206
 0.103  1.582695
 0.104  1.587813
 0.105  1.593102
 0.106  1.600296
 0.107  1.608980
 0.108  1.615916
 0.109  1.621572
 0.110  1.628551
 0.111  1.635665
 0.112  1.644271
 0.113  1.651067
 0.114  1.657516
 0.115  1.666923
 0.116  1.673193
 0.117  1.681967
 0.118  1.689546
 0.119  1.699650
 0.120  1.707818
 0.121  1.715376
 0.122  1.725867
 0.123  1.736029
 0.124  1.744364
 0.125  1.751992
 0.126  1.762183
 0.127  1.775980
 0.128  1.786157
 0.129  1.795064
 0.130  1.808768
 0.131  1.821770
 0.132  1.831362
 0.133  1.840094
 0.134  1.857755
 0.135  1.871649
 0.136  1.883179
 0.137  1.898193
 0.138  1.917776
 0.139  1.930316
 0.140  1.946712
 0.141  1.967586
 0.142  1.982374
 0.143  2.002346
 0.144  2.026123
 0.145  2.045179
 0.146  2.071807
 0.147  2.098136
 0.148  2.127302
 0.149  2.157223
 0.150  2.195000
 0.151  2.223612
 0.152  2.276496
 0.153  2.320562
 0.154  2.390915
 0.155  2.470454
 0.156  2.558725
 0.157  2.696911
 0.158  3.058014
 0.159  3.136357
 0.160  2.754392
 0.161  2.585093
 0.162  2.472927
 0.163  2.401270
 0.164  2.325737
 0.165  2.282645
 0.166  2.242261
 0.167  2.199219
 0.168  2.166365
 0.169  2.139653
 0.170  2.113019
 0.171  2.082639
 0.172  2.061891
 0.173  2.040773
 0.174  2.022731
 0.175  2.002836
 0.176  1.984643
 0.177  1.971410
 0.178  1.958252
 0.179  1.944747
 0.180  1.928982
 0.181  1.915691
 0.182  1.905689
 0.183  1.893961
 0.184  1.883897
 0.185  1.871791
 0.186  1.861475
 0.187  1.853981
 0.188  1.846886
 0.189  1.839232
 0.190  1.830948
 0.191  1.821779
 0.192  1.813266
 0.193  1.807105
 0.194  1.801134
 0.195  1.794963
 0.196  1.788750
 0.197  1.781829
 0.198  1.775770
 0.199  1.771873
 0.200  1.767428
 0.201  1.762770
 0.202  1.757732
 0.203  1.751682
 0.204  1.747436
 0.205  1.743048
 0.206  1.739536
 0.207  1.736340
 0.208  1.733171
 0.209  1.730173
 0.210  1.726125
 0.211  1.722697
 0.212  1.719309
 0.213  1.716719
 0.214  1.714676
 0.215  1.712599
 0.216  1.710114
 0.217  1.706708
 0.218  1.704488
 0.219  1.702862
 0.220  1.701879
 0.221  1.700465
 0.222  1.698780
 0.223  1.696628
 0.224  1.694403
 0.225  1.694071
 0.226  1.692489
 0.227  1.691857
 0.228  1.691283
 0.229  1.690766
 0.230  1.690712
 0.231  1.689982
 0.232  1.688629
 0.233  1.687848
 0.234  1.687733
 0.235  1.688277
 0.236  1.688745
 0.237  1.688950
 0.238  1.689694
 0.239  1.689886
 0.240  1.690109
 0.241  1.690295
 0.242  1.690357
 0.243  1.691962
 0.244  1.693011
 0.245  1.694664
 0.246  1.695236
 0.247  1.696666
 0.248  1.697931
 0.249  1.699442
 0.250  1.700940
 0.251  1.703221
 0.252  1.705655
 0.253  1.707392
 0.254  1.709459
 0.255  1.711600
 0.256  1.713769
 0.257  1.716135
 0.258  1.717740
 0.259  1.721271
 0.260  1.725561
 0.261  1.728897
 0.262  1.731730
 0.263  1.734366
 0.264  1.739075
 0.265  1.742226
 0.266  1.745264
 0.267  1.748811
 0.268  1.754339
 0.269  1.759148
 0.270  1.763159
 0.271  1.767127
 0.272  1.773312
 0.273  1.778480
 0.274  1.782861
 0.275  1.788591
 0.276  1.795032
 0.277  1.801348
 0.278  1.807077
 0.279  1.813732
 0.280  1.820624
 0.281  1.827343
 0.282  1.833829
 0.283  1.843024
 0.284  1.850483
 0.285  1.857211
 0.286  1.867424
 0.287  1.875580
 0.288  1.885708
 0.289  1.896530
 0.290  1.907855
 0.291  1.917007
 0.292  1.928816
 0.293  1.938493
 0.294  1.949851
 0.295  1.965629
 0.296  1.981268
 0.297  1.996854
 0.298  2.011617
 0.299  2.024323
 0.300  2.044063
 0.301  2.062911
 0.302  2.085729
 0.303  2.106047
 0.304  2.123723
 0.305  2.153948
 0.306  2.186372
 0.307  2.216689
 0.308  2.245106
 0.309  2.283255
 0.310  2.338409
 0.311  2.380938
 0.312  2.436095
 0.313  2.539561
 0.314  2.636508
 0.315  2.738871
 0.316  3.347676
 0.317  2.975814
 0.318  2.715690
 0.319  2.585682
 0.320  2.495075
 0.321  2.429917
 0.322  2.368566
 0.323  2.322025
 0.324  2.285458
 0.325  2.243797
 0.326  2.220546
 0.327  2.187088
 0.328  2.169383
 0.329  2.141953
 0.330  2.122572
 0.331  2.106674
 0.332  2.080696
 0.333  2.071539
 0.334  2.049590
 0.335  2.036693
 0.336  2.027689
 0.337  2.008580
 0.338  1.997454
 0.339  1.989442
 0.340  1.974340
 0.341  1.966483
 0.342  1.958786
 0.343  1.946426
 0.344  1.939900
 0.345  1.934520
 0.346  1.921408
 0.347  1.914063
 0.348  1.909288
 0.349  1.900437
 0.350  1.895389
 0.351  1.894466
 0.352  1.883919
 0.353  1.877895
 0.354  1.874873
 0.355  1.866647
 0.356  1.864187
 0.357  1.861812
 0.358  1.860425
 0.359  1.854635
 0.360  1.850887
 0.361  1.846768
 0.362  1.844548
 0.363  1.842123
 0.364  1.842421
 0.365  1.841367
 0.366  1.838598
 0.367  1.836548
 0.368  1.835193
 0.369  1.836052
 0.370  1.835471
 0.371  1.836694
 0.372  1.837368
 0.373  1.837574
 0.374  1.836745
 0.375  1.839585
 0.376  1.840989
 0.377  1.844227
 0.378  1.845293
 0.379  1.848530
 0.380  1.850006
 0.381  1.854946
 0.382  1.860035
 0.383  1.866384
 0.384  1.868151
 0.385  1.872359
 0.386  1.880443
 0.387  1.889556
 0.388  1.897887
 0.389  1.902782
 0.390  1.906561
 0.391  1.917394
 0.392  1.932165
 0.393  1.941995
 0.394  1.951417
 0.395  1.960770
 0.396  1.966347
 0.397  1.989438
 0.398  1.996530
 0.399  2.011265
 0.400  2.013747
 0.401  2.027712
 0.402  2.029468
 0.403  2.038217
 0.404  2.038397
 0.405  2.039497
 0.406  2.041476
 0.407  2.032650
 0.408  2.035630
 0.409  2.030353
 0.410  2.030890
 0.411  2.026931
 0.412  2.018223
 0.413  2.015518
 0.414  2.014876
 0.415  2.011692
 0.416  2.001301
 0.417  2.009091
 0.418  2.004470
 0.419  1.995891
 0.420  2.004834
 0.421  2.000752
 0.422  1.993125
 0.423  1.990991
 0.424  1.994726
 0.425  1.994547
 0.426  1.991569
 0.427  1.990499
 0.428  1.996862
 0.429  1.997322
 0.430  1.993664
 0.431  1.993163
 0.432  2.002153
 0.433  2.004596
 0.434  2.001274
 0.435  2.004346
 0.436  2.014786
 0.437  2.009958
 0.438  2.010146
 0.439  2.016721
 0.440  2.026411
 0.441  2.028182
 0.442  2.071458
 0.443  2.395090
 0.444  2.399567
 0.445  2.405930
 0.446  2.433748
 0.447  2.440054
 0.448  2.447324
 0.449  2.466399
 0.450  2.477220
 0.451  2.489120
 0.452  2.509250
 0.453  2.520508
 0.454  2.539061
 0.455  2.552413
 0.456  2.566590
 0.457  2.587010
 0.458  2.600267
 0.459  2.626129
 0.460  2.643537
 0.461  2.660213
 0.462  2.677744
 0.463  2.700568
 0.464  2.730621
 0.465  2.746474
 0.466  2.766799
 0.467  2.788061
 0.468  2.810897
 0.469  2.831629
 0.470  2.849703
 0.471  2.856532
 0.472  2.847746
 0.473  2.814536
 0.474  2.747789
 0.475  2.652119
 0.476  2.539917
 0.477  2.429616
 0.478  2.339123
 0.479  2.256591
 0.480  2.196507
 0.481  2.142326
 0.482  2.095626
 0.483  2.057002
 0.484  2.024649
 0.485  1.993391
 0.486  1.965323
 0.487  1.940809
 0.488  1.929219
 0.489  1.910112
 0.490  1.893730
 0.491  1.879109
 0.492  1.871340
 0.493  1.859183
 0.494  1.846233
 0.495  1.844599
 0.496  1.834291
 0.497  1.829773
 0.498  1.823188
 0.499  1.823002
 0.500  1.811748
 0.501  1.818309
 0.502  1.806621
 0.503  1.809189
 0.504  1.811152
 0.505  1.803952
 0.506  1.799435
 0.507  1.805281
 0.508  1.809361
 0.509  1.805533
 0.510  1.885130
 0.511  0.963021
 0.512  0.971501
 0.513  0.979567
 0.514  0.987938
 0.515  0.996370
 0.516  1.004859
 0.517  1.013455
 0.518  1.021694
 0.519  1.031155
 0.520  1.039744
 0.521  1.049195
 0.522  1.057755
 0.523  1.066783
 0.524  1.076575
 0.525  1.086519
 0.526  1.096029
 0.527  1.105119
 0.528  1.115542
 0.529  1.125493
 0.530  1.136890
 0.531  1.146668
 0.532  1.157482
 0.533  1.167567
 0.534  1.179581
 0.535  1.190696
 0.536  1.202236
 0.537  1.213394
 0.538  1.226022
 0.539  1.237830
 0.540  1.250616
 0.541  1.262663
 0.542  1.275884
 0.543  1.288482
 0.544  1.302803
 0.545  1.315851
 0.546  1.330635
 0.547  1.344212
 0.548  1.360457
 0.549  1.376197
 0.550  1.391246
 0.551  1.407203
 0.552  1.423799
 0.553  1.441925
 0.554  1.457589
 0.555  1.476895
 0.556  1.496737
 0.557  1.514975
 0.558  1.535741
 0.559  1.557581
 0.560  1.578872
 0.561  1.602143
 0.562  1.626425
 0.563  1.650074
 0.564  1.677427
 0.565  1.705213
 0.566  1.735459
 0.567  1.764539
 0.568  1.797141
 0.569  1.835046
 0.570  1.871799
 0.571  1.915174
 0.572  1.959074
 0.573  2.078635
 0.574  2.184040
 0.575  2.348027
 0.576  2.510030
 0.577  2.625862
 0.578  2.798521
 0.579  3.054788
 0.580  3.399961
 0.581  4.367197
 0.582  7.887590
 0.583  4.278746
 0.584  3.766813
 0.585  3.442817
 0.586  3.310072
 0.587  3.052989
 0.588  2.836390
 0.589  2.733175
 0.590  2.635924
 0.591  2.543421
 0.592  2.449851
 0.593  2.403286
 0.594  2.331519
 0.595  2.276025
 0.596  2.239816
 0.597  2.203790
 0.598  2.173570
 0.599  2.135306
 0.600  2.095278
 0.601  2.056743
 0.602  2.022959
 0.603  2.005697
 0.604  1.985504
 0.605  1.951620
 0.606  1.916720
 0.607  1.897363
 0.608  1.891306
 0.609  1.880726
 0.610  1.859911
 0.611  1.841968
 0.612  1.824893
 0.613  1.809185
 0.614  2.325711
 0.615  2.293889
 0.616  2.260627
 0.617  2.124085
 0.618  1.921927
 0.619  1.895726
 0.620  1.887475
 0.621  1.840339
 0.622  1.828048
 0.623  1.827097
 0.624  1.830839
 0.625  1.807947
 0.626  1.799401
 0.627  1.789114
 0.628  1.763523
 0.629  1.749864
 0.630  1.740051
 0.631  1.740342
 0.632  1.724892
 0.633  1.721609
 0.634  1.710510
 0.635  1.700267
 0.636  1.683136
 0.637  1.669863
 0.638  1.661856
 0.639  1.659064
 0.640  1.657878
 0.641  1.658586
 0.642  1.645184
 0.643  1.640916
 0.644  1.641456
 0.645  1.640735
 0.646  1.625894
 0.647  1.616117
 0.648  1.599907
 0.649  1.591821
 0.650  1.583945
 0.651  1.580011
 0.652  1.573011
 0.653  1.568910
 0.654  1.564441
 0.655  1.560278
 0.656  1.557771
 0.657  1.555679
 0.658  1.562376
 0.659  1.566034
 0.660  1.566849
 0.661  1.555774
 0.662  1.548503
 0.663  1.547656
 0.664  1.530937
 0.665  1.524140
 0.666  1.607016
 0.667  1.620265
 0.668  1.593500
 0.669  1.618569
 0.670  1.629048
 0.671  1.633761
 0.672  1.623618
 0.673  1.624887
 0.674  1.631831
 0.675  1.624828
 0.676  1.615270
 0.677  1.606917
 0.678  1.613538
 0.679  1.607658
 0.680  1.599969
 0.681  1.594289
 0.682  1.588887
 0.683  1.585057
 0.684  1.588090
 0.685  1.549481
 0.686  1.529467
 0.687  1.492533
 0.688  1.474880
 0.689  1.479385
 0.690  1.482037
 0.691  1.477706
 0.692  1.475339
 0.693  1.473884
 0.694  1.473733
 0.695  1.473392
 0.696  1.470467
 0.697  1.473721
 0.698  1.477803
 0.699  1.479884
 0.700  1.479494
 0.701  1.478197
 0.702  1.472732
 0.703  1.472945
 0.704  1.476869
 0.705  1.480552
 0.706  1.479991
 0.707  1.478330
 0.708  1.478203
 0.709  1.472194
 0.710  1.477601
 0.711  1.477668
 0.712  1.477552
 0.713  1.484378
 0.714  1.493622
 0.715  1.492963
 0.716  1.495269
 0.717  1.493483
 0.718  1.493769
 0.719  1.503689
 0.720  1.511183
 0.721  1.508629
 0.722  1.511952
 0.723  1.509324
 0.724  1.510519
 0.725  1.512070
 0.726  1.509278
 0.727  1.523498
 0.728  1.533131
 0.729  1.538440
 0.730  1.543425
 0.731  1.563264
 0.732  1.562734
 0.733  1.563604
 0.734  1.558167
 0.735  1.556608
 0.736  1.581866
 0.737  1.605089
 0.738  1.605152
 0.739  1.587437
 0.740  1.572776
 0.741  1.563411
 0.742  1.555410
 0.743  1.549215
 0.744  1.544978
 0.745  1.540434
 0.746  1.536855
 0.747  1.534309
 0.748  1.531607
 0.749  1.528933
 0.750  1.526629
 0.751  1.524630
 0.752  1.522171
 0.753  1.520274
 0.754  1.518382
 0.755  1.517021
 0.756  1.516464
 0.757  1.515700
 0.758  1.515459
 0.759  1.514705
 0.760  1.513604
 0.761  1.512141
 0.762  1.511231
 0.763  1.510275
 0.764  1.509254
 0.765  1.508009
 0.766  1.507167
 0.767  1.506506
 0.768  1.505117
 0.769  1.503281
 0.770  1.501264
 0.771  1.498993
 0.772  1.497336
 0.773  1.495219
 0.774  1.493494
 0.775  1.491798
 0.776  1.490425
 0.777  1.488772
 0.778  1.485305
 0.779  1.484513
 0.780  1.483507
 0.781  1.482309
 0.782  1.481857
 0.783  1.481416
 0.784  1.482204
 0.785  1.483468
 0.786  1.484631
 0.787  1.485844
 0.788  1.487783
 0.789  1.489781
 0.790  1.491543
 0.791  1.493706
 0.792  1.495711
 0.793  1.497601
 0.794  1.499533
 0.795  1.501222
 0.796  1.503829
 0.797  1.505025
 0.798  1.505030
 0.799  1.505032
 0.800  1.504745
 0.801  1.504580
 0.802  1.504024
 0.803  1.502816
 0.804  1.502178
 0.805  1.501169
 0.806  1.500925
 0.807  1.500657
 0.808  1.500162
 0.809  1.499634
 0.810  1.498986
 0.811  1.499033
 0.812  1.499338
 0.813  1.500478
 0.814  1.502170
 0.815  1.501022
 0.816  1.499693
 0.817  1.497289
 0.818  1.494374
 0.819  1.491374
 0.820  1.489289
 0.821  1.487098
 0.822  1.484893
 0.823  1.482474
 0.824  1.479520
 0.825  1.476368
 0.826  1.473889
 0.827  1.471479
 0.828  1.469060
 0.829  1.466478
 0.830  1.463008
 0.831  1.460893
 0.832  1.458722
 0.833  1.456071
 0.834  1.453416
 0.835  1.450687
 0.836  1.447636
 0.837  1.445769
 0.838  1.443739
 0.839  1.441427
 0.840  1.438726
 0.841  1.435151
 0.842  1.431600
 0.843  1.429965
 0.844  1.428233
 0.845  1.426327
 0.846  1.424177
 0.847  1.421493
 0.848  1.418388
 0.849  1.416531
 0.850  1.413970
 0.851  1.412249
 0.852  1.410411
 0.853  1.408242
 0.854  1.404818
 0.855  1.403497
 0.856  1.401956
 0.857  1.400293
 0.858  1.398089
 0.859  1.395898
 0.860  1.393973
 0.861  1.391372
 0.862  1.390472
 0.863  1.389478
 0.864  1.388374
 0.865  1.387088
 0.866  1.385376
 0.867  1.383013
 0.868  1.380019
 0.869  1.379615
 0.870  1.379160
 0.871  1.378517
 0.872  1.377792
 0.873  1.376978
 0.874  1.375749
 0.875  1.373816
 0.876  1.372234
 0.877  1.371355
 0.878  1.371420
 0.879  1.371476
 0.880  1.371439
 0.881  1.371202
 0.882  1.370806
 0.883  1.369628
 0.884  1.369138
 0.885  1.369287
 0.886  1.369020
 0.887  1.369027
 0.888  1.369689
 0.889  1.370594
 0.890  1.371153
 0.891  1.371352
 0.892  1.370906
 0.893  1.372094
 0.894  1.373246
 0.895  1.374290
 0.896  1.375012
 0.897  1.376391
 0.898  1.378256
 0.899  1.380097
 0.900  1.381434
 0.901  1.382289
 0.902  1.384598
 0.903  1.386980
 0.904  1.390113
 0.905  1.392977
 0.906  1.395647
 0.907  1.397813
 0.908  1.401250
 0.909  1.404653
 0.910  1.407246
 0.911  1.412315
 0.912  1.417339
 0.913  1.422400
 0.914  1.427576
 0.915  1.432965
 0.916  1.438458
 0.917  1.446004
 0.918  1.452678
 0.919  1.460098
 0.920  1.467508
 0.921  1.475950
 0.922  1.486732
 0.923  1.499383
 0.924  1.511955
 0.925  1.525407
 0.926  1.539812
 0.927  1.559463
 0.928  1.580926
 0.929  1.603462
 0.930  1.629406
 0.931  1.669916
 0.932  1.719577
 0.933  1.783949
 0.934  1.925794
 0.935  2.197881
 0.936  1.859316
 0.937  1.744357
 0.938  1.677826
 0.939  1.633040
 0.940  1.598310
 0.941  1.567972
 0.942  1.533934
 0.943  1.510123
 0.944  1.488943
 0.945  1.472548
 0.946  1.453681
 0.947  1.436954
 0.948  1.420495
 0.949  1.403735
 0.950  1.391464
 0.951  1.382152
 0.952  1.367466
 0.953  1.354779
 0.954  1.342840
 0.955  1.329808
 0.956  1.322378
 0.957  1.312484
 0.958  1.305284
 0.959  1.296283
 0.960  1.290873
 0.961  1.283315
 0.962  1.273862
 0.963  1.266736
 0.964  1.260509
 0.965  1.253912
 0.966  1.247268
 0.967  1.238742
 0.968  1.236774
 0.969  1.235658
 0.970  1.236783
 0.971  1.235147
 0.972  1.227463
 0.973  1.217973
 0.974  1.197815
 0.975  1.172617
 0.976  1.141200
 0.977  1.109645
 0.978  1.094155
 0.979  1.075942
 0.980  1.071109
 0.981  1.066730
 0.982  1.060243
 0.983  1.054358
 0.984  1.050132
 0.985  1.045127
 0.986  1.039384
 0.987  1.035235
 0.988  1.030327
 0.989  1.024338
 0.990  1.020466
 0.991  1.016117
 0.992  1.010928
 0.993  1.004986
 0.994  1.000393
 0.995  0.995951
 0.996  0.992154
 0.997  0.988521
 0.998  0.985189
 0.999  0.981394
 1.000  0.977060
 1.001  0.971764
 1.002  0.968223
 1.003  0.964968
 1.004  0.961486
 1.005  0.957781
 1.006  0.954220
 1.007  0.950543
 1.008  0.946199
 1.009  0.941228
 1.010  0.938709
 1.011  0.936283
 1.012  0.934300
 1.013  0.931410
 1.014  0.927822
 1.015  0.924779
 1.016  0.921505
 1.017  0.918717
 1.018  0.915384
 1.019  0.913760
 1.020  0.911991
 1.021  0.909395
 1.022  0.906610
 1.023  0.902141
 1.024  0.900220
 1.025  0.899235
 1.026  0.902171
 1.027  0.905628
 1.028  0.910506
 1.029  0.915531
 1.030  0.917949
 1.031  0.920658
 1.032  0.927387
 1.033  0.932401
 1.034  0.937980
 1.035  0.942785
 1.036  0.947878
 1.037  0.956659
 1.038  0.966941
 1.039  0.968488
 1.040  0.979609
 1.041  0.982424
 1.042  1.001933
 1.043  1.011146
 1.044  1.012489
 1.045  1.025197
 1.046  1.132261
 1.047  1.042104
 1.048  1.075691
 1.049  0.930263
 1.050  0.948632
 1.051  0.883457
 1.052  0.862507
 1.053  0.823026
 1.054  0.796282
 1.055  0.792630
 1.056  0.793351
 1.057  0.750110
 1.058  0.756534
 1.059  0.883985
 1.060  0.648820
 1.061  0.646356
 1.062  0.643303
 1.063  0.641193
 1.064  0.639026
 1.065  0.636745
 1.066  0.634337
 1.067  0.632079
 1.068  0.629583
 1.069  0.626984
 1.070  0.624934
 1.071  0.622671
 1.072  0.620790
 1.073  0.618805
 1.074  0.616695
 1.075  0.613870
 1.076  0.612203
 1.077  0.610548
 1.078  0.608871
 1.079  0.607199
 1.080  0.605293
 1.081  0.603322
 1.082  0.600941
 1.083  0.599253
 1.084  0.597386
 1.085  0.595694
 1.086  0.594051
 1.087  0.644655
 1.088  0.676239
 1.089  0.700094
 1.090  0.642170
 1.091  0.664806
 1.092  0.702487
 1.093  0.628428
 1.094  0.627082
 1.095  0.696586
 1.096  0.725320
 1.097  0.824144
 1.098  0.834716
 1.099  0.866069
 1.100  0.897893
 1.101  0.911576
 1.102  1.808820
 1.103  0.913619
 1.104  0.896589
 1.105  0.857392
 1.106  0.841880
 1.107  0.820349
 1.108  0.813005
 1.109  0.805093
 1.110  0.793998
 1.111  0.788504
 1.112  0.783195
 1.113  0.778017
 1.114  0.771727
 1.115  0.768360
 1.116  0.764773
 1.117  0.761050
 1.118  0.756996
 1.119  0.754186
 1.120  0.750794
 1.121  0.748364
 1.122  0.746569
 1.123  0.743908
 1.124  0.741306
 1.125  0.739028
 1.126  0.736789
 1.127  0.734027
 1.128  0.731687
 1.129  0.729615
 1.130  0.727847
 1.131  0.725417
 1.132  0.723734
 1.133  0.723464
 1.134  0.720574
 1.135  0.721198
 1.136  0.719323
 1.137  0.718194
 1.138  0.715466
 1.139  0.713802
 1.140  0.714462
 1.141  0.711091
 1.142  0.709273
 1.143  0.709648
 1.144  0.705707
 1.145  0.703555
 1.146  0.706493
 1.147  0.705461
 1.148  0.705974
 1.149  0.705090
 1.150  0.702354
 1.151  0.705536
 1.152  0.699632
 1.153  0.702788
 1.154  0.694856
 1.155  0.702135
 1.156  0.693628
 1.157  0.696797
 1.158  0.710637
 1.159  0.694475
 1.160  0.620217
 1.161  0.545062
 1.162  0.433767
 1.163  0.432863
 1.164  0.432143
 1.165  0.419790
 1.166  0.408702
 1.167  0.400917
 1.168  0.394375
 1.169  0.391695
 1.170  0.391905
 1.171  0.392093
 1.172  0.392700
 1.173  0.393282
 1.174  0.391561
 1.175  0.387575
 1.176  0.386491
 1.177  0.385273
 1.178  0.381602
 1.179  0.376760
 1.180  0.372051
 1.181  0.370026
 1.182  0.370188
 1.183  0.370440
 1.184  0.371409
 1.185  0.370951
 1.186  0.370015
 1.187  0.369127
 1.188  0.368427
 1.189  0.363132
 1.190  0.359234
 1.191  0.355108
 1.192  0.351084
 1.193  0.347871
 1.194  0.348061
 1.195  0.348564
 1.196  0.348988
 1.197  0.347988
 1.198  0.346959
 1.199  0.345896
 1.200  0.344836
 1.201  0.347603
 1.202  0.347684
 1.203  0.342464
 1.204  0.338723
 1.205  0.338966
 1.206  0.339847
 1.207  0.339650
 1.208  0.338638
 1.209  0.337576
 1.210  0.336342
 1.211  0.335510
 1.212  0.334723
 1.213  0.331303
 1.214  0.327761
 1.215  0.327303
 1.216  0.326366
 1.217  0.327654
 1.218  0.325512
 1.219  0.324797
 1.220  0.323548
 1.221  0.322715
 1.222  0.321938
 1.223  0.319172
 1.224  0.315463
 1.225  0.314182
 1.226  0.315851
 1.227  0.314952
 1.228  0.314075
 1.229  0.313259
 1.230  0.312463
 1.231  0.310716
 1.232  0.309357
 1.233  0.305290
 1.234  0.302518
 1.235  0.304943
 1.236  0.304098
 1.237  0.303251
 1.238  0.302425
 1.239  0.301583
 1.240  0.300777
 1.241  0.300042
 1.242  0.299892
 1.243  0.301143
 1.244  0.301168
 1.245  0.299105
 1.246  0.298164
 1.247  0.297226
 1.248  0.296359
 1.249  0.293481
 1.250  0.288538
 1.251  0.290248
 1.252  0.290060
 1.253  0.290022
 1.254  0.289204
 1.255  0.288505
 1.256  0.288079
 1.257  0.287476
 1.258  0.288332
 1.259  0.287317
 1.260  0.286515
 1.261  0.285695
 1.262  0.284543
 1.263  0.281141
 1.264  0.275875
 1.265  0.274878
 1.266  0.273614
 1.267  0.272720
 1.268  0.290022
 1.269  0.297895
 1.270  0.301474
 1.271  0.299047
 1.272  0.297859
 1.273  0.297011
 1.274  0.297097
 1.275  0.299708
 1.276  0.298824
 1.277  0.299339
 1.278  0.299091
 1.279  0.301143
 1.280  0.297192
 1.281  0.301343
 1.282  0.293365
 1.283  0.287097
 1.284  0.288651
 1.285  0.287606
 1.286  0.283926
 1.287  0.283232
 1.288  0.290412
 1.289  0.272768
 1.290  0.223983
 1.291  0.223966
 1.292  0.221159
 1.293  0.223165
 1.294  0.228935
 1.295  0.232040
 1.296  0.231978
 1.297  0.231273
 1.298  0.232484
 1.299  0.233628
 1.300  0.233558
 1.301  0.233517
 1.302  0.233561
 1.303  0.233597
 1.304  0.231255
 1.305  0.227853
 1.306  0.231073
 1.307  0.231696
 1.308  0.231689
 1.309  0.231698
 1.310  0.231738
 1.311  0.231789
 1.312  0.231588
 1.313  0.233012
 1.314  0.234349
 1.315  0.236108
 1.316  0.234829
 1.317  0.238687
 1.318  0.238841
 1.319  0.238547
 1.320  0.238178
 1.321  0.238246
 1.322  0.238315
 1.323  0.238521
 1.324  0.235795
 1.325  0.234300
 1.326  0.232870
 1.327  0.236221
 1.328  0.239943
 1.329  0.240681
 1.330  0.240805
 1.331  0.240987
 1.332  0.241180
 1.333  0.242748
 1.334  0.242810
 1.335  0.242703
 1.336  0.241751
 1.337  0.244981
 1.338  0.247777
 1.339  0.247062
 1.340  0.246774
 1.341  0.240948
 1.342  0.240942
 1.343  0.241035
 1.344  0.241191
 1.345  0.240603
 1.346  0.239897
 1.347  0.240374
 1.348  0.240992
 1.349  0.241189
 1.350  0.241180
 1.351  0.241469
 1.352  0.243172
 1.353  0.244830
 1.354  0.252392
 1.355  0.253710
 1.356  0.253772
 1.357  0.254001
 1.358  0.254344
 1.359  0.254984
 1.360  0.256837
 1.361  0.257047
 1.362  0.256764
 1.363  0.255654
 1.364  0.255547
 1.365  0.245162
 1.366  0.245252
 1.367  0.245769
 1.368  0.255959
 1.369  0.257071
 1.370  0.257106
 1.371  0.257165
 1.372  0.257233
 1.373  0.258006
 1.374  0.259527
 1.375  0.263063
 1.376  0.269524
 1.377  0.265961
 1.378  0.261398
 1.379  0.252959
 1.380  0.230130
 1.381  0.231408
 1.382  0.232751
 1.383  0.234202
 1.384  0.234644
 1.385  0.236105
 1.386  0.257045
 1.387  0.260327
 1.388  0.263668
 1.389  0.269103
 1.390  0.274348
 1.391  0.284094
 1.392  0.311432
 1.393  0.306752
 1.394  0.299959
 1.395  0.283879
 1.396  0.281870
 1.397  0.279804
 1.398  0.277364
 1.399  0.274630
 1.400  0.269127
 1.401  0.266898
 1.402  0.266039
 1.403  0.265158
 1.404  0.264148
 1.405  0.263098
 1.406  0.261621
 1.407  0.259645
 1.408  0.258992
 1.409  0.258322
 1.410  0.257911
 1.411  0.257503
 1.412  0.257024
 1.413  0.256475
 1.414  0.255560
 1.415  0.254700
 1.416  0.254499
 1.417  0.254481
 1.418  0.254478
 1.419  0.254462
 1.420  0.265483
 1.421  0.266260
 1.422  0.266839
 1.423  0.267131
 1.424  0.267827
 1.425  0.267998
 1.426  0.269135
 1.427  0.270251
 1.428  0.271607
 1.429  0.273052
 1.430  0.274813
 1.431  0.277708
 1.432  0.281114
 1.433  0.287952
 1.434  0.296184
 1.435  0.292634
 1.436  0.288289
 1.437  0.283659
 1.438  0.273551
 1.439  0.272416
 1.440  0.271094
 1.441  0.269599
 1.442  0.268349
 1.443  0.267031
 1.444  0.265718
 1.445  0.264027
 1.446  0.261333
 1.447  0.260617
 1.448  0.259911
 1.449  0.259210
 1.450  0.258530
 1.451  0.257611
 1.452  0.256865
 1.453  0.256069
 1.454  0.255217
 1.455  0.254220
 1.456  0.253060
 1.457  0.252572
 1.458  0.251991
 1.459  0.251355
 1.460  0.250646
 1.461  0.250143
 1.462  0.249648
 1.463  0.249268
 1.464  0.248626
 1.465  0.247892
 1.466  0.246953
 1.467  0.246396
 1.468  0.245876
 1.469  0.245328
 1.470  0.244804
 1.471  0.244365
 1.472  0.243921
 1.473  0.243514
 1.474  0.243168
 1.475  0.242762
 1.476  0.242345
 1.477  0.241552
 1.478  0.241043
 1.479  0.240502
 1.480  0.240061
 1.481  0.239615
 1.482  0.239186
 1.483  0.238756
 1.484  0.238324
 1.485  0.237895
 1.486  0.237488
 1.487  0.237082
 1.488  0.236652
 1.489  0.236253
 1.490  0.235869
 1.491  0.235528
 1.492  0.235156
 1.493  0.234719
 1.494  0.234282
 1.495  0.233858
 1.496  0.233431
 1.497  0.232984
 1.498  0.232625
 1.499  0.232205
 1.500  0.232012
 1.501  0.231589
 1.502  0.231179
 1.503  0.230765
 1.504  0.230374
 1.505  0.229990
 1.506  0.229615
 1.507  0.229289
 1.508  0.229066
 1.509  0.228687
 1.510  0.228349
 1.511  0.228169
 1.512  0.227726
 1.513  0.227301
 1.514  0.226889
 1.515  0.226492
 1.516  0.226100
 1.517  0.225715
 1.518  0.225370
 1.519  0.225027
 1.520  0.224746
 1.521  0.224623
 1.522  0.224313
 1.523  0.223964
 1.524  0.223646
 1.525  0.223314
 1.526  0.222899
 1.527  0.222514
 1.528  0.222142
 1.529  0.221814
 1.530  0.221552
 1.531  0.221484
 1.532  0.221213
 1.533  0.220670
 1.534  0.220244
 1.535  0.219861
 1.536  0.219495
 1.537  0.219175
 1.538  0.218886
 1.539  0.218748
 1.540  0.218674
 1.541  0.218723
 1.542  0.218209
 1.543  0.217694
 1.544  0.217162
 1.545  0.216802
 1.546  0.216474
 1.547  0.216217
 1.548  0.215908
 1.549  0.215752
 1.550  0.215786
 1.551  0.215303
 1.552  0.214874
 1.553  0.214487
 1.554  0.214239
 1.555  0.213848
 1.556  0.213685
 1.557  0.213473
 1.558  0.213664
 1.559  0.213160
 1.560  0.212726
 1.561  0.212368
 1.562  0.211888
 1.563  0.211495
 1.564  0.211163
 1.565  0.211059
 1.566  0.211154
 1.567  0.210897
 1.568  0.210345
 1.569  0.209863
 1.570  0.209532
 1.571  0.209400
 1.572  0.209374
 1.573  0.209796
 1.574  0.209097
 1.575  0.208386
 1.576  0.207801
 1.577  0.207382
 1.578  0.207365
 1.579  0.208164
 1.580  0.207343
 1.581  0.206662
 1.582  0.206048
 1.583  0.205789
 1.584  0.206262
 1.585  0.206614
 1.586  0.205733
 1.587  0.204964
 1.588  0.204620
 1.589  0.204695
 1.590  0.205298
 1.591  0.204024
 1.592  0.203447
 1.593  0.203578
 1.594  0.203516
 1.595  0.203296
 1.596  0.202360
 1.597  0.202420
 1.598  0.202422
 1.599  0.202099
 1.600  0.202124
 1.601  0.201345
 1.602  0.201521
 1.603  0.200264
 1.604  0.201896
 1.605  0.200427
 1.606  0.201164
 1.607  0.193338
 1.608  0.106707
 1.609  0.106580
 1.610  0.106473
 1.611  0.106383
 1.612  0.106336
 1.613  0.106428
 1.614  0.106237
 1.615  0.106048
 1.616  0.105857
 1.617  0.105672
 1.618  0.105484
 1.619  0.105325
 1.620  0.105182
 1.621  0.105039
 1.622  0.104914
 1.623  0.104792
 1.624  0.104710
 1.625  0.104675
 1.626  0.104772
 1.627  0.104565
 1.628  0.104367
 1.629  0.104185
 1.630  0.104008
 1.631  0.103840
 1.632  0.103676
 1.633  0.103532
 1.634  0.103392
 1.635  0.103270
 1.636  0.103161
 1.637  0.103110
 1.638  0.103234
 1.639  0.103113
 1.640  0.102911
 1.641  0.102719
 1.642  0.102530
 1.643  0.102353
 1.644  0.102192
 1.645  0.102034
 1.646  0.101910
 1.647  0.101788
 1.648  0.101699
 1.649  0.101670
 1.650  0.101861
 1.651  0.101643
 1.652  0.101430
 1.653  0.101233
 1.654  0.101049
 1.655  0.100891
 1.656  0.100737
 1.657  0.100576
 1.658  0.100454
 1.659  0.100350
 1.660  0.100296
 1.661  0.100501
 1.662  0.100360
 1.663  0.100144
 1.664  0.099970
 1.665  0.099769
 1.666  0.099576
 1.667  0.099406
 1.668  0.099245
 1.669  0.099132
 1.670  0.099041
 1.671  0.099064
 1.672  0.099292
 1.673  0.099092
 1.674  0.098840
 1.675  0.098605
 1.676  0.098405
 1.677  0.098216
 1.678  0.098070
 1.679  0.097941
 1.680  0.097918
 1.681  0.098014
 1.682  0.098181
 1.683  0.097907
 1.684  0.097644
 1.685  0.097397
 1.686  0.097200
 1.687  0.097048
 1.688  0.096973
 1.689  0.096892
 1.690  0.096874
 1.691  0.097213
 1.692  0.096902
 1.693  0.096631
 1.694  0.096386
 1.695  0.096195
 1.696  0.096151
 1.697  0.095955
 1.698  0.095838
 1.699  0.095900
 1.700  0.096129
 1.701  0.095818
 1.702  0.095587
 1.703  0.095479
 1.704  0.095199
 1.705  0.095014
 1.706  0.094887
 1.707  0.094966
 1.708  0.095257
 1.709  0.095038
 1.710  0.094817
 1.711  0.094462
 1.712  0.094165
 1.713  0.094041
 1.714  0.094071
 1.715  0.094659
 1.716  0.094499
 1.717  0.094029
 1.718  0.093611
 1.719  0.093312
 1.720  0.093230
 1.721  0.093574
 1.722  0.094059
 1.723  0.093489
 1.724  0.092986
 1.725  0.092611
 1.726  0.092502
 1.727  0.093143
 1.728  0.093382
 1.729  0.092652
 1.730  0.092161
 1.731  0.091992
 1.732  0.092303
 1.733  0.093107
 1.734  0.092060
 1.735  0.091589
 1.736  0.091935
 1.737  0.091686
 1.738  0.092175
 1.739  0.091094
 1.740  0.091642
 1.741  0.091287
 1.742  0.091613
 1.743  0.091087
 1.744  0.090655
 1.745  0.091372
 1.746  0.091790
 1.747  0.090156
 1.748  0.090973
 1.749  0.087688
 1.750  0.092676
 1.751  0.093102
 1.752  0.000000
