0.000    0.001353    0.000000
0.150    0.001384    0.002722
0.300    0.001416    0.004114
0.440    0.001448    0.005085
0.590    0.001483    0.005827
0.740    0.001520    0.006433
0.890    0.001559    0.006950
1.040    0.001600    0.007404
1.180    0.001640    0.007814
1.330    0.001684    0.008187
1.480    0.001732    0.008532
1.630    0.001782    0.008855
1.770    0.001831    0.009160
1.920    0.001888    0.009450
2.070    0.001949    0.009728
2.220    0.002014    0.009996
2.370    0.002085    0.010255
2.510    0.002158    0.010509
2.660    0.002244    0.010758
2.810    0.002341    0.011003
2.960    0.002452    0.011248
3.110    0.002584    0.011493
3.250    0.002733    0.011741
3.400    0.002938    0.011996
3.550    0.003225    0.012264
3.700    0.003681    0.012557
3.840    0.004503    0.012903
3.990    0.007049    0.013425
4.140    0.018586    0.014749
4.290    0.024537    0.016436
4.440    0.015911    0.017493
4.580    0.019414    0.018744
4.730    0.019327    0.019949
4.880    0.030148    0.021772
5.030    0.023447    0.023147
5.180    0.022206    0.024411
5.320    0.023272    0.025702
5.470    0.035274    0.027604
5.620    0.029949    0.029176
5.770    0.021580    0.030280
5.910    0.036155    0.032084
6.060    0.038600    0.033963
6.210    0.033069    0.035534
6.360    0.033530    0.037089
6.510    0.030536    0.038473
6.650    0.050917    0.040732
6.800    0.037951    0.042378
6.950    0.036192    0.043915
7.100    0.039313    0.045548
7.250    0.060356    0.048004
7.390    0.045767    0.049831
7.540    0.043919    0.051549
7.690    0.067960    0.054156
7.840    0.073830    0.056934
7.980    0.081730    0.059956
8.130    0.063674    0.062266
8.280    0.075426    0.064953
8.430    0.089323    0.068079
8.580    0.063908    0.070276
8.720    0.050973    0.072001
8.870    0.046882    0.073560
9.020    0.046583    0.075083
9.170    0.026697    0.075942
9.320    0.022899    0.076667
9.460    0.020003    0.077291
9.610    0.016993    0.077813
9.760    0.016183    0.078302
9.910    0.016135    0.078782
10.060    0.016844    0.079276
10.200    0.017792    0.079790
10.350    0.019129    0.080336
10.500    0.020764    0.080919
10.650    0.022727    0.081549
10.790    0.024903    0.082229
10.940    0.027685    0.082976
11.090    0.031048    0.083802
11.240    0.035158    0.084725
11.390    0.040266    0.085768
11.530    0.046218    0.086950
11.680    0.054403    0.088324
11.830    0.065286    0.089952
11.980    0.079988    0.091922
12.130    0.101404    0.094388
12.270    0.130575    0.097527
12.420    0.181874    0.101847
12.570    0.278662    0.108387
12.720    0.522921    0.120514
12.860    1.324572    0.150899
13.010    3.129962    0.221871
13.160    4.774431    0.328896
13.310    5.355462    0.447594
13.460    5.024739    0.557720
13.600    4.489236    0.655097
13.750    3.893317    0.738626
13.900    2.997024    0.802232
14.050    2.165062    0.847690
14.200    1.717837    0.883378
14.340    1.289287    0.909901
14.490    0.913092    0.928490
14.640    0.632515    0.941236
14.790    0.456326    0.950338
14.930    0.376389    0.957775
15.080    0.324171    0.964116
15.230    0.351835    0.970931
15.380    0.432425    0.979225
15.530    0.562708    0.989914
15.670    0.723442    1.003534
15.820    0.889635    1.020123
15.970    1.588326    1.049463
16.120    2.791320    1.100545
16.270    2.983300    1.154636
16.410    1.696266    1.185130
16.560    2.002948    1.220810
16.710    2.337923    1.262084
16.860    1.376990    1.286178
17.010    0.832817    1.300621
17.150    0.516044    1.309497
17.300    0.315874    1.314884
17.450    0.189453    1.318087
17.600    0.122517    1.320140
17.740    0.084835    1.321551
17.890    0.063200    1.322593
18.040    0.049881    1.323409
18.190    0.041839    1.324087
18.340    0.037305    1.324687
18.480    0.034561    1.325239
18.630    0.033056    1.325762
18.780    0.032816    1.326278
18.930    0.033965    1.326807
19.080    0.036949    1.327378
19.220    0.042226    1.328027
19.370    0.052547    1.328827
19.520    0.072797    1.329927
19.670    0.116700    1.331677
19.810    0.215674    1.334889
19.960    0.587668    1.343574
20.110    2.905760    1.386200
20.260    1.297570    1.405093
20.410    0.340375    1.410013
20.550    0.150968    1.412180
20.700    0.083756    1.413374
20.850    0.054349    1.414143
21.000    0.038834    1.414688
21.150    0.029606    1.415101
21.290    0.023968    1.415433
21.440    0.019765    1.415705
21.590    0.016740    1.415934
21.740    0.014477    1.416131
21.880    0.012833    1.416304
22.030    0.011428    1.416457
22.180    0.010292    1.416594
22.330    0.009356    1.416717
22.480    0.008573    1.416830
22.620    0.007949    1.416933
22.770    0.007372    1.417029
22.920    0.006873    1.417117
23.070    0.006435    1.417200
23.220    0.006049    1.417276
23.360    0.005728    1.417349
23.510    0.005418    1.417417
23.660    0.005140    1.417481
23.810    0.004889    1.417541
23.950    0.004676    1.417599
24.100    0.004466    1.417654
24.250    0.004275    1.417706
24.400    0.004099    1.417755
24.550    0.003937    1.417802
24.690    0.003797    1.417848
24.840    0.003657    1.417891
24.990    0.003528    1.417933
25.140    0.003408    1.417973
25.290    0.003296    1.418011
25.430    0.003198    1.418048
25.580    0.003099    1.418084
25.730    0.003007    1.418119
25.880    0.002921    1.418152
26.030    0.002840    1.418184
26.170    0.002769    1.418215
26.320    0.002697    1.418246
26.470    0.002629    1.418275
26.620    0.002565    1.418303
26.760    0.002509    1.418331
26.910    0.002452    1.418358
27.060    0.002398    1.418384
27.210    0.002347    1.418409
27.360    0.002299    1.418434
27.500    0.002257    1.418458
27.650    0.002214    1.418482
27.800    0.002174    1.418505
27.950    0.002135    1.418528
28.100    0.002099    1.418550
28.240    0.002068    1.418571
28.390    0.002036    1.418592
28.540    0.002006    1.418613
28.690    0.001977    1.418634
28.830    0.001953    1.418653
28.980    0.001928    1.418673
29.130    0.001904    1.418692
29.280    0.001883    1.418711
29.430    0.001863    1.418730
29.570    0.001845    1.418748
29.720    0.001828    1.418767
29.870    0.001812    1.418784
30.020    0.001798    1.418802
30.170    0.001785    1.418820
30.310    0.001774    1.418837
30.460    0.001763    1.418854
30.610    0.001754    1.418871
30.760    0.001747    1.418888
30.900    0.001741    1.418904
31.050    0.001736    1.418921
31.200    0.001732    1.418937
31.350    0.001730    1.418953
31.500    0.001729    1.418970
31.640    0.001729    1.418986
31.790    0.001731    1.419002
31.940    0.001734    1.419018
32.090    0.001739    1.419034
32.240    0.001745    1.419050
32.380    0.001752    1.419066
32.530    0.001761    1.419082
32.680    0.001772    1.419098
32.830    0.001784    1.419114
32.970    0.001798    1.419130
33.120    0.001814    1.419146
33.270    0.001832    1.419162
33.420    0.001852    1.419178
33.570    0.001874    1.419195
33.710    0.001897    1.419212
33.860    0.001924    1.419228
34.010    0.001954    1.419245
34.160    0.001986    1.419262
34.310    0.002021    1.419280
34.450    0.002057    1.419297
34.600    0.002098    1.419315
34.750    0.002144    1.419334
34.900    0.002193    1.419352
35.050    0.002247    1.419371
35.190    0.002301    1.419390
35.340    0.002365    1.419410
35.490    0.002434    1.419430
35.640    0.002510    1.419451
35.780    0.002587    1.419472
35.930    0.002678    1.419494
36.080    0.002778    1.419517
36.230    0.002888    1.419541
36.380    0.003010    1.419565
36.520    0.003136    1.419590
36.670    0.003286    1.419617
36.820    0.003455    1.419644
36.970    0.003647    1.419673
37.120    0.003865    1.419704
37.260    0.004098    1.419737
37.410    0.004388    1.419771
37.560    0.004729    1.419808
37.710    0.005139    1.419849
37.850    0.005605    1.419892
38.000    0.006226    1.419941
38.150    0.007034    1.419995
38.300    0.008131    1.420058
38.450    0.009711    1.420132
38.590    0.011977    1.420224
38.740    0.016162    1.420347
38.890    0.024950    1.420536
39.040    0.050320    1.420916
39.190    0.184168    1.422303
39.330    0.353381    1.424953
39.480    0.160878    1.426155
39.630    0.133146    1.427146
39.780    0.077258    1.427719
39.920    0.036338    1.427988
40.070    0.028223    1.428196
40.220    0.028942    1.428408
40.370    0.034983    1.428664
40.520    0.049956    1.429027
40.660    0.089122    1.429674
40.810    0.215304    1.431230
40.960    0.548062    1.435177
41.110    1.148362    1.443418
41.260    0.385371    1.446173
41.400    0.216307    1.447715
41.550    0.156903    1.448829
41.700    0.120048    1.449678
41.850    0.094927    1.450347
41.990    0.092210    1.450995
42.140    0.129598    1.451902
42.290    0.293273    1.453948
42.440    1.013263    1.460991
42.590    1.255130    1.469685
42.730    0.782038    1.475084
42.880    0.584897    1.479108
43.030    1.104271    1.486678
43.180    0.912479    1.492912
43.330    0.737902    1.497936
43.470    0.704924    1.502720
43.620    0.793350    1.508085
43.770    1.011258    1.514901
43.920    0.476766    1.518103
44.070    0.368820    1.520572
44.210    0.483258    1.523796
44.360    1.067358    1.530895
44.510    2.522166    1.547611
44.660    2.121768    1.561626
44.800    1.204563    1.569558
44.950    0.587868    1.573416
45.100    0.339269    1.575635
45.250    0.539349    1.579151
45.400    0.239370    1.580707
45.540    0.176413    1.581849
45.690    0.373423    1.584261
45.840    0.238813    1.585797
45.990    0.164487    1.586852
46.140    0.152032    1.587825
46.280    0.169800    1.588907
46.430    0.162888    1.589942
46.580    0.096208    1.590551
46.730    0.117905    1.591295
46.870    0.169376    1.592361
47.020    0.227315    1.593788
47.170    0.230916    1.595232
47.320    0.099919    1.595855
47.470    0.035565    1.596076
47.610    0.021506    1.596209
47.760    0.015343    1.596304
47.910    0.012077    1.596378
48.060    0.010035    1.596440
48.210    0.008621    1.596492
48.350    0.007634    1.596539
48.500    0.006807    1.596580
48.650    0.006144    1.596618
48.800    0.005597    1.596651
48.940    0.005165    1.596683
49.090    0.004768    1.596711
49.240    0.004425    1.596738
49.390    0.004124    1.596762
49.540    0.003858    1.596785
49.680    0.003637    1.596807
49.830    0.003423    1.596827
49.980    0.003231    1.596846
50.130    0.003057    1.596864
50.280    0.002898    1.596881
50.420    0.002763    1.596897
50.570    0.002629    1.596913
50.720    0.002507    1.596927
50.870    0.002393    1.596941
51.020    0.002289    1.596955
51.160    0.002198    1.596967
51.310    0.002107    1.596979
51.460    0.002022    1.596991
51.610    0.001943    1.597002
51.750    0.001874    1.597013
51.900    0.001804    1.597023
52.050    0.001739    1.597033
52.200    0.001677    1.597042
52.350    0.001619    1.597051
52.490    0.001568    1.597060
52.640    0.001516    1.597069
52.790    0.001467    1.597077
52.940    0.001421    1.597085
53.090    0.001377    1.597092
53.230    0.001338    1.597100
53.380    0.001298    1.597107
53.530    0.001260    1.597114
53.680    0.001224    1.597121
53.820    0.001192    1.597127
53.970    0.001159    1.597134
54.120    0.001128    1.597140
54.270    0.001098    1.597146
54.420    0.001069    1.597151
54.560    0.001044    1.597157
54.710    0.001017    1.597163
54.860    0.000992    1.597168
55.010    0.000968    1.597173
55.160    0.000944    1.597178
55.300    0.000924    1.597183
55.450    0.000902    1.597188
55.600    0.000881    1.597193
55.750    0.000862    1.597197
55.890    0.000844    1.597202
56.040    0.000825    1.597206
56.190    0.000807    1.597210
56.340    0.000790    1.597214
56.490    0.000774    1.597218
56.630    0.000759    1.597222
56.780    0.000743    1.597226
56.930    0.000728    1.597230
57.080    0.000714    1.597234
57.230    0.000700    1.597237
57.370    0.000687    1.597241
57.520    0.000674    1.597244
57.670    0.000661    1.597248
57.820    0.000649    1.597251
57.960    0.000638    1.597254
58.110    0.000626    1.597257
58.260    0.000615    1.597260
58.410    0.000604    1.597264
58.560    0.000594    1.597267
58.700    0.000584    1.597269
58.850    0.000574    1.597272
59.000    0.000564    1.597275
