0.000    0.001013    0.000000
0.150    0.001112    0.002187
0.300    0.001252    0.003418
0.440    0.001452    0.004392
0.590    0.001335    0.005059
0.740    0.001063    0.005483
0.890    0.000821    0.005755
1.040    0.000777    0.005976
1.180    0.000716    0.006155
1.330    0.000706    0.006311
1.480    0.000727    0.006456
1.630    0.000751    0.006592
1.770    0.000774    0.006721
1.920    0.001102    0.006890
2.070    0.001450    0.007097
2.220    0.001524    0.007300
2.370    0.001587    0.007497
2.510    0.001566    0.007681
2.660    0.001626    0.007862
2.810    0.001694    0.008039
2.960    0.001704    0.008209
3.110    0.001795    0.008380
3.250    0.001898    0.008552
3.400    0.002038    0.008729
3.550    0.002228    0.008914
3.700    0.002513    0.009114
3.840    0.002971    0.009343
3.990    0.004138    0.009648
4.140    0.006959    0.010144
4.290    0.021561    0.011627
4.440    0.022345    0.013112
4.580    0.014586    0.014051
4.730    0.017499    0.015142
4.880    0.019530    0.016323
5.030    0.026217    0.017861
5.180    0.020757    0.019043
5.320    0.020465    0.020177
5.470    0.024024    0.021473
5.620    0.034446    0.023281
5.770    0.027168    0.024670
5.910    0.021570    0.025747
6.060    0.035508    0.027475
6.210    0.032822    0.029035
6.360    0.030748    0.030461
6.510    0.028214    0.031739
6.650    0.028959    0.033024
6.800    0.045463    0.034996
6.950    0.034915    0.036478
7.100    0.034365    0.037906
7.250    0.038362    0.039467
7.390    0.056685    0.041730
7.540    0.041422    0.043350
7.690    0.039899    0.044881
7.840    0.069167    0.047484
7.980    0.067815    0.049991
8.130    0.073371    0.052653
8.280    0.059570    0.054775
8.430    0.078468    0.057521
8.580    0.079082    0.060240
8.720    0.058553    0.062221
8.870    0.044737    0.063709
9.020    0.042417    0.065096
9.170    0.039682    0.066373
9.320    0.019875    0.067002
9.460    0.016319    0.067511
9.610    0.012959    0.067909
9.760    0.009387    0.068192
9.910    0.007973    0.068430
10.060    0.007248    0.068642
10.200    0.007075    0.068847
10.350    0.007041    0.069047
10.500    0.007161    0.069249
10.650    0.007362    0.069453
10.790    0.007608    0.069661
10.940    0.007925    0.069874
11.090    0.008297    0.070095
11.240    0.008723    0.070324
11.390    0.009217    0.070563
11.530    0.009738    0.070812
11.680    0.010378    0.071074
11.830    0.011230    0.071354
11.980    0.011989    0.071649
12.130    0.013327    0.071973
12.270    0.014424    0.072320
12.420    0.015977    0.072700
12.570    0.018215    0.073127
12.720    0.019758    0.073585
12.860    0.022594    0.074104
13.010    0.025158    0.074674
13.160    0.028157    0.075305
13.310    0.032469    0.076025
13.460    0.035411    0.076801
13.600    0.040860    0.077687
13.750    0.045099    0.078655
13.900    0.052291    0.079765
14.050    0.059894    0.081022
14.200    0.069057    0.082457
14.340    0.081862    0.084141
14.490    0.094381    0.086062
14.640    0.119391    0.088468
14.790    0.144999    0.091360
14.930    0.187748    0.095070
15.080    0.257701    0.100111
15.230    0.380744    0.107486
15.380    0.695778    0.120832
15.530    1.884620    0.156631
15.670    4.870601    0.248324
15.820    5.979364    0.359823
15.970    7.707024    0.502188
16.120    5.769841    0.607777
16.270    3.826440    0.677157
16.410    2.651041    0.724814
16.560    2.066488    0.761626
16.710    1.707330    0.791768
16.860    1.224216    0.813188
17.010    0.982829    0.830233
17.150    0.838118    0.844649
17.300    0.993659    0.861593
17.450    0.850503    0.875971
17.600    1.141658    0.895107
17.740    1.162895    0.914445
17.890    1.184460    0.933976
18.040    1.098371    0.951938
18.190    0.921927    0.966889
18.340    0.762451    0.979153
18.480    0.691106    0.990185
18.630    0.550521    0.998903
18.780    0.522444    1.007109
18.930    0.702713    1.018060
19.080    0.294915    1.022620
19.220    0.120412    1.024468
19.370    0.101327    1.026011
19.520    0.059958    1.026917
19.670    0.042839    1.027560
19.810    0.035871    1.028094
19.960    0.031854    1.028565
20.110    0.030493    1.029012
20.260    0.033306    1.029497
20.410    0.041963    1.030104
20.550    0.054645    1.030888
20.700    0.074478    1.031950
20.850    0.082008    1.033110
21.000    0.064552    1.034017
21.150    0.063043    1.034896
21.290    0.082948    1.036045
21.440    0.130654    1.037843
21.590    0.163401    1.040076
21.740    0.245329    1.043405
21.880    0.238697    1.046623
22.030    0.350453    1.051316
22.180    0.273678    1.054956
22.330    0.368539    1.059825
22.480    0.314996    1.063958
22.620    0.205998    1.066645
22.770    0.267865    1.070115
22.920    0.366955    1.074838
23.070    0.259443    1.078156
23.220    0.096864    1.079386
23.360    0.126873    1.080988
23.510    0.343045    1.085293
23.660    0.205908    1.087860
23.810    0.190771    1.090224
23.950    0.134018    1.091875
24.100    0.047167    1.092452
24.250    0.034614    1.092873
24.400    0.042820    1.093391
24.550    0.108426    1.094694
24.690    0.377021    1.099198
24.840    0.086671    1.100228
24.990    0.032554    1.100612
25.140    0.020207    1.100849
25.290    0.018089    1.101060
25.430    0.029769    1.101405
25.580    0.064439    1.102149
25.730    0.017658    1.102351
25.880    0.009837    1.102463
26.030    0.007400    1.102547
26.170    0.006266    1.102618
26.320    0.005506    1.102679
26.470    0.004977    1.102735
26.620    0.004576    1.102785
26.760    0.004277    1.102833
26.910    0.004011    1.102877
27.060    0.003787    1.102918
27.210    0.003594    1.102957
27.360    0.003426    1.102994
27.500    0.003287    1.103029
27.650    0.003154    1.103063
27.800    0.003034    1.103095
27.950    0.002926    1.103126
28.100    0.002828    1.103155
28.240    0.002745    1.103184
28.390    0.002662    1.103212
28.540    0.002587    1.103239
28.690    0.002517    1.103264
28.830    0.002457    1.103290
28.980    0.002398    1.103314
29.130    0.002343    1.103338
29.280    0.002292    1.103361
29.430    0.002245    1.103383
29.570    0.002204    1.103405
29.720    0.002164    1.103427
29.870    0.002126    1.103448
30.020    0.002091    1.103468
30.170    0.002059    1.103488
30.310    0.002032    1.103508
30.460    0.002004    1.103528
30.610    0.001979    1.103547
30.760    0.001957    1.103565
30.900    0.001937    1.103584
31.050    0.001918    1.103602
31.200    0.001902    1.103620
31.350    0.001887    1.103638
31.500    0.001874    1.103655
31.640    0.001863    1.103673
31.790    0.001854    1.103690
31.940    0.001846    1.103707
32.090    0.001840    1.103724
32.240    0.001836    1.103741
32.380    0.001834    1.103758
32.530    0.001833    1.103774
32.680    0.001834    1.103791
32.830    0.001837    1.103807
32.970    0.001842    1.103824
33.120    0.001848    1.103840
33.270    0.001857    1.103857
33.420    0.001868    1.103873
33.570    0.001880    1.103890
33.710    0.001894    1.103906
33.860    0.001911    1.103923
34.010    0.001931    1.103940
34.160    0.001953    1.103956
34.310    0.001977    1.103973
34.450    0.002003    1.103991
34.600    0.002033    1.104008
34.750    0.002066    1.104026
34.900    0.002103    1.104043
35.050    0.002144    1.104061
35.190    0.002185    1.104080
35.340    0.002233    1.104098
35.490    0.002287    1.104117
35.640    0.002345    1.104137
35.780    0.002405    1.104157
35.930    0.002475    1.104177
36.080    0.002552    1.104198
36.230    0.002636    1.104219
36.380    0.002730    1.104241
36.520    0.002827    1.104264
36.670    0.002941    1.104288
36.820    0.003069    1.104312
36.970    0.003212    1.104338
37.120    0.003374    1.104365
37.260    0.003544    1.104393
37.410    0.003752    1.104422
37.560    0.003992    1.104454
37.710    0.004272    1.104487
37.850    0.004580    1.104523
38.000    0.004975    1.104562
38.150    0.005461    1.104604
38.300    0.006074    1.104651
38.450    0.006875    1.104703
38.590    0.007885    1.104764
38.740    0.009433    1.104835
38.890    0.011861    1.104925
39.040    0.016154    1.105047
39.190    0.025347    1.105238
39.330    0.050012    1.105613
39.480    0.170415    1.106887
39.630    0.337231    1.109397
39.780    0.231228    1.111112
39.920    0.107923    1.111909
40.070    0.042014    1.112219
40.220    0.027736    1.112422
40.370    0.024999    1.112605
40.520    0.027289    1.112803
40.660    0.035391    1.113060
40.810    0.063476    1.113519
40.960    0.131713    1.114468
41.110    0.226758    1.116095
41.260    0.335187    1.118491
41.400    0.447605    1.121681
41.550    0.496655    1.125207
41.700    0.448263    1.128378
41.850    0.372223    1.131002
41.990    0.283372    1.132993
42.140    0.129329    1.133898
42.290    0.109355    1.134661
42.440    0.163807    1.135800
42.590    0.436429    1.138823
42.730    1.483978    1.149068
42.880    1.064066    1.156388
43.030    0.429716    1.159334
43.180    0.482830    1.162633
43.330    0.831405    1.168293
43.470    0.701624    1.173054
43.620    0.535741    1.176678
43.770    0.453911    1.179737
43.920    0.416964    1.182538
44.070    0.441009    1.185490
44.210    0.472239    1.188641
44.360    0.475114    1.191800
44.510    0.509091    1.195174
44.660    0.581861    1.199018
44.800    0.608781    1.203027
44.950    1.253879    1.211256
45.100    3.491407    1.234093
45.250    1.676069    1.245020
45.400    0.792745    1.250171
45.540    0.561907    1.253811
45.690    0.439354    1.256648
45.840    0.317373    1.258690
45.990    0.372479    1.261079
46.140    0.373220    1.263466
46.280    0.297413    1.265361
46.430    0.434910    1.268125
46.580    0.215964    1.269492
46.730    0.125288    1.270283
46.870    0.138307    1.271154
47.020    0.160731    1.272162
47.170    0.194124    1.273376
47.320    0.230839    1.274815
47.470    0.130254    1.275625
47.610    0.056856    1.275977
47.760    0.080866    1.276477
47.910    0.029777    1.276660
48.060    0.017600    1.276768
48.210    0.013269    1.276849
48.350    0.011017    1.276916
48.500    0.009403    1.276973
48.650    0.008231    1.277023
48.800    0.007327    1.277068
48.940    0.006646    1.277108
49.090    0.006040    1.277144
49.240    0.005531    1.277177
49.390    0.005096    1.277208
49.540    0.004719    1.277236
49.680    0.004410    1.277262
49.830    0.004117    1.277286
49.980    0.003856    1.277309
50.130    0.003623    1.277330
50.280    0.003413    1.277350
50.420    0.003235    1.277369
50.570    0.003061    1.277387
50.720    0.002903    1.277404
50.870    0.002758    1.277420
51.020    0.002625    1.277435
51.160    0.002510    1.277450
51.310    0.002396    1.277463
51.460    0.002291    1.277477
51.610    0.002193    1.277489
51.750    0.002108    1.277501
51.900    0.002022    1.277513
52.050    0.001943    1.277524
52.200    0.001868    1.277534
52.350    0.001798    1.277544
52.490    0.001737    1.277554
52.640    0.001675    1.277564
52.790    0.001616    1.277573
52.940    0.001561    1.277581
53.090    0.001509    1.277590
53.230    0.001463    1.277598
53.380    0.001416    1.277606
53.530    0.001372    1.277613
53.680    0.001330    1.277620
53.820    0.001293    1.277628
53.970    0.001255    1.277634
54.120    0.001218    1.277641
54.270    0.001184    1.277647
54.420    0.001151    1.277654
54.560    0.001121    1.277660
54.710    0.001091    1.277666
54.860    0.001062    1.277671
55.010    0.001035    1.277677
55.160    0.001008    1.277682
55.300    0.000985    1.277688
55.450    0.000960    1.277693
55.600    0.000937    1.277698
55.750    0.000915    1.277702
55.890    0.000894    1.277707
56.040    0.000874    1.277712
56.190    0.000854    1.277716
56.340    0.000835    1.277721
56.490    0.000816    1.277725
56.630    0.000799    1.277729
56.780    0.000782    1.277733
56.930    0.000766    1.277737
57.080    0.000750    1.277741
57.230    0.000734    1.277745
57.370    0.000720    1.277748
57.520    0.000706    1.277752
57.670    0.000692    1.277756
57.820    0.000678    1.277759
57.960    0.000666    1.277762
58.110    0.000653    1.277766
58.260    0.000641    1.277769
58.410    0.000629    1.277772
58.560    0.000617    1.277775
58.700    0.000607    1.277778
58.850    0.000596    1.277781
59.000    0.000585    1.277784
