0.000    0.000005    0.000000
0.150    0.000225    0.000443
0.300    0.000450    0.000886
0.440    0.000676    0.001339
0.590    0.000901    0.001790
0.740    0.001126    0.002239
0.890    0.001352    0.002687
1.040    0.001577    0.003134
1.180    0.001802    0.003585
1.330    0.002031    0.004035
1.480    0.002264    0.004486
1.630    0.002499    0.004939
1.770    0.002736    0.005395
1.920    0.004660    0.006111
2.070    0.006513    0.007039
2.220    0.007135    0.007987
2.370    0.007809    0.008959
2.510    0.008281    0.009932
2.660    0.008824    0.010911
2.810    0.009378    0.011895
2.960    0.009823    0.012874
3.110    0.010398    0.013860
3.250    0.010984    0.014857
3.400    0.011598    0.015864
3.550    0.012239    0.016881
3.700    0.012924    0.017911
3.840    0.013666    0.018961
3.990    0.014657    0.020045
4.140    0.016371    0.021211
4.290    0.057775    0.025184
4.440    0.043841    0.028097
4.580    0.022217    0.029528
4.730    0.028760    0.031322
4.880    0.028974    0.033073
5.030    0.036343    0.035205
5.180    0.045948    0.037821
5.320    0.035202    0.039773
5.470    0.033387    0.041574
5.620    0.059408    0.044692
5.770    0.045577    0.047023
5.910    0.033547    0.048697
6.060    0.063722    0.051799
6.210    0.049873    0.054168
6.360    0.065112    0.057188
6.510    0.053540    0.059614
6.650    0.048353    0.061759
6.800    0.078517    0.065166
6.950    0.066719    0.067998
7.100    0.060279    0.070502
7.250    0.062492    0.073045
7.390    0.088418    0.076575
7.540    0.067170    0.079203
7.690    0.068041    0.081813
7.840    0.110467    0.085969
7.980    0.106573    0.089909
8.130    0.116996    0.094154
8.280    0.102663    0.097812
8.430    0.121927    0.102079
8.580    0.126727    0.106436
8.720    0.104804    0.109981
8.870    0.088962    0.112940
9.020    0.091810    0.115943
9.170    0.091907    0.118900
9.320    0.073055    0.121212
9.460    0.072788    0.123482
9.610    0.072568    0.125709
9.760    0.071616    0.127874
9.910    0.073351    0.130057
10.060    0.075942    0.132284
10.200    0.079102    0.134572
10.350    0.082755    0.136931
10.500    0.086803    0.139370
10.650    0.091194    0.141896
10.790    0.095686    0.144512
10.940    0.100788    0.147230
11.090    0.106299    0.150057
11.240    0.112249    0.153003
11.390    0.118696    0.156077
11.530    0.125284    0.159283
11.680    0.132817    0.162637
11.830    0.141328    0.166162
11.980    0.149975    0.169855
12.130    0.160408    0.173756
12.270    0.170434    0.177853
12.420    0.182357    0.182185
12.570    0.196626    0.186799
12.720    0.209885    0.191667
12.860    0.226264    0.196857
13.010    0.243232    0.202372
13.160    0.262706    0.208261
13.310    0.286538    0.214612
13.460    0.307354    0.221348
13.600    0.334168    0.228597
13.750    0.360530    0.236332
13.900    0.394304    0.244700
14.050    0.431312    0.253756
14.200    0.467266    0.263463
14.340    0.510870    0.273973
14.490    0.552200    0.285215
14.640    0.607873    0.297464
14.790    0.657824    0.310585
14.930    0.713209    0.324677
15.080    0.784120    0.340016
15.230    0.833109    0.356153
15.380    0.909264    0.373594
15.530    0.961029    0.391849
15.670    1.024746    0.411141
15.820    1.111368    0.431865
15.970    1.185199    0.453758
16.120    1.339371    0.478269
16.270    1.454185    0.504635
16.410    1.498721    0.531577
16.560    1.508844    0.558456
16.710    1.475629    0.584507
16.860    1.372434    0.608520
17.010    1.231523    0.629878
17.150    1.119506    0.649135
17.300    1.040284    0.666874
17.450    0.993145    0.683664
17.600    0.955916    0.699686
17.740    0.924022    0.715052
17.890    0.885585    0.729655
18.040    0.843004    0.743440
18.190    0.800244    0.756418
18.340    0.758377    0.768617
18.480    0.721645    0.780137
18.630    0.684359    0.790973
18.780    0.648038    0.801153
18.930    0.611557    0.810683
19.080    0.573896    0.819556
19.220    0.536516    0.827791
19.370    0.492929    0.835298
19.520    0.446854    0.842051
19.670    0.400849    0.848063
19.810    0.361327    0.853444
19.960    0.325802    0.858259
20.110    0.297924    0.862629
20.260    0.276504    0.866655
20.410    0.260088    0.870414
20.550    0.248042    0.873975
20.700    0.237030    0.877353
20.850    0.226811    0.880562
21.000    0.216973    0.883610
21.150    0.207870    0.886510
21.290    0.200390    0.889286
21.440    0.193438    0.891948
21.590    0.187472    0.894509
21.740    0.182271    0.896983
21.880    0.177941    0.899382
22.030    0.173672    0.901707
22.180    0.169684    0.903964
22.330    0.165891    0.906156
22.480    0.162235    0.908285
22.620    0.158920    0.910357
22.770    0.155443    0.912371
22.920    0.152040    0.914328
23.070    0.148709    0.916230
23.220    0.145452    0.918078
23.360    0.142486    0.919877
23.510    0.139392    0.921626
23.660    0.136393    0.923327
23.810    0.133498    0.924981
23.950    0.130899    0.926593
24.100    0.128222    0.928162
24.250    0.125663    0.929691
24.400    0.123228    0.931181
24.550    0.120923    0.932634
24.690    0.118909    0.934055
24.840    0.116900    0.935443
24.990    0.115071    0.936801
25.140    0.113429    0.938132
25.290    0.111940    0.939438
25.430    0.110609    0.940721
25.580    0.109041    0.941979
25.730    0.107047    0.943206
25.880    0.104221    0.944394
26.030    0.100118    0.945529
26.170    0.095046    0.946600
26.320    0.088698    0.947594
26.470    0.082199    0.948510
26.620    0.076101    0.949354
26.760    0.070994    0.950136
26.910    0.066115    0.950861
27.060    0.061827    0.951535
27.210    0.058056    0.952165
27.360    0.054728    0.952755
27.500    0.051981    0.953312
27.650    0.049326    0.953839
27.800    0.046945    0.954337
27.950    0.044800    0.954810
28.100    0.042858    0.955260
28.240    0.041220    0.955690
28.390    0.039597    0.956102
28.540    0.038111    0.956495
28.690    0.036746    0.956873
28.830    0.035581    0.957237
28.980    0.034411    0.957588
29.130    0.033329    0.957925
29.280    0.032325    0.958251
29.430    0.031392    0.958566
29.570    0.030590    0.958871
29.720    0.029776    0.959166
29.870    0.029018    0.959453
30.020    0.028310    0.959731
30.170    0.027649    0.960001
30.310    0.027080    0.960265
30.460    0.026499    0.960522
30.610    0.025957    0.960772
30.760    0.025451    0.961016
30.900    0.025016    0.961255
31.050    0.024572    0.961488
31.200    0.024159    0.961717
31.350    0.023774    0.961940
31.500    0.023417    0.962160
31.640    0.023114    0.962375
31.790    0.022807    0.962587
31.940    0.022523    0.962795
32.090    0.022264    0.962999
32.240    0.022027    0.963201
32.380    0.021832    0.963400
32.530    0.021637    0.963596
32.680    0.021464    0.963790
32.830    0.021311    0.963981
32.970    0.021193    0.964171
33.120    0.021081    0.964359
33.270    0.020989    0.964545
33.420    0.020917    0.964729
33.570    0.020866    0.964913
33.710    0.020843    0.965095
33.860    0.020832    0.965277
34.010    0.020843    0.965458
34.160    0.020875    0.965638
34.310    0.020929    0.965818
34.450    0.021006    0.965998
34.600    0.021106    0.966178
34.750    0.021230    0.966358
34.900    0.021379    0.966538
35.050    0.021556    0.966720
35.190    0.021751    0.966902
35.340    0.021983    0.967086
35.490    0.022247    0.967271
35.640    0.022545    0.967457
35.780    0.022860    0.967646
35.930    0.023230    0.967837
36.080    0.023642    0.968030
36.230    0.024099    0.968226
36.380    0.024606    0.968426
36.520    0.025134    0.968629
36.670    0.025753    0.968836
36.820    0.026440    0.969048
36.970    0.027203    0.969265
37.120    0.028053    0.969488
37.260    0.028941    0.969717
37.410    0.029998    0.969953
37.560    0.031190    0.970198
37.710    0.032543    0.970453
37.850    0.033987    0.970718
38.000    0.035759    0.970995
38.150    0.037833    0.971288
38.300    0.040299    0.971598
38.450    0.043291    0.971930
38.590    0.046743    0.972288
38.740    0.051436    0.972679
38.890    0.057681    0.973117
39.040    0.066372    0.973619
39.190    0.079043    0.974213
39.330    0.096559    0.974938
39.480    0.123491    0.975860
39.630    0.155753    0.977020
39.780    0.179015    0.978347
39.920    0.183232    0.979701
40.070    0.176322    0.981000
40.220    0.142697    0.982046
40.370    0.126349    0.982970
40.520    0.125395    0.983882
40.660    0.135064    0.984862
40.810    0.160693    0.986024
40.960    0.200450    0.987468
41.110    0.238389    0.989178
41.260    0.274169    0.991139
41.400    0.303149    0.993299
41.550    0.321575    0.995582
41.700    0.332041    0.997931
41.850    0.345111    1.000363
41.990    0.366583    1.002939
42.140    0.403931    1.005767
42.290    0.450646    1.008910
42.440    0.490694    1.012321
42.590    0.538763    1.016053
42.730    0.597485    1.020178
42.880    0.637339    1.024562
43.030    0.621946    1.028826
43.180    0.573633    1.032745
43.330    0.525978    1.036326
43.470    0.490460    1.039654
43.620    0.460894    1.042771
43.770    0.440982    1.045744
43.920    0.436650    1.048676
44.070    0.453982    1.051715
44.210    0.478262    1.054907
44.360    0.510800    1.058304
44.510    0.580498    1.062151
44.660    0.568380    1.065905
44.800    0.551431    1.069536
44.950    0.531142    1.073022
45.100    0.538219    1.076543
45.250    0.504452    1.079831
45.400    0.499258    1.083076
45.540    0.492389    1.086265
45.690    0.481727    1.089375
45.840    0.471341    1.092409
45.990    0.468442    1.095413
46.140    0.477415    1.098466
46.280    0.497493    1.101637
46.430    0.495565    1.104786
46.580    0.405947    1.107357
46.730    0.352162    1.109580
46.870    0.324242    1.111621
47.020    0.296857    1.113483
47.170    0.284865    1.115265
47.320    0.276247    1.116987
47.470    0.260002    1.118602
47.610    0.226603    1.120007
47.760    0.298040    1.121847
47.910    0.157412    1.122817
48.060    0.139191    1.123671
48.210    0.124077    1.124430
48.350    0.111255    1.125109
48.500    0.098939    1.125711
48.650    0.088351    1.126247
48.800    0.079431    1.126727
48.940    0.072412    1.127163
49.090    0.066005    1.127560
49.240    0.060534    1.127923
49.390    0.055812    1.128256
49.540    0.051694    1.128564
49.680    0.048307    1.128851
49.830    0.045068    1.129117
49.980    0.042177    1.129366
50.130    0.039581    1.129599
50.280    0.037239    1.129818
50.420    0.035256    1.130024
50.570    0.033311    1.130218
50.720    0.031534    1.130402
50.870    0.029905    1.130575
51.020    0.028408    1.130739
51.160    0.027121    1.130896
51.310    0.025838    1.131044
51.460    0.024650    1.131186
51.610    0.023547    1.131320
51.750    0.022590    1.131449
51.900    0.021629    1.131572
52.050    0.020731    1.131690
52.200    0.019892    1.131802
52.350    0.019105    1.131910
52.490    0.018417    1.132013
52.640    0.017720    1.132112
52.790    0.017064    1.132208
52.940    0.016446    1.132299
53.090    0.015863    1.132388
53.230    0.015350    1.132473
53.380    0.014826    1.132555
53.530    0.014331    1.132634
53.680    0.013861    1.132710
53.820    0.013446    1.132783
53.970    0.013021    1.132855
54.120    0.012617    1.132923
54.270    0.012233    1.132990
54.420    0.011866    1.133054
54.560    0.011542    1.133117
54.710    0.011207    1.133177
54.860    0.010888    1.133236
55.010    0.010583    1.133292
55.160    0.010291    1.133347
55.300    0.010032    1.133401
55.450    0.009763    1.133453
55.600    0.009506    1.133503
55.750    0.009260    1.133552
55.890    0.009040    1.133600
56.040    0.008812    1.133646
56.190    0.008593    1.133691
56.340    0.008383    1.133735
56.490    0.008180    1.133778
56.630    0.007999    1.133820
56.780    0.007811    1.133860
56.930    0.007630    1.133900
57.080    0.007455    1.133938
57.230    0.007286    1.133976
57.370    0.007135    1.134013
57.520    0.006978    1.134048
57.670    0.006826    1.134083
57.820    0.006679    1.134117
57.960    0.006547    1.134151
58.110    0.006410    1.134183
58.260    0.006276    1.134215
58.410    0.006147    1.134246
58.560    0.006023    1.134276
58.700    0.005910    1.134306
58.850    0.005793    1.134335
59.000    0.005679    1.134364
