-0.102  0.000000
-0.101  0.169709
-0.100  0.171858
-0.099  0.173397
-0.098  0.176822
-0.097  0.172548
-0.096  0.173491
-0.095  0.175099
-0.094  0.173064
-0.093  0.175223
-0.092  0.175299
-0.091  0.177721
-0.090  0.175427
-0.089  0.177722
-0.088  0.176839
-0.087  0.178282
-0.086  0.177099
-0.085  0.178600
-0.084  0.178184
-0.083  0.179169
-0.082  0.179021
-0.081  0.179280
-0.080  0.180448
-0.079  0.179920
-0.078  0.180942
-0.077  0.181036
-0.076  0.181154
-0.075  0.181983
-0.074  0.181657
-0.073  0.182310
-0.072  0.183391
-0.071  0.183179
-0.070  0.183518
-0.069  0.184238
-0.068  0.183847
-0.067  0.184489
-0.066  0.185381
-0.065  0.186074
-0.064  0.185748
-0.063  0.186342
-0.062  0.186198
-0.061  0.186603
-0.060  0.187295
-0.059  0.188082
-0.058  0.188513
-0.057  0.188565
-0.056  0.188986
-0.055  0.188861
-0.054  0.189337
-0.053  0.189953
-0.052  0.190671
-0.051  0.191444
-0.050  0.191416
-0.049  0.191773
-0.048  0.191677
-0.047  0.192027
-0.046  0.192602
-0.045  0.193195
-0.044  0.193914
-0.043  0.194643
-0.042  0.194577
-0.041  0.194713
-0.040  0.194915
-0.039  0.195303
-0.038  0.195817
-0.037  0.196432
-0.036  0.197057
-0.035  0.197757
-0.034  0.198065
-0.033  0.197985
-0.032  0.198251
-0.031  0.198648
-0.030  0.199131
-0.029  0.199644
-0.028  0.200251
-0.027  0.200878
-0.026  0.201527
-0.025  0.201851
-0.024  0.201759
-0.023  0.202070
-0.022  0.202508
-0.021  0.203007
-0.020  0.203538
-0.019  0.204097
-0.018  0.204696
-0.017  0.205322
-0.016  0.205780
-0.015  0.205736
-0.014  0.206071
-0.013  0.206472
-0.012  0.206964
-0.011  0.207481
-0.010  0.208035
-0.009  0.208606
-0.008  0.209182
-0.007  0.209670
-0.006  0.209961
-0.005  0.210199
-0.004  0.210599
-0.003  0.211056
-0.002  0.211544
-0.001  0.212075
 0.000  0.212618
 0.001  0.213188
 0.002  0.213734
 0.003  0.214184
 0.004  0.214638
 0.005  0.214874
 0.006  0.215306
 0.007  0.215776
 0.008  0.216276
 0.009  1.127005
 0.010  1.149766
 0.011  1.140452
 0.012  1.146895
 0.013  1.164182
 0.014  1.153667
 0.015  1.161719
 0.016  1.160932
 0.017  1.170062
 0.018  1.164890
 0.019  1.171834
 0.020  1.172992
 0.021  1.172409
 0.022  1.184164
 0.023  1.181272
 0.024  1.179051
 0.025  1.187957
 0.026  1.191000
 0.027  1.186333
 0.028  1.191231
 0.029  1.197410
 0.030  1.199805
 0.031  1.197554
 0.032  1.202562
 0.033  1.206358
 0.034  1.208306
 0.035  1.209472
 0.036  1.213029
 0.037  1.215854
 0.038  1.216934
 0.039  1.220973
 0.040  1.224637
 0.041  1.225997
 0.042  1.226743
 0.043  1.230610
 0.044  1.234309
 0.045  1.239076
 0.046  1.238504
 0.047  1.240532
 0.048  1.244313
 0.049  1.248065
 0.050  1.252176
 0.051  1.252827
 0.052  1.255039
 0.053  1.258270
 0.054  1.262601
 0.055  1.265739
 0.056  1.266390
 0.057  1.269671
 0.058  1.274070
 0.059  1.276866
 0.060  1.280142
 0.061  1.280932
 0.062  1.283752
 0.063  1.287400
 0.064  1.291767
 0.065  1.296461
 0.066  1.297883
 0.067  1.298999
 0.068  1.302118
 0.069  1.305837
 0.070  1.310002
 0.071  1.314105
 0.072  1.317351
 0.073  1.318500
 0.074  1.321379
 0.075  1.324919
 0.076  1.328914
 0.077  1.332704
 0.078  1.336867
 0.079  1.338934
 0.080  1.342415
 0.081  1.345146
 0.082  1.348699
 0.083  1.352354
 0.084  1.356466
 0.085  1.359993
 0.086  1.362683
 0.087  1.366410
 0.088  1.370454
 0.089  1.373667
 0.090  1.377484
 0.091  1.381324
 0.092  1.384534
 0.093  1.387641
 0.094  1.391463
 0.095  1.395721
 0.096  1.400178
 0.097  1.404269
 0.098  1.407660
 0.099  1.411431
 0.100  1.414474
 0.101  1.418628
 0.102  1.422848
 0.103  1.427169
 0.104  1.431566
 0.105  1.435660
 0.106  1.439533
 0.107  1.443427
 0.108  1.447439
 0.109  1.451704
 0.110  1.456035
 0.111  1.460463
 0.112  1.464749
 0.113  1.470157
 0.114  1.475054
 0.115  1.478332
 0.116  1.482220
 0.117  1.486422
 0.118  1.490907
 0.119  1.497140
 0.120  1.502075
 0.121  1.507029
 0.122  1.511522
 0.123  1.515600
 0.124  1.520105
 0.125  1.525993
 0.126  1.531169
 0.127  1.536080
 0.128  1.540897
 0.129  1.545987
 0.130  1.551199
 0.131  1.557409
 0.132  1.562960
 0.133  1.568384
 0.134  1.573464
 0.135  1.578242
 0.136  1.584743
 0.137  1.591477
 0.138  1.597548
 0.139  1.602166
 0.140  1.607449
 0.141  1.612729
 0.142  1.620771
 0.143  1.627879
 0.144  1.634168
 0.145  1.640131
 0.146  1.646008
 0.147  1.652437
 0.148  1.660321
 0.149  1.667008
 0.150  1.673403
 0.151  1.679726
 0.152  1.685854
 0.153  1.696416
 0.154  1.704294
 0.155  1.711980
 0.156  1.717811
 0.157  1.723805
 0.158  1.734967
 0.159  1.743608
 0.160  1.751457
 0.161  1.758781
 0.162  1.765956
 0.163  1.779569
 0.164  1.789233
 0.165  1.796355
 0.166  1.803754
 0.167  1.816036
 0.168  1.827819
 0.169  1.837677
 0.170  1.846680
 0.171  1.856018
 0.172  1.872946
 0.173  1.884495
 0.174  1.893364
 0.175  1.902274
 0.176  1.921885
 0.177  1.934470
 0.178  1.945701
 0.179  1.962925
 0.180  1.981114
 0.181  1.995087
 0.182  2.007349
 0.183  2.032391
 0.184  2.048203
 0.185  2.062145
 0.186  2.090952
 0.187  2.111600
 0.188  2.127912
 0.189  2.164922
 0.190  2.188830
 0.191  2.222857
 0.192  2.259542
 0.193  2.280357
 0.194  2.339201
 0.195  2.374815
 0.196  2.450359
 0.197  2.537336
 0.198  2.601984
 0.199  2.754414
 0.200  3.221538
 0.201  3.046022
 0.202  2.715511
 0.203  2.603282
 0.204  2.504023
 0.205  2.442150
 0.206  2.376132
 0.207  2.335821
 0.208  2.300035
 0.209  2.262409
 0.210  2.231119
 0.211  2.206922
 0.212  2.183359
 0.213  2.154077
 0.214  2.137819
 0.215  2.121475
 0.216  2.105255
 0.217  2.084663
 0.218  2.072427
 0.219  2.061147
 0.220  2.049182
 0.221  2.036278
 0.222  2.021685
 0.223  2.011965
 0.224  2.003674
 0.225  1.995003
 0.226  1.986024
 0.227  1.975072
 0.228  1.969722
 0.229  1.963816
 0.230  1.957471
 0.231  1.950641
 0.232  1.942229
 0.233  1.936090
 0.234  1.930703
 0.235  1.926404
 0.236  1.922786
 0.237  1.918840
 0.238  1.912255
 0.239  1.909233
 0.240  1.906259
 0.241  1.903126
 0.242  1.900031
 0.243  1.897349
 0.244  1.892781
 0.245  1.888907
 0.246  1.888777
 0.247  1.887785
 0.248  1.886335
 0.249  1.884673
 0.250  1.882584
 0.251  1.878805
 0.252  1.879242
 0.253  1.878937
 0.254  1.879146
 0.255  1.879504
 0.256  1.878971
 0.257  1.878407
 0.258  1.876578
 0.259  1.876926
 0.260  1.877677
 0.261  1.879481
 0.262  1.881182
 0.263  1.882547
 0.264  1.884425
 0.265  1.884455
 0.266  1.886303
 0.267  1.887535
 0.268  1.888529
 0.269  1.889862
 0.270  1.894103
 0.271  1.897465
 0.272  1.899313
 0.273  1.903601
 0.274  1.907518
 0.275  1.910773
 0.276  1.913554
 0.277  1.916056
 0.278  1.921177
 0.279  1.924011
 0.280  1.927869
 0.281  1.935734
 0.282  1.941571
 0.283  1.946710
 0.284  1.951281
 0.285  1.957517
 0.286  1.964134
 0.287  1.969121
 0.288  1.976820
 0.289  1.985129
 0.290  1.992732
 0.291  1.999056
 0.292  2.008441
 0.293  2.017715
 0.294  2.025452
 0.295  2.036653
 0.296  2.047115
 0.297  2.056263
 0.298  2.065316
 0.299  2.080966
 0.300  2.092554
 0.301  2.107295
 0.302  2.121955
 0.303  2.133632
 0.304  2.150258
 0.305  2.166995
 0.306  2.181859
 0.307  2.206373
 0.308  2.224380
 0.309  2.248973
 0.310  2.272157
 0.311  2.295799
 0.312  2.328198
 0.313  2.358770
 0.314  2.395388
 0.315  2.434106
 0.316  2.478573
 0.317  2.539564
 0.318  2.586641
 0.319  2.676132
 0.320  2.793445
 0.321  2.959018
 0.322  3.436542
 0.323  3.177530
 0.324  2.889623
 0.325  2.752881
 0.326  2.656181
 0.327  2.583685
 0.328  2.532676
 0.329  2.481771
 0.330  2.439155
 0.331  2.405262
 0.332  2.370204
 0.333  2.342965
 0.334  2.315055
 0.335  2.293797
 0.336  2.271930
 0.337  2.254225
 0.338  2.234568
 0.339  2.218193
 0.340  2.201100
 0.341  2.184593
 0.342  2.171311
 0.343  2.159009
 0.344  2.148276
 0.345  2.137610
 0.346  2.126935
 0.347  2.117279
 0.348  2.106728
 0.349  2.098778
 0.350  2.091782
 0.351  2.083108
 0.352  2.075907
 0.353  2.069203
 0.354  2.062766
 0.355  2.056295
 0.356  2.053578
 0.357  2.049581
 0.358  2.044686
 0.359  2.040325
 0.360  2.034953
 0.361  2.029564
 0.362  2.029117
 0.363  2.029956
 0.364  2.028020
 0.365  2.026444
 0.366  2.024535
 0.367  2.022747
 0.368  2.020777
 0.369  2.023315
 0.370  2.024165
 0.371  2.025934
 0.372  2.026612
 0.373  2.027215
 0.374  2.031369
 0.375  2.037193
 0.376  2.040338
 0.377  2.043405
 0.378  2.047620
 0.379  2.052132
 0.380  2.061479
 0.381  2.068927
 0.382  2.075919
 0.383  2.084442
 0.384  2.090660
 0.385  2.107174
 0.386  2.121314
 0.387  2.136622
 0.388  2.148534
 0.389  2.160955
 0.390  2.184632
 0.391  2.209051
 0.392  2.234014
 0.393  2.260670
 0.394  2.297133
 0.395  2.342841
 0.396  2.388697
 0.397  2.441779
 0.398  2.563567
 0.399  2.687210
 0.400  3.239429
 0.401  2.824042
 0.402  2.622077
 0.403  2.486444
 0.404  2.396171
 0.405  2.329387
 0.406  2.294921
 0.407  2.263881
 0.408  2.238526
 0.409  2.245101
 0.410  2.249236
 0.411  2.262732
 0.412  2.282258
 0.413  2.297486
 0.414  2.308661
 0.415  2.303574
 0.416  2.306464
 0.417  2.319419
 0.418  2.327978
 0.419  2.338635
 0.420  2.348622
 0.421  2.355410
 0.422  2.364327
 0.423  2.373546
 0.424  2.383034
 0.425  2.397867
 0.426  2.410866
 0.427  2.416516
 0.428  2.422968
 0.429  2.439419
 0.430  2.457024
 0.431  2.463375
 0.432  2.473710
 0.433  2.486162
 0.434  2.516251
 0.435  2.523641
 0.436  2.532057
 0.437  2.543240
 0.438  2.573532
 0.439  2.587177
 0.440  2.600010
 0.441  2.612904
 0.442  2.630560
 0.443  2.662954
 0.444  2.676643
 0.445  2.694294
 0.446  2.720246
 0.447  2.749693
 0.448  2.771132
 0.449  2.792331
 0.450  2.834806
 0.451  2.856076
 0.452  2.882833
 0.453  2.918813
 0.454  2.962786
 0.455  2.996110
 0.456  3.036003
 0.457  3.094292
 0.458  3.136690
 0.459  3.193205
 0.460  3.265711
 0.461  3.332518
 0.462  3.424739
 0.463  3.524029
 0.464  3.647755
 0.465  3.818814
 0.466  4.033862
 0.467  4.393959
 0.468  5.429598
 0.469  4.818772
 0.470  4.326463
 0.471  4.091906
 0.472  3.912642
 0.473  3.785740
 0.474  3.655199
 0.475  0.741255
 0.476  0.749059
 0.477  0.755620
 0.478  0.761809
 0.479  0.767700
 0.480  0.773548
 0.481  0.780986
 0.482  0.787496
 0.483  0.793944
 0.484  0.799978
 0.485  0.806482
 0.486  0.814499
 0.487  0.821192
 0.488  0.827441
 0.489  0.834043
 0.490  0.840210
 0.491  0.848173
 0.492  0.855021
 0.493  0.861540
 0.494  0.867831
 0.495  0.874431
 0.496  0.883600
 0.497  0.891116
 0.498  0.898135
 0.499  0.904799
 0.500  0.911292
 0.501  0.919536
 0.502  0.927777
 0.503  0.935005
 0.504  0.941870
 0.505  0.948418
 0.506  0.957014
 0.507  0.965189
 0.508  0.973881
 0.509  0.981531
 0.510  0.988755
 0.511  0.997765
 0.512  1.005907
 0.513  1.013905
 0.514  1.022306
 0.515  1.029987
 0.516  1.039463
 0.517  1.048474
 0.518  1.056847
 0.519  1.065742
 0.520  1.074196
 0.521  1.084634
 0.522  1.093493
 0.523  1.102034
 0.524  1.110246
 0.525  1.120026
 0.526  1.131638
 0.527  1.141085
 0.528  1.150632
 0.529  1.159622
 0.530  1.171719
 0.531  1.182993
 0.532  1.193081
 0.533  1.202535
 0.534  1.211726
 0.535  1.225603
 0.536  1.236988
 0.537  1.247357
 0.538  1.257409
 0.539  1.270312
 0.540  1.284005
 0.541  1.296036
 0.542  1.307216
 0.543  1.320255
 0.544  1.333126
 0.545  1.347404
 0.546  1.359622
 0.547  1.373651
 0.548  1.387635
 0.549  1.402884
 0.550  1.416712
 0.551  1.432708
 0.552  1.447845
 0.553  1.463463
 0.554  1.478308
 0.555  1.496543
 0.556  1.512498
 0.557  1.529181
 0.558  1.547927
 0.559  1.566949
 0.560  1.584299
 0.561  1.603302
 0.562  1.626775
 0.563  1.645949
 0.564  1.664873
 0.565  1.691332
 0.566  1.712893
 0.567  1.732732
 0.568  1.762737
 0.569  1.786720
 0.570  1.809010
 0.571  1.843775
 0.572  1.870247
 0.573  1.900868
 0.574  1.935734
 0.575  1.964434
 0.576  2.006054
 0.577  2.040750
 0.578  2.082737
 0.579  2.125858
 0.580  2.173453
 0.581  2.223177
 0.582  2.280330
 0.583  2.337158
 0.584  2.405735
 0.585  2.485999
 0.586  2.566268
 0.587  2.666682
 0.588  2.793261
 0.589  2.948973
 0.590  3.155710
 0.591  3.461352
 0.592  4.500927
 0.593  3.675346
 0.594  3.282583
 0.595  3.104334
 0.596  2.944771
 0.597  2.794284
 0.598  2.731208
 0.599  2.636090
 0.600  2.580496
 0.601  2.515505
 0.602  2.462801
 0.603  2.426137
 0.604  2.381267
 0.605  2.340009
 0.606  2.310041
 0.607  2.278066
 0.608  2.242354
 0.609  2.219684
 0.610  2.194568
 0.611  2.173593
 0.612  2.145583
 0.613  2.124312
 0.614  2.109743
 0.615  2.092555
 0.616  2.067063
 0.617  2.051689
 0.618  2.039820
 0.619  2.025968
 0.620  2.007043
 0.621  1.990113
 0.622  1.980933
 0.623  1.970457
 0.624  1.956665
 0.625  1.942646
 0.626  1.930748
 0.627  1.922364
 0.628  1.912279
 0.629  1.901333
 0.630  1.891705
 0.631  1.879667
 0.632  1.872518
 0.633  1.863203
 0.634  1.856877
 0.635  1.849595
 0.636  1.839876
 0.637  1.830323
 0.638  1.823303
 0.639  1.818026
 0.640  1.812103
 0.641  1.805063
 0.642  1.795200
 0.643  1.788625
 0.644  1.784629
 0.645  1.780113
 0.646  1.774891
 0.647  1.767503
 0.648  1.761933
 0.649  1.754878
 0.650  1.751143
 0.651  1.746840
 0.652  1.741316
 0.653  1.737986
 0.654  1.733870
 0.655  1.728206
 0.656  1.722914
 0.657  1.718070
 0.658  1.715246
 0.659  1.712047
 0.660  1.708590
 0.661  1.704518
 0.662  1.699079
 0.663  1.694823
 0.664  1.692726
 0.665  1.690349
 0.666  1.687630
 0.667  1.684325
 0.668  1.680372
 0.669  1.676833
 0.670  1.672515
 0.671  1.670375
 0.672  1.668538
 0.673  1.665626
 0.674  1.663736
 0.675  1.661516
 0.676  1.658760
 0.677  1.654397
 0.678  1.651659
 0.679  1.649627
 0.680  1.648036
 0.681  1.646264
 0.682  1.645049
 0.683  1.642983
 0.684  1.640043
 0.685  1.636429
 0.686  1.635258
 0.687  1.633937
 0.688  1.632413
 0.689  1.630493
 0.690  1.628666
 0.691  1.627525
 0.692  1.625907
 0.693  1.622592
 0.694  1.621386
 0.695  1.619829
 0.696  1.618878
 0.697  1.617790
 0.698  1.616555
 0.699  1.615101
 0.700  1.613207
 0.701  1.611602
 0.702  1.609895
 0.703  1.609199
 0.704  1.608353
 0.705  1.607333
 0.706  1.605939
 0.707  1.604942
 0.708  1.603741
 0.709  1.602239
 0.710  1.600199
 0.711  1.599545
 0.712  1.598658
 0.713  1.598044
 0.714  1.597323
 0.715  1.596474
 0.716  1.595436
 0.717  1.593996
 0.718  1.592661
 0.719  1.591079
 0.720  1.590780
 0.721  1.590237
 0.722  1.589514
 0.723  1.588617
 0.724  1.587874
 0.725  1.586988
 0.726  1.585934
 0.727  1.584523
 0.728  1.582660
 0.729  1.582397
 0.730  1.581842
 0.731  1.581245
 0.732  1.580524
 0.733  1.579643
 0.734  1.578556
 0.735  1.577595
 0.736  1.576372
 0.737  1.574625
 0.738  1.574297
 0.739  1.573488
 0.740  1.572728
 0.741  1.571984
 0.742  1.571126
 0.743  1.570137
 0.744  1.568942
 0.745  1.567402
 0.746  1.565562
 0.747  1.565024
 0.748  1.564201
 0.749  1.563273
 0.750  1.562074
 0.751  1.560951
 0.752  1.559927
 0.753  1.558780
 0.754  1.557434
 0.755  1.555697
 0.756  1.553873
 0.757  1.552985
 0.758  1.551956
 0.759  1.550788
 0.760  1.549464
 0.761  1.547812
 0.762  1.546146
 0.763  1.544792
 0.764  1.543223
 0.765  1.541174
 0.766  1.539634
 0.767  1.537485
 0.768  1.536259
 0.769  1.534909
 0.770  1.533411
 0.771  1.531705
 0.772  1.529652
 0.773  1.527245
 0.774  1.525487
 0.775  1.523520
 0.776  1.521849
 0.777  1.519920
 0.778  1.517355
 0.779  1.515280
 0.780  1.513673
 0.781  1.511885
 0.782  1.509873
 0.783  1.507302
 0.784  1.503481
 0.785  1.501703
 0.786  1.499990
 0.787  1.498114
 0.788  1.495999
 0.789  1.493479
 0.790  1.489902
 0.791  1.488231
 0.792  1.486142
 0.793  1.483832
 0.794  1.481072
 0.795  1.478328
 0.796  1.474418
 0.797  1.472716
 0.798  1.470862
 0.799  1.468810
 0.800  1.466500
 0.801  1.463443
 0.802  1.458721
 0.803  1.456788
 0.804  1.454595
 0.805  1.452537
 0.806  1.450267
 0.807  1.447611
 0.808  1.443878
 0.809  1.440966
 0.810  1.439296
 0.811  1.436790
 0.812  1.434393
 0.813  1.431722
 0.814  1.428396
 0.815  1.423862
 0.816  1.422306
 0.817  1.420614
 0.818  1.418733
 0.819  1.416685
 0.820  1.413664
 0.821  1.410081
 0.822  1.405812
 0.823  1.404179
 0.824  1.402404
 0.825  1.400633
 0.826  1.398641
 0.827  1.396330
 0.828  1.393314
 0.829  1.388873
 0.830  1.387108
 0.831  1.385466
 0.832  1.383742
 0.833  1.381843
 0.834  1.379666
 0.835  1.377106
 0.836  1.372043
 0.837  1.371125
 0.838  1.370125
 0.839  1.368377
 0.840  1.366628
 0.841  1.364818
 0.842  1.362761
 0.843  1.360167
 0.844  1.355709
 0.845  1.354974
 0.846  1.354164
 0.847  1.353264
 0.848  1.352240
 0.849  1.350281
 0.850  1.348410
 0.851  1.346181
 0.852  1.341567
 0.853  1.341061
 0.854  1.340532
 0.855  1.339939
 0.856  1.339261
 0.857  1.338456
 0.858  1.337488
 0.859  1.335444
 0.860  1.333204
 0.861  1.329834
 0.862  1.329660
 0.863  1.329481
 0.864  1.329232
 0.865  1.328891
 0.866  1.328452
 0.867  1.327877
 0.868  1.326918
 0.869  1.325024
 0.870  1.321843
 0.871  1.322080
 0.872  1.322321
 0.873  1.322618
 0.874  1.322764
 0.875  1.322853
 0.876  1.322835
 0.877  1.322672
 0.878  1.322083
 0.879  1.320592
 0.880  1.319084
 0.881  1.319882
 0.882  1.320733
 0.883  1.321641
 0.884  1.322394
 0.885  1.323089
 0.886  1.323727
 0.887  1.324271
 0.888  1.324507
 0.889  1.324206
 0.890  1.323153
 0.891  1.324761
 0.892  1.326437
 0.893  1.328152
 0.894  1.329745
 0.895  1.331352
 0.896  1.332931
 0.897  1.334462
 0.898  1.336048
 0.899  1.337428
 0.900  1.338148
 0.901  1.339138
 0.902  1.342067
 0.903  1.344911
 0.904  1.347730
 0.905  1.350637
 0.906  1.353575
 0.907  1.356567
 0.908  1.360273
 0.909  1.363682
 0.910  1.366980
 0.911  1.370077
 0.912  1.372498
 0.913  1.377139
 0.914  1.381998
 0.915  1.386997
 0.916  1.392180
 0.917  1.398912
 0.918  1.405267
 0.919  1.411780
 0.920  1.418537
 0.921  1.425611
 0.922  1.432761
 0.923  1.439827
 0.924  1.446711
 0.925  1.457775
 0.926  1.469331
 0.927  1.481351
 0.928  1.494092
 0.929  1.507957
 0.930  1.522830
 0.931  1.539352
 0.932  1.557188
 0.933  1.581403
 0.934  1.606902
 0.935  1.635369
 0.936  1.668366
 0.937  1.710499
 0.938  1.764572
 0.939  1.845189
 0.940  1.975533
 0.941  2.325217
 0.942  2.085357
 0.943  1.882861
 0.944  1.752865
 0.945  1.678817
 0.946  1.620452
 0.947  1.570358
 0.948  1.541647
 0.949  1.505485
 0.950  1.468437
 0.951  1.446348
 0.952  1.419281
 0.953  1.389294
 0.954  1.375973
 0.955  1.350559
 0.956  1.338438
 0.957  1.319855
 0.958  1.305641
 0.959  1.291190
 0.960  1.274160
 0.961  1.263126
 0.962  1.244490
 0.963  1.234681
 0.964  1.224177
 0.965  1.209861
 0.966  1.202353
 0.967  1.193107
 0.968  1.180239
 0.969  1.172996
 0.970  1.164517
 0.971  1.151981
 0.972  1.145930
 0.973  1.138451
 0.974  1.128940
 0.975  1.120637
 0.976  1.114246
 0.977  1.106070
 0.978  1.095488
 0.979  1.090409
 0.980  1.085045
 0.981  1.078842
 0.982  1.069532
 0.983  1.065236
 0.984  1.060465
 0.985  1.054551
 0.986  1.046162
 0.987  1.041216
 0.988  1.036503
 0.989  1.031298
 0.990  1.025189
 0.991  1.017950
 0.992  1.013171
 0.993  1.009211
 0.994  1.004556
 0.995  0.998752
 0.996  0.993449
 0.997  0.989682
 0.998  0.985764
 0.999  0.981390
 1.000  0.976340
 1.001  0.971499
 1.002  0.967855
 1.003  0.964032
 1.004  0.959988
 1.005  0.955158
 1.006  0.949337
 1.007  0.945671
 1.008  0.942292
 1.009  0.939385
 1.010  0.935622
 1.011  0.931020
 1.012  0.926798
 1.013  0.923806
 1.014  0.920801
 1.015  0.917576
 1.016  0.914368
 1.017  0.910088
 1.018  0.906318
 1.019  0.903411
 1.020  0.900332
 1.021  0.897205
 1.022  0.893636
 1.023  0.889187
 1.024  0.886248
 1.025  0.883592
 1.026  0.880894
 1.027  0.878054
 1.028  0.875132
 1.029  0.871984
 1.030  0.867810
 1.031  0.865716
 1.032  0.863739
 1.033  0.861064
 1.034  0.858358
 1.035  0.855496
 1.036  0.852450
 1.037  0.848663
 1.038  0.846394
 1.039  0.844190
 1.040  0.841407
 1.041  0.838847
 1.042  0.836235
 1.043  0.833408
 1.044  0.829945
 1.045  0.828115
 1.046  0.826738
 1.047  0.824403
 1.048  0.822090
 1.049  0.819928
 1.050  0.817252
 1.051  0.814202
 1.052  0.811739
 1.053  0.810243
 1.054  0.807821
 1.055  0.805349
 1.056  0.802464
 1.057  0.800270
 1.058  0.797978
 1.059  0.795445
 1.060  0.794041
 1.061  0.792301
 1.062  0.790222
 1.063  0.788099
 1.064  0.786070
 1.065  0.784148
 1.066  0.782605
 1.067  0.779302
 1.068  0.777305
 1.069  0.775398
 1.070  0.773547
 1.071  0.771920
 1.072  0.771115
 1.073  0.768228
 1.074  0.765800
 1.075  0.762877
 1.076  0.761088
 1.077  0.759633
 1.078  0.758938
 1.079  0.756929
 1.080  0.754879
 1.081  0.753044
 1.082  0.751297
 1.083  0.749770
 1.084  0.748077
 1.085  0.746016
 1.086  0.744056
 1.087  0.742172
 1.088  0.740504
 1.089  0.739608
 1.090  0.737564
 1.091  0.735226
 1.092  0.733245
 1.093  0.731514
 1.094  0.730499
 1.095  0.729445
 1.096  0.727401
 1.097  0.725524
 1.098  0.723863
 1.099  0.722679
 1.100  0.721746
 1.101  0.719541
 1.102  0.717660
 1.103  0.716077
 1.104  0.715372
 1.105  0.713806
 1.106  0.711634
 1.107  0.709711
 1.108  0.708072
 1.109  0.708065
 1.110  0.706333
 1.111  0.703643
 1.112  0.702007
 1.113  0.702386
 1.114  0.700035
 1.115  0.697901
 1.116  0.696565
 1.117  0.697730
 1.118  0.695641
 1.119  0.693000
 1.120  0.690728
 1.121  0.690838
 1.122  0.688383
 1.123  0.686527
 1.124  0.687217
 1.125  0.686074
 1.126  0.682950
 1.127  0.681029
 1.128  0.681440
 1.129  0.678532
 1.130  0.678179
 1.131  0.678338
 1.132  0.674645
 1.133  0.673185
 1.134  0.673228
 1.135  0.672774
 1.136  0.673991
 1.137  0.668343
 1.138  0.667579
 1.139  0.667480
 1.140  0.666446
 1.141  0.661004
 1.142  0.665759
 1.143  0.660463
 1.144  0.654226
 1.145  0.656447
 1.146  0.698596
 1.147  0.388270
 1.148  0.387355
 1.149  0.386314
 1.150  0.384936
 1.151  0.384211
 1.152  0.383466
 1.153  0.382704
 1.154  0.381933
 1.155  0.381158
 1.156  0.380325
 1.157  0.379476
 1.158  0.378575
 1.159  0.377609
 1.160  0.376447
 1.161  0.375368
 1.162  0.374546
 1.163  0.373763
 1.164  0.373065
 1.165  0.372327
 1.166  0.371581
 1.167  0.370827
 1.168  0.370023
 1.169  0.369201
 1.170  0.368249
 1.171  0.367053
 1.172  0.366397
 1.173  0.365724
 1.174  0.365033
 1.175  0.364336
 1.176  0.363633
 1.177  0.362884
 1.178  0.362114
 1.179  0.361310
 1.180  0.360412
 1.181  0.359351
 1.182  0.358342
 1.183  0.357727
 1.184  0.357110
 1.185  0.356487
 1.186  0.355834
 1.187  0.355161
 1.188  0.354483
 1.189  0.353776
 1.190  0.353046
 1.191  0.352255
 1.192  0.351374
 1.193  0.350421
 1.194  0.349821
 1.195  0.349201
 1.196  0.348567
 1.197  0.347926
 1.198  0.347269
 1.199  0.346539
 1.200  0.345833
 1.201  0.345145
 1.202  0.344403
 1.203  0.343545
 1.204  0.342666
 1.205  0.342104
 1.206  0.341542
 1.207  0.340974
 1.208  0.340382
 1.209  0.339772
 1.210  0.339155
 1.211  0.338518
 1.212  0.337854
 1.213  0.337159
 1.214  0.336374
 1.215  0.335442
 1.216  0.334892
 1.217  0.334321
 1.218  0.333706
 1.219  0.333151
 1.220  0.332594
 1.221  0.332014
 1.222  0.331414
 1.223  0.330810
 1.224  0.330145
 1.225  0.329455
 1.226  0.328486
 1.227  0.327973
 1.228  0.327458
 1.229  0.326943
 1.230  0.326420
 1.231  0.325870
 1.232  0.325309
 1.233  0.324747
 1.234  0.324152
 1.235  0.323544
 1.236  0.322875
 1.237  0.322119
 1.238  0.321378
 1.239  0.320891
 1.240  0.320392
 1.241  0.319884
 1.242  0.319374
 1.243  0.318863
 1.244  0.318328
 1.245  0.317779
 1.246  0.317228
 1.247  0.316617
 1.248  0.315982
 1.249  0.315111
 1.250  0.314642
 1.251  0.314172
 1.252  0.313703
 1.253  0.313228
 1.254  0.312730
 1.255  0.312228
 1.256  0.311715
 1.257  0.311179
 1.258  0.310630
 1.259  0.310046
 1.260  0.309403
 1.261  0.308656
 1.262  0.308210
 1.263  0.307755
 1.264  0.307289
 1.265  0.306823
 1.266  0.306355
 1.267  0.305875
 1.268  0.305376
 1.269  0.304875
 1.270  0.304339
 1.271  0.303784
 1.272  0.303117
 1.273  0.302518
 1.274  0.302110
 1.275  0.301671
 1.276  0.301231
 1.277  0.300775
 1.278  0.300307
 1.279  0.299835
 1.280  0.299358
 1.281  0.298855
 1.282  0.298348
 1.283  0.297776
 1.284  0.297048
 1.285  0.296592
 1.286  0.296183
 1.287  0.295763
 1.288  0.295342
 1.289  0.294922
 1.290  0.294505
 1.291  0.294074
 1.292  0.293673
 1.293  0.293196
 1.294  0.292671
 1.295  0.292128
 1.296  0.291388
 1.297  0.290984
 1.298  0.290580
 1.299  0.290176
 1.300  0.289768
 1.301  0.289344
 1.302  0.288914
 1.303  0.288485
 1.304  0.288043
 1.305  0.287588
 1.306  0.287123
 1.307  0.286597
 1.308  0.285939
 1.309  0.285588
 1.310  0.285267
 1.311  0.284898
 1.312  0.284487
 1.313  0.284076
 1.314  0.283663
 1.315  0.283229
 1.316  0.282793
 1.317  0.282346
 1.318  0.281865
 1.319  0.281351
 1.320  0.280708
 1.321  0.280340
 1.322  0.279974
 1.323  0.279609
 1.324  0.279243
 1.325  0.278864
 1.326  0.278487
 1.327  0.278122
 1.328  0.277773
 1.329  0.277400
 1.330  0.276936
 1.331  0.276424
 1.332  0.275796
 1.333  0.275429
 1.334  0.275060
 1.335  0.274682
 1.336  0.274306
 1.337  0.273930
 1.338  0.273551
 1.339  0.273157
 1.340  0.272763
 1.341  0.272358
 1.342  0.271929
 1.343  0.271471
 1.344  0.270912
 1.345  0.270611
 1.346  0.270357
 1.347  0.270060
 1.348  0.269684
 1.349  0.269296
 1.350  0.268908
 1.351  0.268520
 1.352  0.268118
 1.353  0.267708
 1.354  0.267283
 1.355  0.266817
 1.356  0.266247
 1.357  0.265917
 1.358  0.265585
 1.359  0.265251
 1.360  0.264921
 1.361  0.264597
 1.362  0.264280
 1.363  0.263967
 1.364  0.263759
 1.365  0.263344
 1.366  0.262910
 1.367  0.262441
 1.368  0.261885
 1.369  0.261543
 1.370  0.261203
 1.371  0.260865
 1.372  0.260520
 1.373  0.260169
 1.374  0.259818
 1.375  0.259473
 1.376  0.259113
 1.377  0.258755
 1.378  0.258383
 1.379  0.257987
 1.380  0.257521
 1.381  0.257318
 1.382  0.257093
 1.383  0.256740
 1.384  0.256387
 1.385  0.256036
 1.386  0.255678
 1.387  0.255311
 1.388  0.254944
 1.389  0.254565
 1.390  0.254173
 1.391  0.253741
 1.392  0.253263
 1.393  0.252966
 1.394  0.252672
 1.395  0.252384
 1.396  0.252100
 1.397  0.251830
 1.398  0.251604
 1.399  0.251412
 1.400  0.251030
 1.401  0.250644
 1.402  0.250236
 1.403  0.249807
 1.404  0.249330
 1.405  0.249013
 1.406  0.248695
 1.407  0.248378
 1.408  0.248065
 1.409  0.247755
 1.410  0.247438
 1.411  0.247124
 1.412  0.246820
 1.413  0.246504
 1.414  0.246212
 1.415  0.245924
 1.416  0.245637
 1.417  0.245307
 1.418  0.244977
 1.419  0.244647
 1.420  0.244311
 1.421  0.243978
 1.422  0.243645
 1.423  0.243310
 1.424  0.242968
 1.425  0.242628
 1.426  0.242256
 1.427  0.241796
 1.428  0.241530
 1.429  0.241280
 1.430  0.241044
 1.431  0.240856
 1.432  0.240790
 1.433  0.240439
 1.434  0.240085
 1.435  0.239734
 1.436  0.239373
 1.437  0.239005
 1.438  0.238607
 1.439  0.238167
 1.440  0.237877
 1.441  0.237588
 1.442  0.237305
 1.443  0.237021
 1.444  0.236750
 1.445  0.236486
 1.446  0.236245
 1.447  0.236033
 1.448  0.235991
 1.449  0.235593
 1.450  0.235136
 1.451  0.234774
 1.452  0.234460
 1.453  0.234146
 1.454  0.233838
 1.455  0.233531
 1.456  0.233223
 1.457  0.232920
 1.458  0.232620
 1.459  0.232324
 1.460  0.232028
 1.461  0.231719
 1.462  0.231414
 1.463  0.231284
 1.464  0.231237
 1.465  0.230905
 1.466  0.230569
 1.467  0.230238
 1.468  0.229914
 1.469  0.229583
 1.470  0.229253
 1.471  0.228924
 1.472  0.228577
 1.473  0.228182
 1.474  0.227921
 1.475  0.227677
 1.476  0.227445
 1.477  0.227238
 1.478  0.227086
 1.479  0.227120
 1.480  0.226771
 1.481  0.226421
 1.482  0.226059
 1.483  0.225701
 1.484  0.225269
 1.485  0.224970
 1.486  0.224684
 1.487  0.224397
 1.488  0.224123
 1.489  0.223858
 1.490  0.223608
 1.491  0.223367
 1.492  0.223170
 1.493  0.223040
 1.494  0.223009
 1.495  0.222571
 1.496  0.222244
 1.497  0.221918
 1.498  0.221600
 1.499  0.221293
 1.500  0.220986
 1.501  0.220688
 1.502  0.220394
 1.503  0.220114
 1.504  0.219844
 1.505  0.219580
 1.506  0.219307
 1.507  0.219188
 1.508  0.219338
 1.509  0.218990
 1.510  0.218647
 1.511  0.218308
 1.512  0.217973
 1.513  0.217648
 1.514  0.217333
 1.515  0.217011
 1.516  0.216697
 1.517  0.216388
 1.518  0.216155
 1.519  0.215931
 1.520  0.215763
 1.521  0.215670
 1.522  0.215781
 1.523  0.215419
 1.524  0.215057
 1.525  0.214705
 1.526  0.214354
 1.527  0.213996
 1.528  0.213702
 1.529  0.213408
 1.530  0.213134
 1.531  0.212874
 1.532  0.212652
 1.533  0.212456
 1.534  0.212334
 1.535  0.212587
 1.536  0.212206
 1.537  0.211818
 1.538  0.211465
 1.539  0.211131
 1.540  0.210802
 1.541  0.210491
 1.542  0.210199
 1.543  0.209908
 1.544  0.209654
 1.545  0.209430
 1.546  0.209268
 1.547  0.209200
 1.548  0.209400
 1.549  0.209018
 1.550  0.208647
 1.551  0.208276
 1.552  0.207938
 1.553  0.207608
 1.554  0.207294
 1.555  0.207012
 1.556  0.206737
 1.557  0.206538
 1.558  0.206361
 1.559  0.206266
 1.560  0.206605
 1.561  0.206193
 1.562  0.205805
 1.563  0.205425
 1.564  0.205075
 1.565  0.204754
 1.566  0.204484
 1.567  0.204187
 1.568  0.203915
 1.569  0.203692
 1.570  0.203529
 1.571  0.203533
 1.572  0.203751
 1.573  0.203320
 1.574  0.202943
 1.575  0.202628
 1.576  0.202278
 1.577  0.201935
 1.578  0.201598
 1.579  0.201330
 1.580  0.201084
 1.581  0.200952
 1.582  0.201008
 1.583  0.201281
 1.584  0.200955
 1.585  0.200491
 1.586  0.200084
 1.587  0.199693
 1.588  0.199331
 1.589  0.199018
 1.590  0.198763
 1.591  0.198592
 1.592  0.198613
 1.593  0.199299
 1.594  0.198785
 1.595  0.198279
 1.596  0.197812
 1.597  0.197415
 1.598  0.197043
 1.599  0.196755
 1.600  0.196542
 1.601  0.196557
 1.602  0.196531
 1.603  0.197002
 1.604  0.196450
 1.605  0.195943
 1.606  0.195448
 1.607  0.195108
 1.608  0.194830
 1.609  0.194731
 1.610  0.194418
 1.611  0.194375
 1.612  0.195094
 1.613  0.194468
 1.614  0.193979
 1.615  0.193505
 1.616  0.193428
 1.617  0.192995
 1.618  0.192601
 1.619  0.192364
 1.620  0.192534
 1.621  0.192959
 1.622  0.192424
 1.623  0.192241
 1.624  0.191630
 1.625  0.191142
 1.626  0.190754
 1.627  0.190566
 1.628  0.190919
 1.629  0.191372
 1.630  0.191105
 1.631  0.190306
 1.632  0.189612
 1.633  0.189145
 1.634  0.188885
 1.635  0.189212
 1.636  0.190575
 1.637  0.189614
 1.638  0.188656
 1.639  0.187919
 1.640  0.187439
 1.641  0.187590
 1.642  0.188988
 1.643  0.188576
 1.644  0.187555
 1.645  0.186534
 1.646  0.186161
 1.647  0.186891
 1.648  0.188282
 1.649  0.186971
 1.650  0.185895
 1.651  0.184952
 1.652  0.185985
 1.653  0.186233
 1.654  0.186200
 1.655  0.184617
 1.656  0.184257
 1.657  0.184610
 1.658  0.186583
 1.659  0.184063
 1.660  0.183573
 1.661  0.183183
 1.662  0.185511
 1.663  0.182747
 1.664  0.183143
 1.665  0.184221
 1.666  0.182854
 1.667  0.180847
 1.668  0.183437
 1.669  0.180979
 1.670  0.182803
 1.671  0.193686
 1.672  0.000000
