-0.102  0.000000  0.000000
-0.101  0.174254  0.000352
-0.100  0.172972  0.000542
-0.099  0.171197  0.000699
-0.098  0.176715  0.000884
-0.097  0.171508  0.001008
-0.096  0.172779  0.001161
-0.095  0.173862  0.001309
-0.094  0.171759  0.001436
-0.093  0.173760  0.001594
-0.092  0.173716  0.001730
-0.091  0.173845  0.001871
-0.090  0.173562  0.002005
-0.089  0.175695  0.002166
-0.088  0.174582  0.002285
-0.087  0.175556  0.002433
-0.086  0.174599  0.002556
-0.085  0.176012  0.002712
-0.084  0.175391  0.002834
-0.083  0.176305  0.002982
-0.082  0.175871  0.003110
-0.081  0.176082  0.003246
-0.080  0.177155  0.003399
-0.079  0.176467  0.003515
-0.078  0.177341  0.003663
-0.077  0.177089  0.003792
-0.076  0.177247  0.003928
-0.075  0.177965  0.004077
-0.074  0.177484  0.004195
-0.073  0.178036  0.004339
-0.072  0.178964  0.004493
-0.071  0.178537  0.004616
-0.070  0.178803  0.004755
-0.069  0.179396  0.004903
-0.068  0.178863  0.005017
-0.067  0.179368  0.005161
-0.066  0.180131  0.005314
-0.065  0.180509  0.005458
-0.064  0.180179  0.005581
-0.063  0.180661  0.005728
-0.062  0.180364  0.005848
-0.061  0.180656  0.005988
-0.060  0.181204  0.006137
-0.059  0.181844  0.006291
-0.058  0.182071  0.006432
-0.057  0.182028  0.006563
-0.056  0.182011  0.006694
-0.055  0.182064  0.006826
-0.054  0.182396  0.006969
-0.053  0.182878  0.007119
-0.052  0.183446  0.007273
-0.051  0.184065  0.007429
-0.050  0.183875  0.007557
-0.049  0.184106  0.007700
-0.048  0.183869  0.007821
-0.047  0.184099  0.007962
-0.046  0.184524  0.008113
-0.045  0.184974  0.008265
-0.044  0.185535  0.008423
-0.043  0.186107  0.008582
-0.042  0.185886  0.008708
-0.041  0.185873  0.008840
-0.040  0.185961  0.008977
-0.039  0.186206  0.009121
-0.038  0.186582  0.009273
-0.037  0.187040  0.009429
-0.036  0.187511  0.009586
-0.035  0.188052  0.009748
-0.034  0.188141  0.009889
-0.033  0.187973  0.010015
-0.032  0.188113  0.010157
-0.031  0.188372  0.010305
-0.030  0.188702  0.010458
-0.029  0.189066  0.010612
-0.028  0.189516  0.010773
-0.027  0.189981  0.010935
-0.026  0.190470  0.011099
-0.025  0.190490  0.011237
-0.024  0.190407  0.011368
-0.023  0.190580  0.011514
-0.022  0.190870  0.011668
-0.021  0.191214  0.011825
-0.020  0.191588  0.011984
-0.019  0.191986  0.012146
-0.018  0.192424  0.012311
-0.017  0.192883  0.012477
-0.016  0.193118  0.012630
-0.015  0.192987  0.012761
-0.014  0.193183  0.012912
-0.013  0.193433  0.013066
-0.012  0.193768  0.013227
-0.011  0.194124  0.013390
-0.010  0.194513  0.013555
-0.009  0.194918  0.013723
-0.008  0.195328  0.013891
-0.007  0.195645  0.014052
-0.006  0.195767  0.014202
-0.005  0.195869  0.014350
-0.004  0.196118  0.014508
-0.003  0.196413  0.014670
-0.002  0.196741  0.014835
-0.001  0.197105  0.015003
 0.000  0.197480  0.015173
 0.001  0.197879  0.015344
 0.002  0.198240  0.015514
 0.003  0.198537  0.015678
 0.004  0.198787  0.015841
 0.005  0.198901  0.015993
 0.006  0.199175  0.016158
 0.007  0.199480  0.016326
 0.008  0.199810  0.016496
 0.009  0.389434  0.733446
 0.010  0.396470  0.758707
 0.011  0.394493  0.748995
 0.012  0.395895  0.752030
 0.013  0.399689  0.764336
 0.014  0.398288  0.756292
 0.015  0.400158  0.761785
 0.016  0.400388  0.760431
 0.017  0.402771  0.766870
 0.018  0.402306  0.762618
 0.019  0.404440  0.767852
 0.020  0.405239  0.768003
 0.021  0.405712  0.767124
 0.022  0.408437  0.774562
 0.023  0.408354  0.771292
 0.024  0.408895  0.770524
 0.025  0.411478  0.777156
 0.026  0.412543  0.778675
 0.027  0.412063  0.774457
 0.028  0.413766  0.777970
 0.029  0.415662  0.781978
 0.030  0.416805  0.783274
 0.031  0.416921  0.780819
 0.032  0.418666  0.784282
 0.033  0.420145  0.786537
 0.034  0.421209  0.787433
 0.035  0.422051  0.787554
 0.036  0.423534  0.789819
 0.037  0.424628  0.791115
 0.038  0.425550  0.791656
 0.039  0.427022  0.794088
 0.040  0.428449  0.796278
 0.041  0.429439  0.796653
 0.042  0.430281  0.796625
 0.043  0.431839  0.799065
 0.044  0.433304  0.801238
 0.045  0.435042  0.804343
 0.046  0.435551  0.802946
 0.047  0.436743  0.803981
 0.048  0.438232  0.806348
 0.049  0.439681  0.808519
 0.050  0.441247  0.811008
 0.051  0.442093  0.810920
 0.052  0.443274  0.811876
 0.053  0.444753  0.813768
 0.054  0.446452  0.816441
 0.055  0.447843  0.818154
 0.056  0.448686  0.817888
 0.057  0.450154  0.819758
 0.058  0.451875  0.822475
 0.059  0.453216  0.823869
 0.060  0.454622  0.825654
 0.061  0.455503  0.825568
 0.062  0.456876  0.827085
 0.063  0.458470  0.829177
 0.064  0.460221  0.831817
 0.065  0.462045  0.834712
 0.066  0.463055  0.834924
 0.067  0.464089  0.835075
 0.068  0.465569  0.836765
 0.069  0.467182  0.838895
 0.070  0.468901  0.841364
 0.071  0.470576  0.843754
 0.072  0.472013  0.845319
 0.073  0.473074  0.845550
 0.074  0.474582  0.847009
 0.075  0.476200  0.848949
 0.076  0.477920  0.851248
 0.077  0.479573  0.853372
 0.078  0.481301  0.855681
 0.079  0.482594  0.856531
 0.080  0.484203  0.858437
 0.081  0.485628  0.859716
 0.082  0.487258  0.861666
 0.083  0.488923  0.863671
 0.084  0.490699  0.866025
 0.085  0.492350  0.867577
 0.086  0.493890  0.869008
 0.087  0.495608  0.871038
 0.088  0.497393  0.873309
 0.089  0.498978  0.874914
 0.090  0.500720  0.877009
 0.091  0.502449  0.879017
 0.092  0.504048  0.880597
 0.093  0.505644  0.882219
 0.094  0.507397  0.884326
 0.095  0.509303  0.886681
 0.096  0.511332  0.889118
 0.097  0.513194  0.891271
 0.098  0.514910  0.892954
 0.099  0.516719  0.894958
 0.100  0.518344  0.896416
 0.101  0.520229  0.898649
 0.102  0.522137  0.900969
 0.103  0.524066  0.903368
 0.104  0.526014  0.905824
 0.105  0.527891  0.908006
 0.106  0.529739  0.910070
 0.107  0.531770  0.911896
 0.108  0.533741  0.913953
 0.109  0.535749  0.916217
 0.110  0.537754  0.918550
 0.111  0.539778  0.920957
 0.112  0.541859  0.923460
 0.113  0.544112  0.926354
 0.114  0.546219  0.928911
 0.115  0.548001  0.930525
 0.116  0.549917  0.932556
 0.117  0.551896  0.934787
 0.118  0.554134  0.937299
 0.119  0.556809  0.940661
 0.120  0.559111  0.943268
 0.121  0.561390  0.945942
 0.122  0.563512  0.948221
 0.123  0.565554  0.950309
 0.124  0.567777  0.952889
 0.125  0.570283  0.956026
 0.126  0.572624  0.958854
 0.127  0.574889  0.961487
 0.128  0.577123  0.964072
 0.129  0.579533  0.966759
 0.130  0.582039  0.969681
 0.131  0.584874  0.972877
 0.132  0.587454  0.975834
 0.133  0.589970  0.978743
 0.134  0.592356  0.981391
 0.135  0.594676  0.983864
 0.136  0.597577  0.987606
 0.137  0.600482  0.991380
 0.138  0.603177  0.994730
 0.139  0.605486  0.996985
 0.140  0.608069  0.999711
 0.141  0.610593  1.002458
 0.142  0.614058  1.007154
 0.143  0.617332  1.010951
 0.144  0.620241  1.014290
 0.145  0.623027  1.017471
 0.146  0.625760  1.020604
 0.147  0.628837  1.024179
 0.148  0.632265  1.028475
 0.149  0.635308  1.032107
 0.150  0.638229  1.035550
 0.151  0.641218  1.038884
 0.152  0.644119  1.042104
 0.153  0.648586  1.048354
 0.154  0.652044  1.052702
 0.155  0.655660  1.056763
 0.156  0.658616  1.059559
 0.157  0.661567  1.062605
 0.158  0.666386  1.069142
 0.159  0.670191  1.073902
 0.160  0.673724  1.078182
 0.161  0.677073  1.082151
 0.162  0.680425  1.085966
 0.163  0.686201  1.094014
 0.164  0.690412  1.099362
 0.165  0.693884  1.102918
 0.166  0.697511  1.106724
 0.167  0.703030  1.113805
 0.168  0.708125  1.120327
 0.169  0.712524  1.125713
 0.170  0.716608  1.130597
 0.171  0.721297  1.136535
 0.172  0.727915  1.145748
 0.173  0.732980  1.152203
 0.174  0.737276  1.156614
 0.175  0.742054  1.162191
 0.176  0.749782  1.172878
 0.177  0.755296  1.179880
 0.178  0.760506  1.185854
 0.179  0.768261  1.196199
 0.180  0.775780  1.206223
 0.181  0.781891  1.213999
 0.182  0.787335  1.220730
 0.183  0.797973  1.235338
 0.184  0.805096  1.244048
 0.185  0.811401  1.251579
 0.186  0.823714  1.268776
 0.187  0.832431  1.280306
 0.188  0.839529  1.289324
 0.189  0.855288  1.311512
 0.190  0.865412  1.324672
 0.191  0.880432  1.345596
 0.192  0.895234  1.366179
 0.193  0.904513  1.376909
 0.194  0.929271  1.412004
 0.195  0.947253  1.436832
 0.196  0.975767  1.477289
 0.197  1.012570  1.530287
 0.198  1.055039  1.591549
 0.199  1.112123  1.674282
 0.200  1.297820  1.947743
 0.201  1.209045  1.813872
 0.202  1.084869  1.623361
 0.203  1.040568  1.555773
 0.204  1.002014  1.498104
 0.205  0.978041  1.460481
 0.206  0.951206  1.420019
 0.207  0.937073  1.396540
 0.208  0.923485  1.374400
 0.209  0.908212  1.350613
 0.210  0.897037  1.332595
 0.211  0.888160  1.317455
 0.212  0.879613  1.302208
 0.213  0.868649  1.284421
 0.214  0.862850  1.274001
 0.215  0.856914  1.263564
 0.216  0.850904  1.253318
 0.217  0.842859  1.240576
 0.218  0.838903  1.232799
 0.219  0.834935  1.225488
 0.220  0.830675  1.217756
 0.221  0.825938  1.209466
 0.222  0.820894  1.200249
 0.223  0.818080  1.193381
 0.224  0.815420  1.187754
 0.225  0.812508  1.181953
 0.226  0.809365  1.176075
 0.227  0.805384  1.169419
 0.228  0.803810  1.165572
 0.229  0.802038  1.161411
 0.230  0.800038  1.157022
 0.231  0.797798  1.152390
 0.232  0.794883  1.146675
 0.233  0.793545  1.142243
 0.234  0.792318  1.138124
 0.235  0.791238  1.134903
 0.236  0.790283  1.132309
 0.237  0.789070  1.129455
 0.238  0.786556  1.125049
 0.239  0.786249  1.122821
 0.240  0.785667  1.120407
 0.241  0.784998  1.117933
 0.242  0.784595  1.115336
 0.243  0.784455  1.112658
 0.244  0.783214  1.108999
 0.245  0.782482  1.106355
 0.246  0.783001  1.105736
 0.247  0.783144  1.104570
 0.248  0.783091  1.103134
 0.249  0.783043  1.101552
 0.250  0.782772  1.099653
 0.251  0.781735  1.097009
 0.252  0.783181  1.096059
 0.253  0.784017  1.094884
 0.254  0.784750  1.094368
 0.255  0.785641  1.093877
 0.256  0.786195  1.092766
 0.257  0.786488  1.091862
 0.258  0.786241  1.090361
 0.259  0.786995  1.089951
 0.260  0.788100  1.089605
 0.261  0.790189  1.089397
 0.262  0.791894  1.089468
 0.263  0.793131  1.089464
 0.264  0.794676  1.089885
 0.265  0.795324  1.089261
 0.266  0.796867  1.089533
 0.267  0.798172  1.089405
 0.268  0.799348  1.089265
 0.269  0.800537  1.089402
 0.270  0.804126  1.090149
 0.271  0.806417  1.091224
 0.272  0.807916  1.091467
 0.273  0.810634  1.093231
 0.274  0.813118  1.094612
 0.275  0.815299  1.095658
 0.276  0.817250  1.096468
 0.277  0.819083  1.097111
 0.278  0.823183  1.098201
 0.279  0.825745  1.098597
 0.280  0.828000  1.099839
 0.281  0.832648  1.103501
 0.282  0.836078  1.105820
 0.283  0.839172  1.107823
 0.284  0.842003  1.109531
 0.285  0.846431  1.111593
 0.286  0.850901  1.113564
 0.287  0.854340  1.115057
 0.288  0.858672  1.118563
 0.289  0.863385  1.122187
 0.290  0.867922  1.125238
 0.291  0.871853  1.127427
 0.292  0.878190  1.130878
 0.293  0.884174  1.134065
 0.294  0.889062  1.136821
 0.295  0.895769  1.141540
 0.296  0.901498  1.146140
 0.297  0.906607  1.150214
 0.298  0.912588  1.154395
 0.299  0.922114  1.159544
 0.300  0.929389  1.163804
 0.301  0.938333  1.169982
 0.302  0.946855  1.175843
 0.303  0.953908  1.180379
 0.304  0.964817  1.186649
 0.305  0.974886  1.193048
 0.306  0.983740  1.198955
 0.307  0.998056  1.209520
 0.308  1.008499  1.216905
 0.309  1.024789  1.226046
 0.310  1.039154  1.234256
 0.311  1.054637  1.244083
 0.312  1.072901  1.257087
 0.313  1.092700  1.269423
 0.314  1.115272  1.282039
 0.315  1.139885  1.297708
 0.316  1.166294  1.314542
 0.317  1.206657  1.336259
 0.318  1.243137  1.357739
 0.319  1.292154  1.387868
 0.320  1.369361  1.429263
 0.321  1.497909  1.502820
 0.322  1.797807  1.666774
 0.323  1.591969  1.558462
 0.324  1.414884  1.467338
 0.325  1.325259  1.422284
 0.326  1.261471  1.390805
 0.327  1.212585  1.366944
 0.328  1.177135  1.352396
 0.329  1.142613  1.336959
 0.330  1.113008  1.324069
 0.331  1.089005  1.314273
 0.332  1.064671  1.303832
 0.333  1.045054  1.296262
 0.334  1.025251  1.288375
 0.335  1.008719  1.283889
 0.336  0.991853  1.278937
 0.337  0.977948  1.275249
 0.338  0.963103  1.270553
 0.339  0.950208  1.267018
 0.340  0.936878  1.262813
 0.341  0.924612  1.259094
 0.342  0.913423  1.257165
 0.343  0.902106  1.256318
 0.344  0.892097  1.255475
 0.345  0.882500  1.254443
 0.346  0.873059  1.253330
 0.347  0.864164  1.252542
 0.348  0.854765  1.251228
 0.349  0.846259  1.252156
 0.350  0.837866  1.253399
 0.351  0.828562  1.253175
 0.352  0.821253  1.254252
 0.353  0.813803  1.255002
 0.354  0.806635  1.255675
 0.355  0.799568  1.256360
 0.356  0.793101  1.260303
 0.357  0.786142  1.263104
 0.358  0.779121  1.265317
 0.359  0.772486  1.267533
 0.360  0.765399  1.269123
 0.361  0.758406  1.270920
 0.362  0.753356  1.276009
 0.363  0.748073  1.281859
 0.364  0.742017  1.285922
 0.365  0.736287  1.290051
 0.366  0.730495  1.293915
 0.367  0.724953  1.297780
 0.368  0.718726  1.302842
 0.369  0.713082  1.310244
 0.370  0.707946  1.316342
 0.371  0.703254  1.322721
 0.372  0.697928  1.328716
 0.373  0.692601  1.334647
 0.374  0.687685  1.344081
 0.375  0.683194  1.354207
 0.376  0.677778  1.362728
 0.377  0.672692  1.371081
 0.378  0.668090  1.379717
 0.379  0.663608  1.388650
 0.380  0.658535  1.403478
 0.381  0.653570  1.415789
 0.382  0.648706  1.427708
 0.383  0.644563  1.440245
 0.384  0.639001  1.452074
 0.385  0.635474  1.472671
 0.386  0.631303  1.490874
 0.387  0.627728  1.509636
 0.388  0.622141  1.527133
 0.389  0.616196  1.545557
 0.390  0.611467  1.574577
 0.391  0.608006  1.602869
 0.392  0.603620  1.631931
 0.393  0.598832  1.663591
 0.394  0.594277  1.705674
 0.395  0.590308  1.755440
 0.396  0.585420  1.805941
 0.397  0.579760  1.866359
 0.398  0.574334  1.999399
 0.399  0.569552  2.124197
 0.400  0.564182  2.727822
 0.401  0.555794  2.247919
 0.402  0.550485  2.062643
 0.403  0.543325  1.937458
 0.404  0.538557  1.853696
 0.405  0.532940  1.792727
 0.406  0.529129  1.763605
 0.407  0.525591  1.736640
 0.408  0.523467  1.713858
 0.409  0.520043  1.725268
 0.410  0.518328  1.731280
 0.411  0.519013  1.746393
 0.412  0.519424  1.763575
 0.413  0.519465  1.778898
 0.414  0.516694  1.791453
 0.415  0.513211  1.790178
 0.416  0.510569  1.796699
 0.417  0.511066  1.809342
 0.418  0.509619  1.818857
 0.419  0.507665  1.831526
 0.420  0.505976  1.843299
 0.421  0.505839  1.850977
 0.422  0.503635  1.861002
 0.423  0.502686  1.871515
 0.424  0.501511  1.882142
 0.425  0.501671  1.897189
 0.426  0.500940  1.910248
 0.427  0.497096  1.919376
 0.428  0.495060  1.929422
 0.429  0.495845  1.944448
 0.430  0.497134  1.960230
 0.431  0.493350  1.970496
 0.432  0.490458  1.983847
 0.433  0.489629  1.998815
 0.434  0.495027  2.021403
 0.435  0.491087  2.032970
 0.436  0.487222  2.045413
 0.437  0.484489  2.059656
 0.438  0.491392  2.086928
 0.439  0.487082  2.100897
 0.440  0.483946  2.117415
 0.441  0.480744  2.132966
 0.442  0.480238  2.152509
 0.443  0.483765  2.180022
 0.444  0.479966  2.197629
 0.445  0.477497  2.218104
 0.446  0.478389  2.244466
 0.447  0.479144  2.272118
 0.448  0.476151  2.296114
 0.449  0.473542  2.320321
 0.450  0.478058  2.358214
 0.451  0.473898  2.383545
 0.452  0.470881  2.413878
 0.453  0.470771  2.450596
 0.454  0.472410  2.492233
 0.455  0.469266  2.528882
 0.456  0.467618  2.571442
 0.457  0.470091  2.626455
 0.458  0.466288  2.673497
 0.459  0.465215  2.731945
 0.460  0.466825  2.802945
 0.461  0.463531  2.873555
 0.462  0.465155  2.966863
 0.463  0.463338  3.067156
 0.464  0.462853  3.193638
 0.465  0.465390  3.363889
 0.466  0.464286  3.587611
 0.467  0.467943  3.953694
 0.468  0.472056  5.140661
 0.469  0.480932  4.271183
 0.470  0.488522  3.831110
 0.471  0.491319  3.599802
 0.472  0.490958  3.411360
 0.473  0.495720  3.292582
 0.474  0.490469  3.170631
 0.475  0.123904  0.617981
 0.476  0.125525  0.623950
 0.477  0.127089  0.628916
 0.478  0.128612  0.633560
 0.479  0.130077  0.637977
 0.480  0.131562  0.642545
 0.481  0.133082  0.648312
 0.482  0.134619  0.653284
 0.483  0.136176  0.658149
 0.484  0.137681  0.662659
 0.485  0.139516  0.667343
 0.486  0.141302  0.673612
 0.487  0.142950  0.678638
 0.488  0.144559  0.683258
 0.489  0.146250  0.688166
 0.490  0.147883  0.692704
 0.491  0.149578  0.699040
 0.492  0.151215  0.704207
 0.493  0.152839  0.709090
 0.494  0.154462  0.713749
 0.495  0.156192  0.718699
 0.496  0.158399  0.725684
 0.497  0.160257  0.731301
 0.498  0.162062  0.736488
 0.499  0.163831  0.741368
 0.500  0.165575  0.746106
 0.501  0.167452  0.752710
 0.502  0.169394  0.758835
 0.503  0.171231  0.764201
 0.504  0.173017  0.769262
 0.505  0.174784  0.774026
 0.506  0.176867  0.780737
 0.507  0.178989  0.786805
 0.508  0.181189  0.793169
 0.509  0.183202  0.798769
 0.510  0.185165  0.804031
 0.511  0.187250  0.811044
 0.512  0.189246  0.817132
 0.513  0.191310  0.823161
 0.514  0.193465  0.829321
 0.515  0.195517  0.834927
 0.516  0.197689  0.842326
 0.517  0.200049  0.848954
 0.518  0.202312  0.855018
 0.519  0.204689  0.861596
 0.520  0.206983  0.867701
 0.521  0.209392  0.875831
 0.522  0.211647  0.882385
 0.523  0.213890  0.888649
 0.524  0.216096  0.894649
 0.525  0.218680  0.902280
 0.526  0.221254  0.910979
 0.527  0.223651  0.918000
 0.528  0.226345  0.924842
 0.529  0.228841  0.931314
 0.530  0.231779  0.940693
 0.531  0.234534  0.949088
 0.532  0.237162  0.956507
 0.533  0.239699  0.963409
 0.534  0.242223  0.970047
 0.535  0.245409  0.980941
 0.536  0.248273  0.989378
 0.537  0.251005  0.996968
 0.538  0.253832  1.004312
 0.539  0.257045  1.014044
 0.540  0.260461  1.024320
 0.541  0.263601  1.033130
 0.542  0.266589  1.041289
 0.543  0.269814  1.051261
 0.544  0.273056  1.061093
 0.545  0.276618  1.071545
 0.546  0.279843  1.080509
 0.547  0.283303  1.091234
 0.548  0.286738  1.101693
 0.549  0.290757  1.113013
 0.550  0.294462  1.123054
 0.551  0.298412  1.135278
 0.552  0.302199  1.146521
 0.553  0.306256  1.158154
 0.554  0.310161  1.169002
 0.555  0.314522  1.183077
 0.556  0.318546  1.194892
 0.557  0.322890  1.207350
 0.558  0.327530  1.221775
 0.559  0.332102  1.235893
 0.560  0.336724  1.248571
 0.561  0.341744  1.262657
 0.562  0.347297  1.280707
 0.563  0.352166  1.294886
 0.564  0.357165  1.309088
 0.565  0.363395  1.329314
 0.566  0.368794  1.345320
 0.567  0.373934  1.359952
 0.568  0.381065  1.383218
 0.569  0.387037  1.401044
 0.570  0.392892  1.417437
 0.571  0.401208  1.444315
 0.572  0.407902  1.463882
 0.573  0.415381  1.487415
 0.574  0.423851  1.513735
 0.575  0.431088  1.535012
 0.576  0.440954  1.567432
 0.577  0.449500  1.593241
 0.578  0.459488  1.625727
 0.579  0.469952  1.658278
 0.580  0.481256  1.695026
 0.581  0.493465  1.732518
 0.582  0.506965  1.776544
 0.583  0.520704  1.819525
 0.584  0.536769  1.872568
 0.585  0.555851  1.935481
 0.586  0.574735  1.996302
 0.587  0.597914  2.073897
 0.588  0.627275  2.172574
 0.589  0.663367  2.294754
 0.590  0.710815  2.456901
 0.591  0.789076  2.727574
 0.592  1.033153  3.588880
 0.593  0.824650  2.835401
 0.594  0.742022  2.532185
 0.595  0.702269  2.384142
 0.596  0.671429  2.266952
 0.597  0.640675  2.150103
 0.598  0.627698  2.098929
 0.599  0.607439  2.020955
 0.600  0.597521  1.979800
 0.601  0.583783  1.928754
 0.602  0.574669  1.886139
 0.603  0.567314  1.856257
 0.604  0.558375  1.820691
 0.605  0.551247  1.787153
 0.606  0.545134  1.762690
 0.607  0.539064  1.737376
 0.608  0.533141  1.708020
 0.609  0.528620  1.689510
 0.610  0.523755  1.669645
 0.611  0.520229  1.651921
 0.612  0.515735  1.628755
 0.613  0.511517  1.611952
 0.614  0.509266  1.599540
 0.615  0.506476  1.584910
 0.616  0.502136  1.563675
 0.617  0.499392  1.551616
 0.618  0.497586  1.541440
 0.619  0.495344  1.529719
 0.620  0.491755  1.513428
 0.621  0.489412  1.500142
 0.622  0.488248  1.492117
 0.623  0.486732  1.483006
 0.624  0.484267  1.471323
 0.625  0.482274  1.459340
 0.626  0.480827  1.449441
 0.627  0.479608  1.442200
 0.628  0.477892  1.433642
 0.629  0.476138  1.424658
 0.630  0.474966  1.416053
 0.631  0.473482  1.405762
 0.632  0.472545  1.399544
 0.633  0.471000  1.391838
 0.634  0.470415  1.386059
 0.635  0.469635  1.379463
 0.636  0.468450  1.370585
 0.637  0.467123  1.362703
 0.638  0.466091  1.356907
 0.639  0.465596  1.352090
 0.640  0.464960  1.346767
 0.641  0.464097  1.340481
 0.642  0.462559  1.331400
 0.643  0.462286  1.326108
 0.644  0.462055  1.322311
 0.645  0.461683  1.318136
 0.646  0.461111  1.313413
 0.647  0.459966  1.307237
 0.648  0.459575  1.301958
 0.649  0.459024  1.295637
 0.650  0.458716  1.292181
 0.651  0.458247  1.288307
 0.652  0.457531  1.283615
 0.653  0.457550  1.280209
 0.654  0.457391  1.276196
 0.655  0.456999  1.270731
 0.656  0.456590  1.266110
 0.657  0.455865  1.262040
 0.658  0.455814  1.259246
 0.659  0.455694  1.256157
 0.660  0.455498  1.252860
 0.661  0.455188  1.249036
 0.662  0.454763  1.243773
 0.663  0.454631  1.240076
 0.664  0.454716  1.237876
 0.665  0.454718  1.235476
 0.666  0.454626  1.232819
 0.667  0.454362  1.229707
 0.668  0.453996  1.226195
 0.669  0.453903  1.222663
 0.670  0.453742  1.218651
 0.671  0.453691  1.216543
 0.672  0.453860  1.214542
 0.673  0.453647  1.211873
 0.674  0.453788  1.209825
 0.675  0.453854  1.207509
 0.676  0.453834  1.204732
 0.677  0.453603  1.200091
 0.678  0.453443  1.198047
 0.679  0.453376  1.196157
 0.680  0.453451  1.194484
 0.681  0.453552  1.192750
 0.682  0.453849  1.191095
 0.683  0.453886  1.188953
 0.684  0.453713  1.186175
 0.685  0.453712  1.182650
 0.686  0.453842  1.181341
 0.687  0.453926  1.179926
 0.688  0.453942  1.178368
 0.689  0.453818  1.176488
 0.690  0.453808  1.174765
 0.691  0.454120  1.173323
 0.692  0.454312  1.171468
 0.693  0.454319  1.168206
 0.694  0.454383  1.166882
 0.695  0.454324  1.165453
 0.696  0.454458  1.164357
 0.697  0.454555  1.163165
 0.698  0.454618  1.161856
 0.699  0.454628  1.160370
 0.700  0.454565  1.158565
 0.701  0.454802  1.156631
 0.702  0.454951  1.154906
 0.703  0.455100  1.154053
 0.704  0.455194  1.153105
 0.705  0.455225  1.152037
 0.706  0.455147  1.150736
 0.707  0.455219  1.149657
 0.708  0.455252  1.148408
 0.709  0.455249  1.146883
 0.710  0.455422  1.144753
 0.711  0.455516  1.143969
 0.712  0.455548  1.143078
 0.713  0.455634  1.142368
 0.714  0.455688  1.141586
 0.715  0.455704  1.140713
 0.716  0.455668  1.139697
 0.717  0.455528  1.138397
 0.718  0.455495  1.137066
 0.719  0.455592  1.135484
 0.720  0.455718  1.135035
 0.721  0.455747  1.134452
 0.722  0.455706  1.133757
 0.723  0.455614  1.132961
 0.724  0.455578  1.132249
 0.725  0.455505  1.131424
 0.726  0.455402  1.130457
 0.727  0.455252  1.129165
 0.728  0.455087  1.127562
 0.729  0.455151  1.127218
 0.730  0.455105  1.126706
 0.731  0.455015  1.126189
 0.732  0.454880  1.125595
 0.733  0.454693  1.124890
 0.734  0.454448  1.124057
 0.735  0.454263  1.123266
 0.736  0.454042  1.122244
 0.737  0.453776  1.120805
 0.738  0.453730  1.120530
 0.739  0.453463  1.119935
 0.740  0.453239  1.119447
 0.741  0.453003  1.118932
 0.742  0.452729  1.118342
 0.743  0.452413  1.117659
 0.744  0.452041  1.116817
 0.745  0.451593  1.115727
 0.746  0.451222  1.114290
 0.747  0.451010  1.113966
 0.748  0.450674  1.113476
 0.749  0.450276  1.112934
 0.750  0.449770  1.112202
 0.751  0.449318  1.111575
 0.752  0.448885  1.110976
 0.753  0.448420  1.110284
 0.754  0.447906  1.109436
 0.755  0.447324  1.108227
 0.756  0.446727  1.107097
 0.757  0.446261  1.106664
 0.758  0.445742  1.106147
 0.759  0.445172  1.105539
 0.760  0.444546  1.104828
 0.761  0.443801  1.103881
 0.762  0.443087  1.102982
 0.763  0.442469  1.102235
 0.764  0.441809  1.101306
 0.765  0.441123  1.099940
 0.766  0.440359  1.099172
 0.767  0.439392  1.098021
 0.768  0.438717  1.097462
 0.769  0.438002  1.096820
 0.770  0.437238  1.096074
 0.771  0.436406  1.095189
 0.772  0.435453  1.094037
 0.773  0.434431  1.092718
 0.774  0.433636  1.091731
 0.775  0.432798  1.090625
 0.776  0.431919  1.089821
 0.777  0.430953  1.088842
 0.778  0.429729  1.087340
 0.779  0.428779  1.086406
 0.780  0.427925  1.085645
 0.781  0.427015  1.084755
 0.782  0.426043  1.083698
 0.783  0.424894  1.082241
 0.784  0.423414  1.079903
 0.785  0.422511  1.079091
 0.786  0.421572  1.078309
 0.787  0.420583  1.077412
 0.788  0.419517  1.076342
 0.789  0.418321  1.074986
 0.790  0.416827  1.072978
 0.791  0.415917  1.072209
 0.792  0.414856  1.071150
 0.793  0.413756  1.069924
 0.794  0.412598  1.068327
 0.795  0.411306  1.066820
 0.796  0.409704  1.064615
 0.797  0.408758  1.063851
 0.798  0.407769  1.062972
 0.799  0.406727  1.061949
 0.800  0.405612  1.060731
 0.801  0.404237  1.058979
 0.802  0.402415  1.056194
 0.803  0.401429  1.055234
 0.804  0.400416  1.054056
 0.805  0.399362  1.053045
 0.806  0.398250  1.051873
 0.807  0.397024  1.050412
 0.808  0.395422  1.048029
 0.809  0.394242  1.046627
 0.810  0.393281  1.045766
 0.811  0.392127  1.044521
 0.812  0.391007  1.043231
 0.813  0.389829  1.041707
 0.814  0.388488  1.039683
 0.815  0.386804  1.036965
 0.816  0.385945  1.036263
 0.817  0.385056  1.035450
 0.818  0.384126  1.034491
 0.819  0.383143  1.033403
 0.820  0.381829  1.031644
 0.821  0.380391  1.029425
 0.822  0.378855  1.026861
 0.823  0.378027  1.026046
 0.824  0.377180  1.025120
 0.825  0.376307  1.024214
 0.826  0.375380  1.023130
 0.827  0.374373  1.021794
 0.828  0.373180  1.019914
 0.829  0.371618  1.017123
 0.830  0.370756  1.016252
 0.831  0.369953  1.015410
 0.832  0.369149  1.014486
 0.833  0.368314  1.013400
 0.834  0.367424  1.012107
 0.835  0.366420  1.010506
 0.836  0.364822  1.007167
 0.837  0.364277  1.006790
 0.838  0.363719  1.006342
 0.839  0.362899  1.005370
 0.840  0.362129  1.004393
 0.841  0.361369  1.003337
 0.842  0.360564  1.002062
 0.843  0.359632  1.000336
 0.844  0.358306  0.997361
 0.845  0.357875  0.997052
 0.846  0.357437  0.996678
 0.847  0.356984  0.996219
 0.848  0.356514  0.995659
 0.849  0.355732  0.994443
 0.850  0.355041  0.993251
 0.851  0.354287  0.991742
 0.852  0.353025  0.988512
 0.853  0.352731  0.988299
 0.854  0.352441  0.988057
 0.855  0.352148  0.987752
 0.856  0.351848  0.987371
 0.857  0.351528  0.986874
 0.858  0.351155  0.986190
 0.859  0.350502  0.984829
 0.860  0.349850  0.983176
 0.861  0.349025  0.980799
 0.862  0.348907  0.980742
 0.863  0.348797  0.980678
 0.864  0.348691  0.980525
 0.865  0.348582  0.980284
 0.866  0.348467  0.979954
 0.867  0.348334  0.979498
 0.868  0.348084  0.978694
 0.869  0.347641  0.977248
 0.870  0.347006  0.974850
 0.871  0.347104  0.974991
 0.872  0.347216  0.975121
 0.873  0.347345  0.975283
 0.874  0.347483  0.975289
 0.875  0.347626  0.975228
 0.876  0.347761  0.975070
 0.877  0.347880  0.974772
 0.878  0.347892  0.974108
 0.879  0.347731  0.972700
 0.880  0.347670  0.971463
 0.881  0.348059  0.971874
 0.882  0.348485  0.972303
 0.883  0.348925  0.972762
 0.884  0.349385  0.973051
 0.885  0.349851  0.973278
 0.886  0.350327  0.973439
 0.887  0.350810  0.973487
 0.888  0.351233  0.973269
 0.889  0.351574  0.972563
 0.890  0.351865  0.971385
 0.891  0.352664  0.972196
 0.892  0.353497  0.973047
 0.893  0.354356  0.973892
 0.894  0.355252  0.974593
 0.895  0.356180  0.975270
 0.896  0.357125  0.975898
 0.897  0.358094  0.976462
 0.898  0.359136  0.977004
 0.899  0.360174  0.977325
 0.900  0.361119  0.977017
 0.901  0.362204  0.977104
 0.902  0.363642  0.978656
 0.903  0.365116  0.979964
 0.904  0.366648  0.981260
 0.905  0.368248  0.982570
 0.906  0.369886  0.983868
 0.907  0.371635  0.985237
 0.908  0.373629  0.986855
 0.909  0.375609  0.988278
 0.910  0.377608  0.989565
 0.911  0.379661  0.990593
 0.912  0.381671  0.991105
 0.913  0.384151  0.993280
 0.914  0.386770  0.995529
 0.915  0.389483  0.997824
 0.916  0.392314  1.000187
 0.917  0.395853  1.003450
 0.918  0.399284  1.006367
 0.919  0.402862  1.009327
 0.920  0.406614  1.012338
 0.921  0.410542  1.015534
 0.922  0.414705  1.018495
 0.923  0.419049  1.021191
 0.924  0.423587  1.023681
 0.925  0.429501  1.028975
 0.926  0.435693  1.034353
 0.927  0.442254  1.039866
 0.928  0.449264  1.045649
 0.929  0.456941  1.051889
 0.930  0.465199  1.058587
 0.931  0.474410  1.065954
 0.932  0.484613  1.073732
 0.933  0.498047  1.084816
 0.934  0.512521  1.096034
 0.935  0.528937  1.108362
 0.936  0.548376  1.121767
 0.937  0.572877  1.140497
 0.938  0.604202  1.164084
 0.939  0.651389  1.200180
 0.940  0.728314  1.257609
 0.941  0.974225  1.433576
 0.942  0.777182  1.299331
 0.943  0.659699  1.219446
 0.944  0.582122  1.167210
 0.945  0.538888  1.137994
 0.946  0.504615  1.114779
 0.947  0.474721  1.094225
 0.948  0.455425  1.081451
 0.949  0.435720  1.067551
 0.950  0.414774  1.052410
 0.951  0.400202  1.042746
 0.952  0.385689  1.032717
 0.953  0.368637  1.020038
 0.954  0.360162  1.014762
 0.955  0.345997  1.004018
 0.956  0.338456  0.999200
 0.957  0.325426  0.988975
 0.958  0.319442  0.985520
 0.959  0.311124  0.979139
 0.960  0.301910  0.971595
 0.961  0.295617  0.966785
 0.962  0.285897  0.958050
 0.963  0.280762  0.953409
 0.964  0.274640  0.948811
 0.965  0.267018  0.942438
 0.966  0.262426  0.939394
 0.967  0.256944  0.935348
 0.968  0.250365  0.929436
 0.969  0.246271  0.926280
 0.970  0.241585  0.922338
 0.971  0.235303  0.916315
 0.972  0.231876  0.913666
 0.973  0.227826  0.910144
 0.974  0.222856  0.905396
 0.975  0.218670  0.901603
 0.976  0.215262  0.898560
 0.977  0.211390  0.893959
 0.978  0.206431  0.888754
 0.979  0.203627  0.886468
 0.980  0.200693  0.883987
 0.981  0.197419  0.881035
 0.982  0.192973  0.876295
 0.983  0.190549  0.874392
 0.984  0.187834  0.872292
 0.985  0.184897  0.869244
 0.986  0.180885  0.864513
 0.987  0.178622  0.862308
 0.988  0.176280  0.859934
 0.989  0.173756  0.857205
 0.990  0.170870  0.853837
 0.991  0.167745  0.849942
 0.992  0.165626  0.847358
 0.993  0.163496  0.845449
 0.994  0.161223  0.842994
 0.995  0.158454  0.839682
 0.996  0.156126  0.837111
 0.997  0.154267  0.835176
 0.998  0.152366  0.833159
 0.999  0.150283  0.830838
 1.000  0.147908  0.828079
 1.001  0.145690  0.825589
 1.002  0.144027  0.823605
 1.003  0.142303  0.821486
 1.004  0.140526  0.819213
 1.005  0.138478  0.816368
 1.006  0.136173  0.812955
 1.007  0.134648  0.810747
 1.008  0.133106  0.809019
 1.009  0.131566  0.807608
 1.010  0.129883  0.805497
 1.011  0.127967  0.802736
 1.012  0.126264  0.800353
 1.013  0.124922  0.798699
 1.014  0.123564  0.797039
 1.015  0.122129  0.795251
 1.016  0.120639  0.793527
 1.017  0.118779  0.790865
 1.018  0.117381  0.788762
 1.019  0.116174  0.787051
 1.020  0.114920  0.785222
 1.021  0.113655  0.783353
 1.022  0.112263  0.781149
 1.023  0.110675  0.778271
 1.024  0.109250  0.776843
 1.025  0.108170  0.775258
 1.026  0.107081  0.773645
 1.027  0.105948  0.771925
 1.028  0.104785  0.770169
 1.029  0.103543  0.768235
 1.030  0.102019  0.765659
 1.031  0.101042  0.764571
 1.032  0.100060  0.763522
 1.033  0.099049  0.761851
 1.034  0.098031  0.760162
 1.035  0.096956  0.758359
 1.036  0.095801  0.756431
 1.037  0.094484  0.754038
 1.038  0.093586  0.752679
 1.039  0.092645  0.751336
 1.040  0.091734  0.749522
 1.041  0.090808  0.747878
 1.042  0.089864  0.746212
 1.043  0.088846  0.744387
 1.044  0.087663  0.742169
 1.045  0.086870  0.741140
 1.046  0.086071  0.740528
 1.047  0.085253  0.739004
 1.048  0.084425  0.737530
 1.049  0.083588  0.736180
 1.050  0.082696  0.734397
 1.051  0.081679  0.732323
 1.052  0.080802  0.730842
 1.053  0.080070  0.730027
 1.054  0.079324  0.728346
 1.055  0.078573  0.726618
 1.056  0.077771  0.724561
 1.057  0.077003  0.723133
 1.058  0.076182  0.721652
 1.059  0.075227  0.720168
 1.060  0.074576  0.719346
 1.061  0.073930  0.718244
 1.062  0.073272  0.716824
 1.063  0.072593  0.715382
 1.064  0.071916  0.714038
 1.065  0.071212  0.712834
 1.066  0.070478  0.711935
 1.067  0.069610  0.709572
 1.068  0.069013  0.708169
 1.069  0.068413  0.706868
 1.070  0.067804  0.705636
 1.071  0.067195  0.704641
 1.072  0.066570  0.704384
 1.073  0.065907  0.702180
 1.074  0.065247  0.700401
 1.075  0.064450  0.698199
 1.076  0.063915  0.697071
 1.077  0.063379  0.696188
 1.078  0.062845  0.695967
 1.079  0.062301  0.694504
 1.080  0.061745  0.693015
 1.081  0.061192  0.691745
 1.082  0.060611  0.690616
 1.083  0.059988  0.689686
 1.084  0.059343  0.688606
 1.085  0.058853  0.687041
 1.086  0.058360  0.685574
 1.087  0.057859  0.684203
 1.088  0.057358  0.683052
 1.089  0.056850  0.683007
 1.090  0.056317  0.681075
 1.091  0.055781  0.679312
 1.092  0.055199  0.677871
 1.093  0.054672  0.676770
 1.094  0.054229  0.676244
 1.095  0.053788  0.675533
 1.096  0.053347  0.673928
 1.097  0.052896  0.672520
 1.098  0.052439  0.671333
 1.099  0.051978  0.670715
 1.100  0.051502  0.670113
 1.101  0.050980  0.668465
 1.102  0.050491  0.667064
 1.103  0.050088  0.665914
 1.104  0.049682  0.665944
 1.105  0.049268  0.664399
 1.106  0.048855  0.662651
 1.107  0.048439  0.661165
 1.108  0.047999  0.660031
 1.109  0.047581  0.660364
 1.110  0.047134  0.659030
 1.111  0.046651  0.656879
 1.112  0.046287  0.655641
 1.113  0.045921  0.656318
 1.114  0.045556  0.654348
 1.115  0.045192  0.652614
 1.116  0.044818  0.651709
 1.117  0.044446  0.653231
 1.118  0.044063  0.651399
 1.119  0.043671  0.649173
 1.120  0.043187  0.647166
 1.121  0.042853  0.647831
 1.122  0.042521  0.645717
 1.123  0.042186  0.644272
 1.124  0.041849  0.645483
 1.125  0.041505  0.644380
 1.126  0.041155  0.641630
 1.127  0.040812  0.640215
 1.128  0.040468  0.640783
 1.129  0.040103  0.638278
 1.130  0.039700  0.638482
 1.131  0.039397  0.638689
 1.132  0.039093  0.635400
 1.133  0.038790  0.634439
 1.134  0.038489  0.634605
 1.135  0.038189  0.634429
 1.136  0.037877  0.635700
 1.137  0.037567  0.630555
 1.138  0.037245  0.631697
 1.139  0.036918  0.630576
 1.140  0.036547  0.630258
 1.141  0.036267  0.624287
 1.142  0.035994  0.629041
 1.143  0.035714  0.625307
 1.144  0.035418  0.618157
 1.145  0.035148  0.620219
 1.146  0.034917  0.666770
 1.147  0.034514  0.353702
 1.148  0.034236  0.353063
 1.149  0.033942  0.352307
 1.150  0.033609  0.351284
 1.151  0.033364  0.350803
 1.152  0.033118  0.350302
 1.153  0.032871  0.349786
 1.154  0.032625  0.349261
 1.155  0.032380  0.348729
 1.156  0.032129  0.348145
 1.157  0.031878  0.347546
 1.158  0.031622  0.346895
 1.159  0.031361  0.346189
 1.160  0.031075  0.345294
 1.161  0.030811  0.344509
 1.162  0.030582  0.343906
 1.163  0.030356  0.343365
 1.164  0.030134  0.342887
 1.165  0.029908  0.342373
 1.166  0.029683  0.341853
 1.167  0.029458  0.341320
 1.168  0.029228  0.340745
 1.169  0.028998  0.340152
 1.170  0.028753  0.339437
 1.171  0.028485  0.338528
 1.172  0.028280  0.338076
 1.173  0.028075  0.337607
 1.174  0.027870  0.337121
 1.175  0.027665  0.336629
 1.176  0.027460  0.336129
 1.177  0.027252  0.335586
 1.178  0.027044  0.335023
 1.179  0.026833  0.334424
 1.180  0.026615  0.333741
 1.181  0.026384  0.332903
 1.182  0.026155  0.332150
 1.183  0.025969  0.331720
 1.184  0.025784  0.331288
 1.185  0.025599  0.330849
 1.186  0.025412  0.330382
 1.187  0.025224  0.329896
 1.188  0.025037  0.329405
 1.189  0.024847  0.328885
 1.190  0.024656  0.328344
 1.191  0.024460  0.327743
 1.192  0.024252  0.327034
 1.193  0.024049  0.326336
 1.194  0.023878  0.325906
 1.195  0.023706  0.325456
 1.196  0.023534  0.324994
 1.197  0.023363  0.324523
 1.198  0.023192  0.324034
 1.199  0.023016  0.323475
 1.200  0.022843  0.322950
 1.201  0.022669  0.322431
 1.202  0.022491  0.321866
 1.203  0.022302  0.321185
 1.204  0.022116  0.320516
 1.205  0.021960  0.320110
 1.206  0.021805  0.319702
 1.207  0.021650  0.319289
 1.208  0.021494  0.318852
 1.209  0.021336  0.318398
 1.210  0.021180  0.317938
 1.211  0.021022  0.317456
 1.212  0.020862  0.316952
 1.213  0.020701  0.316411
 1.214  0.020533  0.315793
 1.215  0.020354  0.315055
 1.216  0.020211  0.314647
 1.217  0.020067  0.314218
 1.218  0.019922  0.313751
 1.219  0.019779  0.313338
 1.220  0.019638  0.312922
 1.221  0.019494  0.312483
 1.222  0.019351  0.312027
 1.223  0.019207  0.311567
 1.224  0.019059  0.311045
 1.225  0.018909  0.310494
 1.226  0.018739  0.309716
 1.227  0.018607  0.309334
 1.228  0.018477  0.308950
 1.229  0.018346  0.308565
 1.230  0.018216  0.308171
 1.231  0.018084  0.307752
 1.232  0.017953  0.307323
 1.233  0.017822  0.306891
 1.234  0.017688  0.306426
 1.235  0.017555  0.305951
 1.236  0.017418  0.305412
 1.237  0.017274  0.304775
 1.238  0.017136  0.304212
 1.239  0.017016  0.303845
 1.240  0.016896  0.303465
 1.241  0.016776  0.303077
 1.242  0.016656  0.302687
 1.243  0.016537  0.302294
 1.244  0.016417  0.301878
 1.245  0.016296  0.301450
 1.246  0.016175  0.301016
 1.247  0.016051  0.300528
 1.248  0.015925  0.300009
 1.249  0.015785  0.299298
 1.250  0.015674  0.298939
 1.251  0.015564  0.298580
 1.252  0.015455  0.298219
 1.253  0.015345  0.297853
 1.254  0.015235  0.297465
 1.255  0.015124  0.297072
 1.256  0.015015  0.296669
 1.257  0.014903  0.296242
 1.258  0.014792  0.295805
 1.259  0.014679  0.295328
 1.260  0.014562  0.294802
 1.261  0.014440  0.294189
 1.262  0.014339  0.293843
 1.263  0.014238  0.293489
 1.264  0.014137  0.293124
 1.265  0.014036  0.292759
 1.266  0.013935  0.292391
 1.267  0.013834  0.292011
 1.268  0.013732  0.291613
 1.269  0.013631  0.291214
 1.270  0.013528  0.290778
 1.271  0.013424  0.290326
 1.272  0.013314  0.289761
 1.273  0.013210  0.289284
 1.274  0.013117  0.288966
 1.275  0.013025  0.288620
 1.276  0.012932  0.288272
 1.277  0.012839  0.287908
 1.278  0.012746  0.287532
 1.279  0.012653  0.287153
 1.280  0.012560  0.286767
 1.281  0.012466  0.286358
 1.282  0.012372  0.285945
 1.283  0.012275  0.285465
 1.284  0.012168  0.284822
 1.285  0.012081  0.284486
 1.286  0.011996  0.284162
 1.287  0.011910  0.283827
 1.288  0.011825  0.283492
 1.289  0.011740  0.283156
 1.290  0.011655  0.282824
 1.291  0.011570  0.282477
 1.292  0.011486  0.282158
 1.293  0.011400  0.281763
 1.294  0.011313  0.281327
 1.295  0.011224  0.280864
 1.296  0.011126  0.280237
 1.297  0.011047  0.279912
 1.298  0.010969  0.279587
 1.299  0.010890  0.279261
 1.300  0.010812  0.278932
 1.301  0.010733  0.278585
 1.302  0.010654  0.278234
 1.303  0.010576  0.277883
 1.304  0.010497  0.277518
 1.305  0.010418  0.277142
 1.306  0.010339  0.276752
 1.307  0.010257  0.276309
 1.308  0.010169  0.275748
 1.309  0.010097  0.275470
 1.310  0.010026  0.275230
 1.311  0.009954  0.274919
 1.312  0.009881  0.274581
 1.313  0.009809  0.274242
 1.314  0.009737  0.273900
 1.315  0.009664  0.273539
 1.316  0.009592  0.273175
 1.317  0.009519  0.272798
 1.318  0.009445  0.272391
 1.319  0.009369  0.271945
 1.320  0.009289  0.271397
 1.321  0.009222  0.271096
 1.322  0.009155  0.270797
 1.323  0.009089  0.270497
 1.324  0.009023  0.270197
 1.325  0.008956  0.269884
 1.326  0.008890  0.269575
 1.327  0.008824  0.269277
 1.328  0.008758  0.268999
 1.329  0.008692  0.268680
 1.330  0.008625  0.268280
 1.331  0.008555  0.267837
 1.332  0.008482  0.267292
 1.333  0.008420  0.266986
 1.334  0.008358  0.266679
 1.335  0.008296  0.266363
 1.336  0.008234  0.266048
 1.337  0.008173  0.265734
 1.338  0.008112  0.265416
 1.339  0.008050  0.265083
 1.340  0.007989  0.264750
 1.341  0.007927  0.264404
 1.342  0.007865  0.264039
 1.343  0.007801  0.263638
 1.344  0.007735  0.263159
 1.345  0.007679  0.262915
 1.346  0.007623  0.262721
 1.347  0.007567  0.262470
 1.348  0.007510  0.262150
 1.349  0.007453  0.261819
 1.350  0.007396  0.261488
 1.351  0.007340  0.261157
 1.352  0.007282  0.260810
 1.353  0.007225  0.260457
 1.354  0.007168  0.260087
 1.355  0.007109  0.259680
 1.356  0.007048  0.259180
 1.357  0.006995  0.258902
 1.358  0.006942  0.258622
 1.359  0.006890  0.258341
 1.360  0.006838  0.258063
 1.361  0.006786  0.257792
 1.362  0.006734  0.257526
 1.363  0.006682  0.257268
 1.364  0.006633  0.257102
 1.365  0.006580  0.256738
 1.366  0.006526  0.256357
 1.367  0.006472  0.255936
 1.368  0.006416  0.255448
 1.369  0.006367  0.255156
 1.370  0.006318  0.254865
 1.371  0.006269  0.254575
 1.372  0.006221  0.254278
 1.373  0.006172  0.253976
 1.374  0.006124  0.253673
 1.375  0.006075  0.253377
 1.376  0.006027  0.253064
 1.377  0.005979  0.252754
 1.378  0.005930  0.252429
 1.379  0.005881  0.252082
 1.380  0.005830  0.251678
 1.381  0.005787  0.251522
 1.382  0.005743  0.251329
 1.383  0.005698  0.251021
 1.384  0.005652  0.250713
 1.385  0.005607  0.250407
 1.386  0.005562  0.250093
 1.387  0.005517  0.249771
 1.388  0.005472  0.249449
 1.389  0.005427  0.249113
 1.390  0.005382  0.248767
 1.391  0.005336  0.248376
 1.392  0.005289  0.247956
 1.393  0.005247  0.247701
 1.394  0.005206  0.247449
 1.395  0.005165  0.247201
 1.396  0.005124  0.246959
 1.397  0.005083  0.246732
 1.398  0.005043  0.246549
 1.399  0.005003  0.246385
 1.400  0.004961  0.246045
 1.401  0.004920  0.245701
 1.402  0.004878  0.245333
 1.403  0.004835  0.244933
 1.404  0.004792  0.244518
 1.405  0.004753  0.244241
 1.406  0.004714  0.243962
 1.407  0.004675  0.243683
 1.408  0.004637  0.243409
 1.409  0.004599  0.243137
 1.410  0.004560  0.242859
 1.411  0.004522  0.242582
 1.412  0.004484  0.242317
 1.413  0.004446  0.242039
 1.414  0.004409  0.241788
 1.415  0.004371  0.241538
 1.416  0.004334  0.241283
 1.417  0.004297  0.240989
 1.418  0.004261  0.240696
 1.419  0.004225  0.240401
 1.420  0.004189  0.240101
 1.421  0.004153  0.239804
 1.422  0.004118  0.239507
 1.423  0.004082  0.239207
 1.424  0.004046  0.238901
 1.425  0.004011  0.238595
 1.426  0.003975  0.238259
 1.427  0.003937  0.237837
 1.428  0.003904  0.237610
 1.429  0.003871  0.237394
 1.430  0.003838  0.237192
 1.431  0.003807  0.237041
 1.432  0.003776  0.236993
 1.433  0.003743  0.236675
 1.434  0.003709  0.236355
 1.435  0.003676  0.236036
 1.436  0.003643  0.235708
 1.437  0.003610  0.235374
 1.438  0.003576  0.235005
 1.439  0.003542  0.234607
 1.440  0.003511  0.234349
 1.441  0.003480  0.234090
 1.442  0.003449  0.233839
 1.443  0.003419  0.233586
 1.444  0.003388  0.233346
 1.445  0.003358  0.233114
 1.446  0.003328  0.232901
 1.447  0.003299  0.232722
 1.448  0.003271  0.232698
 1.449  0.003240  0.232328
 1.450  0.003207  0.231894
 1.451  0.003178  0.231577
 1.452  0.003149  0.231292
 1.453  0.003120  0.231007
 1.454  0.003091  0.230728
 1.455  0.003062  0.230450
 1.456  0.003034  0.230171
 1.457  0.003005  0.229897
 1.458  0.002977  0.229626
 1.459  0.002949  0.229357
 1.460  0.002921  0.229090
 1.461  0.002892  0.228806
 1.462  0.002864  0.228539
 1.463  0.002839  0.228439
 1.464  0.002814  0.228403
 1.465  0.002787  0.228098
 1.466  0.002760  0.227789
 1.467  0.002733  0.227485
 1.468  0.002707  0.227187
 1.469  0.002680  0.226882
 1.470  0.002654  0.226580
 1.471  0.002628  0.226275
 1.472  0.002601  0.225956
 1.473  0.002574  0.225592
 1.474  0.002549  0.225357
 1.475  0.002525  0.225137
 1.476  0.002500  0.224932
 1.477  0.002476  0.224751
 1.478  0.002453  0.224633
 1.479  0.002430  0.224668
 1.480  0.002406  0.224345
 1.481  0.002381  0.224018
 1.482  0.002356  0.223681
 1.483  0.002331  0.223345
 1.484  0.002306  0.222945
 1.485  0.002282  0.222670
 1.486  0.002259  0.222407
 1.487  0.002236  0.222144
 1.488  0.002213  0.221894
 1.489  0.002190  0.221652
 1.490  0.002168  0.221426
 1.491  0.002145  0.221207
 1.492  0.002123  0.221035
 1.493  0.002102  0.220931
 1.494  0.002081  0.220904
 1.495  0.002058  0.220493
 1.496  0.002036  0.220189
 1.497  0.002014  0.219884
 1.498  0.001992  0.219589
 1.499  0.001970  0.219304
 1.500  0.001949  0.219018
 1.501  0.001927  0.218742
 1.502  0.001906  0.218470
 1.503  0.001885  0.218212
 1.504  0.001864  0.217963
 1.505  0.001844  0.217720
 1.506  0.001823  0.217476
 1.507  0.001804  0.217380
 1.508  0.001786  0.217531
 1.509  0.001766  0.217203
 1.510  0.001746  0.216881
 1.511  0.001725  0.216562
 1.512  0.001705  0.216247
 1.513  0.001685  0.215944
 1.514  0.001666  0.215648
 1.515  0.001646  0.215345
 1.516  0.001626  0.215047
 1.517  0.001607  0.214766
 1.518  0.001589  0.214553
 1.519  0.001570  0.214350
 1.520  0.001552  0.214201
 1.521  0.001535  0.214133
 1.522  0.001518  0.214241
 1.523  0.001499  0.213897
 1.524  0.001481  0.213555
 1.525  0.001462  0.213222
 1.526  0.001444  0.212888
 1.527  0.001426  0.212552
 1.528  0.001408  0.212276
 1.529  0.001390  0.211999
 1.530  0.001373  0.211745
 1.531  0.001356  0.211503
 1.532  0.001339  0.211301
 1.533  0.001322  0.211126
 1.534  0.001306  0.211020
 1.535  0.001292  0.211272
 1.536  0.001274  0.210909
 1.537  0.001257  0.210539
 1.538  0.001240  0.210204
 1.539  0.001224  0.209888
 1.540  0.001207  0.209575
 1.541  0.001191  0.209282
 1.542  0.001175  0.209006
 1.543  0.001159  0.208733
 1.544  0.001143  0.208496
 1.545  0.001128  0.208292
 1.546  0.001112  0.208146
 1.547  0.001098  0.208100
 1.548  0.001085  0.208291
 1.549  0.001069  0.207927
 1.550  0.001054  0.207571
 1.551  0.001038  0.207216
 1.552  0.001023  0.206894
 1.553  0.001008  0.206580
 1.554  0.000993  0.206283
 1.555  0.000979  0.206017
 1.556  0.000964  0.205759
 1.557  0.000950  0.205575
 1.558  0.000936  0.205418
 1.559  0.000923  0.205350
 1.560  0.000911  0.205668
 1.561  0.000897  0.205272
 1.562  0.000882  0.204900
 1.563  0.000868  0.204535
 1.564  0.000854  0.204201
 1.565  0.000840  0.203895
 1.566  0.000827  0.203638
 1.567  0.000814  0.203356
 1.568  0.000801  0.203098
 1.569  0.000788  0.202893
 1.570  0.000775  0.202753
 1.571  0.000763  0.202797
 1.572  0.000752  0.202973
 1.573  0.000738  0.202555
 1.574  0.000726  0.202196
 1.575  0.000713  0.201901
 1.576  0.000700  0.201556
 1.577  0.000688  0.201226
 1.578  0.000676  0.200904
 1.579  0.000663  0.200651
 1.580  0.000652  0.200417
 1.581  0.000640  0.200307
 1.582  0.000629  0.200391
 1.583  0.000619  0.200639
 1.584  0.000607  0.200318
 1.585  0.000595  0.199870
 1.586  0.000584  0.199476
 1.587  0.000572  0.199098
 1.588  0.000560  0.198750
 1.589  0.000549  0.198450
 1.590  0.000538  0.198213
 1.591  0.000527  0.198058
 1.592  0.000517  0.198102
 1.593  0.000509  0.198759
 1.594  0.000498  0.198256
 1.595  0.000487  0.197762
 1.596  0.000476  0.197311
 1.597  0.000465  0.196927
 1.598  0.000455  0.196568
 1.599  0.000444  0.196295
 1.600  0.000435  0.196100
 1.601  0.000425  0.196122
 1.602  0.000416  0.196127
 1.603  0.000408  0.196558
 1.604  0.000397  0.196020
 1.605  0.000387  0.195525
 1.606  0.000377  0.195042
 1.607  0.000368  0.194724
 1.608  0.000358  0.194455
 1.609  0.000350  0.194362
 1.610  0.000340  0.194061
 1.611  0.000332  0.194042
 1.612  0.000325  0.194732
 1.613  0.000315  0.194123
 1.614  0.000306  0.193643
 1.615  0.000297  0.193189
 1.616  0.000289  0.193113
 1.617  0.000280  0.192689
 1.618  0.000272  0.192314
 1.619  0.000264  0.192090
 1.620  0.000256  0.192295
 1.621  0.000249  0.192670
 1.622  0.000241  0.192152
 1.623  0.000233  0.192020
 1.624  0.000225  0.191368
 1.625  0.000217  0.190901
 1.626  0.000209  0.190522
 1.627  0.000202  0.190366
 1.628  0.000195  0.190784
 1.629  0.000189  0.191163
 1.630  0.000182  0.190870
 1.631  0.000174  0.190087
 1.632  0.000167  0.189408
 1.633  0.000160  0.188969
 1.634  0.000154  0.188716
 1.635  0.000148  0.189095
 1.636  0.000143  0.190370
 1.637  0.000136  0.189419
 1.638  0.000129  0.188469
 1.639  0.000123  0.187764
 1.640  0.000116  0.187301
 1.641  0.000111  0.187514
 1.642  0.000106  0.188937
 1.643  0.000101  0.188413
 1.644  0.000095  0.187398
 1.645  0.000089  0.186386
 1.646  0.000084  0.186062
 1.647  0.000079  0.186965
 1.648  0.000076  0.188448
 1.649  0.000071  0.186793
 1.650  0.000066  0.185769
 1.651  0.000061  0.184888
 1.652  0.000057  0.185873
 1.653  0.000053  0.186265
 1.654  0.000050  0.186021
 1.655  0.000046  0.184530
 1.656  0.000043  0.184365
 1.657  0.000040  0.184539
 1.658  0.000039  0.186391
 1.659  0.000035  0.183874
 1.660  0.000032  0.183583
 1.661  0.000030  0.183099
 1.662  0.000030  0.185312
 1.663  0.000029  0.182550
 1.664  0.000028  0.183000
 1.665  0.000030  0.184832
 1.666  0.000030  0.182724
 1.667  0.000031  0.180899
 1.668  0.000035  0.182747
 1.669  0.000039  0.180120
 1.670  0.000049  0.181632
 1.671  0.000064  0.192511
 1.672  0.000000  0.000000
