0.000    0.000012    0.000000
0.150    0.000448    0.000881
0.300    0.000889    0.001755
0.440    0.001332    0.002648
0.590    0.001775    0.003536
0.740    0.002219    0.004420
0.890    0.002665    0.005304
1.040    0.003114    0.006187
1.180    0.003564    0.007078
1.330    0.004019    0.007969
1.480    0.005199    0.009006
1.630    0.008361    0.010519
1.770    0.010175    0.012215
1.920    0.011248    0.013943
2.070    0.012256    0.015690
2.220    0.013807    0.017524
2.370    0.014653    0.019348
2.510    0.015648    0.021187
2.660    0.016680    0.023037
2.810    0.017339    0.024857
2.960    0.018394    0.026691
3.110    0.019475    0.028538
3.250    0.020572    0.030405
3.400    0.021715    0.032289
3.550    0.022898    0.034192
3.700    0.024138    0.036116
3.840    0.025440    0.038071
3.990    0.026973    0.040065
4.140    0.029656    0.042178
4.290    0.058566    0.046206
4.440    0.043683    0.049108
4.580    0.038456    0.051585
4.730    0.039437    0.054044
4.880    0.051713    0.057171
5.030    0.046357    0.059889
5.180    0.045277    0.062468
5.320    0.055107    0.065524
5.470    0.056432    0.068567
5.620    0.062361    0.071840
5.770    0.056198    0.074714
5.910    0.053935    0.077406
6.060    0.069060    0.080768
6.210    0.064503    0.083832
6.360    0.066330    0.086908
6.510    0.061304    0.089686
6.650    0.079731    0.093223
6.800    0.070782    0.096294
6.950    0.073125    0.099398
7.100    0.082031    0.102806
7.250    0.092626    0.106575
7.390    0.095511    0.110388
7.540    0.093556    0.114048
7.690    0.098506    0.117827
7.840    0.114585    0.122138
7.980    0.114015    0.126353
8.130    0.108949    0.130307
8.280    0.111111    0.134265
8.430    0.136577    0.139045
8.580    0.119755    0.143162
8.720    0.124212    0.147364
8.870    0.124607    0.151508
9.020    0.129429    0.155741
9.170    0.129273    0.159900
9.320    0.133693    0.164132
9.460    0.139361    0.168478
9.610    0.145827    0.172954
9.760    0.153510    0.177594
9.910    0.161936    0.182414
10.060    0.171248    0.187436
10.200    0.180798    0.192665
10.350    0.191754    0.198131
10.500    0.203667    0.203853
10.650    0.216635    0.209853
10.790    0.229918    0.216139
10.940    0.245256    0.222753
11.090    0.262041    0.229723
11.240    0.280362    0.237081
11.390    0.300593    0.244867
11.530    0.321096    0.253082
11.680    0.345344    0.261804
11.830    0.372560    0.271095
11.980    0.400774    0.280964
12.130    0.433755    0.291512
12.270    0.464965    0.302691
12.420    0.503917    0.314660
12.570    0.546977    0.327497
12.720    0.587949    0.341133
12.860    0.634312    0.355683
13.010    0.678652    0.371072
13.160    0.732425    0.387490
13.310    0.783374    0.404853
13.460    0.830665    0.423058
13.600    0.880036    0.442147
13.750    0.917076    0.461823
13.900    0.966408    0.482333
14.050    0.995943    0.503244
14.200    1.033324    0.524711
14.340    1.071329    0.546750
14.490    1.084045    0.568820
14.640    1.125541    0.591500
14.790    1.138737    0.614213
14.930    1.168465    0.637301
15.080    1.222654    0.661219
15.230    1.234401    0.685129
15.380    1.299974    0.710063
15.530    1.379695    0.736271
15.670    1.466429    0.763878
15.820    1.587192    0.793475
15.970    1.711884    0.825097
16.120    1.806850    0.858163
16.270    1.855263    0.891801
16.410    1.829250    0.924685
16.560    1.779109    0.956378
16.710    1.698044    0.986356
16.860    1.635463    1.014972
17.010    1.599331    1.042708
17.150    1.572919    1.069765
17.300    1.522637    1.095729
17.450    1.448334    1.120213
17.600    1.345066    1.142758
17.740    1.254948    1.163627
17.890    1.164490    1.182829
18.040    1.085895    1.200586
18.190    1.016962    1.217079
18.340    0.949563    1.232353
18.480    0.887078    1.246513
18.630    0.820477    1.259505
18.780    0.755966    1.271380
18.930    0.694838    1.282208
19.080    0.638301    1.292077
19.220    0.591597    1.301158
19.370    0.549298    1.309523
19.520    0.515618    1.317316
19.670    0.489809    1.324661
19.810    0.471659    1.331685
19.960    0.456769    1.338436
20.110    0.445086    1.344965
20.260    0.435208    1.351302
20.410    0.426195    1.357462
20.550    0.418047    1.363463
20.700    0.409234    1.369295
20.850    0.400113    1.374956
21.000    0.390575    1.380443
21.150    0.380622    1.385752
21.290    0.370997    1.390893
21.440    0.360481    1.395853
21.590    0.349844    1.400633
21.740    0.339200    1.405236
21.880    0.329334    1.409676
22.030    0.318956    1.413947
22.180    0.308824    1.418054
22.330    0.298994    1.422004
22.480    0.289505    1.425804
22.620    0.280980    1.429468
22.770    0.272230    1.432995
22.920    0.263882    1.436391
23.070    0.255941    1.439664
23.220    0.248404    1.442820
23.360    0.241736    1.445873
23.510    0.234957    1.448821
23.660    0.228542    1.451670
23.810    0.222467    1.454427
23.950    0.217091    1.457101
24.100    0.211582    1.459691
24.250    0.206294    1.462200
24.400    0.201151    1.464632
24.550    0.196039    1.466988
24.690    0.191182    1.469272
24.840    0.185651    1.471477
24.990    0.179600    1.473597
25.140    0.172854    1.475625
25.290    0.165341    1.477554
25.430    0.157753    1.479384
25.580    0.149153    1.481104
25.730    0.140431    1.482714
25.880    0.131904    1.484218
26.030    0.123805    1.485621
26.170    0.116793    1.486937
26.320    0.109820    1.488168
26.470    0.103453    1.489321
26.620    0.097660    1.490403
26.760    0.092765    1.491426
26.910    0.087944    1.492390
27.060    0.083551    1.493301
27.210    0.079541    1.494163
27.360    0.075872    1.494981
27.500    0.072749    1.495762
27.650    0.069635    1.496505
27.800    0.066765    1.497213
27.950    0.064113    1.497890
28.100    0.061657    1.498537
28.240    0.059546    1.499159
28.390    0.057417    1.499756
28.540    0.055434    1.500329
28.690    0.053584    1.500880
28.830    0.051986    1.501412
28.980    0.050362    1.501924
29.130    0.048842    1.502419
29.280    0.047417    1.502897
29.430    0.046079    1.503359
29.570    0.044919    1.503807
29.720    0.043734    1.504241
29.870    0.042619    1.504662
30.020    0.041571    1.505070
30.170    0.040584    1.505467
30.310    0.039729    1.505854
30.460    0.038851    1.506230
30.610    0.038026    1.506596
30.760    0.037250    1.506954
30.900    0.036578    1.507303
31.050    0.035890    1.507644
31.200    0.035243    1.507977
31.350    0.034637    1.508303
31.500    0.034070    1.508622
31.640    0.033585    1.508935
31.790    0.033088    1.509242
31.940    0.032627    1.509544
32.090    0.032199    1.509840
32.240    0.031805    1.510131
32.380    0.031474    1.510417
32.530    0.031141    1.510700
32.680    0.030838    1.510978
32.830    0.030566    1.511253
32.970    0.030348    1.511524
33.120    0.030135    1.511793
33.270    0.029952    1.512058
33.420    0.029799    1.512321
33.570    0.029676    1.512582
33.710    0.029597    1.512841
33.860    0.029534    1.513099
34.010    0.029502    1.513354
34.160    0.029504    1.513609
34.310    0.029539    1.513863
34.450    0.029610    1.514117
34.600    0.029714    1.514370
34.750    0.029855    1.514624
34.900    0.030036    1.514877
35.050    0.030258    1.515132
35.190    0.030513    1.515388
35.340    0.030824    1.515645
35.490    0.031185    1.515904
35.640    0.031601    1.516166
35.780    0.032050    1.516430
35.930    0.032585    1.516698
36.080    0.033190    1.516969
36.230    0.033874    1.517245
36.380    0.034644    1.517526
36.520    0.035458    1.517812
36.670    0.036428    1.518105
36.820    0.037523    1.518406
36.970    0.038760    1.518715
37.120    0.040165    1.519034
37.260    0.041660    1.519364
37.410    0.043478    1.519707
37.560    0.045576    1.520065
37.710    0.048018    1.520441
37.850    0.050692    1.520836
38.000    0.054074    1.521256
38.150    0.058164    1.521705
38.300    0.063207    1.522192
38.450    0.069569    1.522726
38.590    0.077203    1.523316
38.740    0.088017    1.523986
38.890    0.102932    1.524767
39.040    0.124041    1.525704
39.190    0.153768    1.526862
39.330    0.189158    1.528281
39.480    0.226426    1.529973
39.630    0.247540    1.531815
39.780    0.252046    1.533684
39.920    0.249491    1.535528
40.070    0.227388    1.537202
40.220    0.207561    1.538724
40.370    0.208256    1.540246
40.520    0.229639    1.541918
40.660    0.273606    1.543903
40.810    0.343321    1.546385
40.960    0.411532    1.549349
41.110    0.473630    1.552748
41.260    0.525725    1.556506
41.400    0.548250    1.560413
41.550    0.540905    1.564253
41.700    0.523618    1.567958
41.850    0.518072    1.571610
41.990    0.529969    1.575333
42.140    0.557007    1.579232
42.290    0.577474    1.583260
42.440    0.582828    1.587312
42.590    0.603476    1.591492
42.730    0.626485    1.595817
42.880    0.616809    1.600060
43.030    0.564964    1.603933
43.180    0.503655    1.607374
43.330    0.456154    1.610480
43.470    0.428408    1.613387
43.620    0.416719    1.616205
43.770    0.428281    1.619092
43.920    0.472250    1.622264
44.070    0.535319    1.625847
44.210    0.587864    1.629770
44.360    0.647268    1.634074
44.510    0.696864    1.638693
44.660    0.727720    1.643500
44.800    0.729010    1.648300
44.950    0.708302    1.652949
45.100    0.695088    1.657495
45.250    0.697666    1.662044
45.400    0.706036    1.666631
45.540    0.681454    1.671046
45.690    0.636509    1.675155
45.840    0.588878    1.678945
45.990    0.559336    1.682533
46.140    0.549745    1.686048
46.280    0.575469    1.689716
46.430    0.532665    1.693100
46.580    0.452748    1.695968
46.730    0.414859    1.698587
46.870    0.400705    1.701109
47.020    0.399069    1.703612
47.170    0.392614    1.706068
47.320    0.352953    1.708268
47.470    0.278583    1.709999
47.610    0.218355    1.711352
47.760    0.178408    1.712454
47.910    0.152871    1.713396
48.060    0.134309    1.714220
48.210    0.119210    1.714949
48.350    0.107237    1.715604
48.500    0.096283    1.716189
48.650    0.087038    1.716717
48.800    0.079217    1.717196
48.940    0.072977    1.717636
49.090    0.067181    1.718040
49.240    0.062145    1.718412
49.390    0.057728    1.718757
49.540    0.053821    1.719077
49.680    0.050572    1.719378
49.830    0.047431    1.719658
49.980    0.044603    1.719922
50.130    0.042043    1.720169
50.280    0.039716    1.720402
50.420    0.037736    1.720623
50.570    0.035781    1.720832
50.720    0.033986    1.721029
50.870    0.032333    1.721217
51.020    0.030807    1.721395
51.160    0.029490    1.721565
51.310    0.028173    1.721727
51.460    0.026949    1.721881
51.610    0.025808    1.722029
51.750    0.024816    1.722170
51.900    0.023816    1.722306
52.050    0.022880    1.722435
52.200    0.022002    1.722560
52.350    0.021177    1.722679
52.490    0.020454    1.722794
52.640    0.019720    1.722905
52.790    0.019027    1.723011
52.940    0.018372    1.723113
53.090    0.017754    1.723212
53.230    0.017209    1.723307
53.380    0.016651    1.723399
53.530    0.016122    1.723488
53.680    0.015620    1.723574
53.820    0.015176    1.723657
53.970    0.014720    1.723738
54.120    0.014285    1.723815
54.270    0.013871    1.723891
54.420    0.013476    1.723964
54.560    0.013125    1.724035
54.710    0.012764    1.724104
54.860    0.012417    1.724170
55.010    0.012086    1.724235
55.160    0.011769    1.724298
55.300    0.011486    1.724360
55.450    0.011194    1.724419
55.600    0.010913    1.724477
55.750    0.010643    1.724533
55.890    0.010402    1.724588
56.040    0.010152    1.724642
56.190    0.009912    1.724694
56.340    0.009680    1.724744
56.490    0.009457    1.724794
56.630    0.009258    1.724842
56.780    0.009050    1.724889
56.930    0.008849    1.724935
57.080    0.008656    1.724980
57.230    0.008469    1.725023
57.370    0.008301    1.725066
57.520    0.008126    1.725108
57.670    0.007957    1.725148
57.820    0.007794    1.725188
57.960    0.007647    1.725227
58.110    0.007493    1.725265
58.260    0.007344    1.725302
58.410    0.007200    1.725339
58.560    0.007060    1.725374
58.700    0.006934    1.725409
58.850    0.006802    1.725443
59.000    0.006674    1.725476
