0.000    0.001273    0.000000
0.150    0.001341    0.002637
0.300    0.001432    0.004045
0.440    0.001559    0.005090
0.590    0.001510    0.005845
0.740    0.001342    0.006380
0.890    0.001267    0.006800
1.040    0.001269    0.007160
1.180    0.001261    0.007475
1.330    0.001284    0.007760
1.480    0.001443    0.008047
1.630    0.001989    0.008407
1.770    0.002262    0.008784
1.920    0.002361    0.009147
2.070    0.002437    0.009494
2.220    0.002575    0.009837
2.370    0.002427    0.010139
2.510    0.002473    0.010429
2.660    0.002547    0.010712
2.810    0.002418    0.010966
2.960    0.002501    0.011215
3.110    0.002597    0.011461
3.250    0.002700    0.011706
3.400    0.002833    0.011952
3.550    0.003007    0.012202
3.700    0.003255    0.012462
3.840    0.003636    0.012741
3.990    0.004508    0.013074
4.140    0.007736    0.013625
4.290    0.019605    0.014974
4.440    0.016031    0.016039
4.580    0.013112    0.016883
4.730    0.011519    0.017602
4.880    0.018171    0.018700
5.030    0.016549    0.019671
5.180    0.012095    0.020359
5.320    0.015279    0.021207
5.470    0.017872    0.022171
5.620    0.018589    0.023146
5.770    0.015294    0.023928
5.910    0.013907    0.024622
6.060    0.020802    0.025635
6.210    0.017977    0.026489
6.360    0.016556    0.027257
6.510    0.013819    0.027883
6.650    0.023697    0.028934
6.800    0.018762    0.029748
6.950    0.017545    0.030493
7.100    0.021104    0.031370
7.250    0.027078    0.032472
7.390    0.029138    0.033635
7.540    0.024339    0.034587
7.690    0.027869    0.035656
7.840    0.037799    0.037078
7.980    0.036160    0.038415
8.130    0.028956    0.039466
8.280    0.028528    0.040482
8.430    0.043704    0.042012
8.580    0.026637    0.042927
8.720    0.025839    0.043802
8.870    0.021453    0.044515
9.020    0.020482    0.045185
9.170    0.015163    0.045673
9.320    0.013312    0.046094
9.460    0.012707    0.046490
9.610    0.012180    0.046864
9.760    0.012342    0.047237
9.910    0.012703    0.047615
10.060    0.013328    0.048006
10.200    0.014031    0.048412
10.350    0.014913    0.048837
10.500    0.015925    0.049285
10.650    0.017078    0.049758
10.790    0.018301    0.050258
10.940    0.019795    0.050792
11.090    0.021516    0.051364
11.240    0.023505    0.051981
11.390    0.025896    0.052652
11.530    0.028410    0.053378
11.680    0.031803    0.054182
11.830    0.035914    0.055077
11.980    0.040686    0.056079
12.130    0.047363    0.057231
12.270    0.054032    0.058530
12.420    0.064459    0.060061
12.570    0.077723    0.061885
12.720    0.095084    0.064090
12.860    0.120126    0.066846
13.010    0.156947    0.070405
13.160    0.224944    0.075447
13.310    0.361734    0.083465
13.460    0.796034    0.100911
13.600    2.302514    0.150855
13.750    3.818098    0.232771
13.900    4.132690    0.320479
14.050    3.805107    0.400373
14.200    4.099118    0.485530
14.340    4.565289    0.579447
14.490    4.294170    0.666871
14.640    3.095957    0.729256
14.790    2.014812    0.769443
14.930    2.107947    0.811094
15.080    1.269980    0.835937
15.230    1.290180    0.860928
15.380    1.173824    0.883442
15.530    1.230035    0.906808
15.670    1.277840    0.930864
15.820    1.864782    0.965637
15.970    2.223608    1.006712
16.120    2.942102    1.060553
16.270    2.934927    1.113768
16.410    2.816304    1.164396
16.560    2.794188    1.214172
16.710    2.156323    1.252240
16.860    2.342053    1.293219
17.010    2.340317    1.333806
17.150    2.652985    1.379441
17.300    2.976233    1.430191
17.450    2.034810    1.464591
17.600    1.690766    1.492930
17.740    1.454045    1.517110
17.890    1.074943    1.534835
18.040    1.175728    1.554061
18.190    0.947500    1.569428
18.340    0.529785    1.577949
18.480    0.377763    1.583980
18.630    0.364206    1.589747
18.780    0.160874    1.592274
18.930    0.094080    1.593740
19.080    0.073239    1.594872
19.220    0.064258    1.595858
19.370    0.060413    1.596778
19.520    0.061671    1.597711
19.670    0.069921    1.598759
19.810    0.087852    1.600067
19.960    0.127893    1.601958
20.110    0.209175    1.605026
20.260    0.350527    1.610130
20.410    0.609561    1.618940
20.550    0.764437    1.629914
20.700    0.851740    1.642052
20.850    1.007439    1.656306
21.000    0.817201    1.667786
21.150    0.951695    1.681060
21.290    0.877335    1.693217
21.440    0.644001    1.702078
21.590    0.774652    1.712663
21.740    0.598910    1.720789
21.880    0.608697    1.728996
22.030    0.428299    1.734732
22.180    0.545136    1.741982
22.330    0.604591    1.749969
22.480    0.208867    1.752710
22.620    0.200801    1.755329
22.770    0.605262    1.763170
22.920    0.272428    1.766677
23.070    0.345546    1.771095
23.220    0.356601    1.775626
23.360    0.128810    1.777252
23.510    0.068067    1.778107
23.660    0.068675    1.778963
23.810    0.136744    1.780657
23.950    0.557467    1.787524
24.100    0.193685    1.789894
24.250    0.064509    1.790679
24.400    0.040438    1.791168
24.550    0.047352    1.791737
24.690    0.120255    1.793174
24.840    0.038220    1.793628
24.990    0.019659    1.793860
25.140    0.014412    1.794029
25.290    0.011906    1.794168
25.430    0.010454    1.794289
25.580    0.009352    1.794397
25.730    0.008521    1.794495
25.880    0.007860    1.794584
26.030    0.007317    1.794667
26.170    0.006887    1.794745
26.320    0.006489    1.794818
26.470    0.006142    1.794886
26.620    0.005837    1.794951
26.760    0.005582    1.795012
26.910    0.005336    1.795071
27.060    0.005115    1.795126
27.210    0.004913    1.795180
27.360    0.004730    1.795231
27.500    0.004572    1.795280
27.650    0.004417    1.795327
27.800    0.004274    1.795372
27.950    0.004142    1.795416
28.100    0.004019    1.795458
28.240    0.003913    1.795499
28.390    0.003807    1.795539
28.540    0.003708    1.795577
28.690    0.003616    1.795614
28.830    0.003536    1.795650
28.980    0.003455    1.795685
29.130    0.003380    1.795720
29.280    0.003310    1.795753
29.430    0.003245    1.795786
29.570    0.003187    1.795817
29.720    0.003130    1.795848
29.870    0.003077    1.795879
30.020    0.003027    1.795909
30.170    0.002981    1.795938
30.310    0.002941    1.795966
30.460    0.002901    1.795994
30.610    0.002865    1.796022
30.760    0.002831    1.796049
30.900    0.002802    1.796076
31.050    0.002774    1.796102
31.200    0.002749    1.796128
31.350    0.002726    1.796154
31.500    0.002706    1.796179
31.640    0.002689    1.796204
31.790    0.002674    1.796229
31.940    0.002662    1.796254
32.090    0.002652    1.796278
32.240    0.002645    1.796302
32.380    0.002640    1.796326
32.530    0.002638    1.796350
32.680    0.002638    1.796374
32.830    0.002641    1.796398
32.970    0.002647    1.796422
33.120    0.002655    1.796445
33.270    0.002667    1.796469
33.420    0.002681    1.796492
33.570    0.002699    1.796516
33.710    0.002718    1.796540
33.860    0.002742    1.796564
34.010    0.002770    1.796588
34.160    0.002802    1.796612
34.310    0.002838    1.796637
34.450    0.002876    1.796661
34.600    0.002921    1.796686
34.750    0.002971    1.796711
34.900    0.003026    1.796737
35.050    0.003087    1.796763
35.190    0.003151    1.796789
35.340    0.003225    1.796816
35.490    0.003308    1.796844
35.640    0.003399    1.796872
35.780    0.003493    1.796901
35.930    0.003605    1.796930
36.080    0.003728    1.796961
36.230    0.003866    1.796992
36.380    0.004019    1.797025
36.520    0.004179    1.797059
36.670    0.004371    1.797094
36.820    0.004588    1.797130
36.970    0.004835    1.797169
37.120    0.005118    1.797210
37.260    0.005421    1.797253
37.410    0.005798    1.797298
37.560    0.006243    1.797347
37.710    0.006776    1.797400
37.850    0.007378    1.797458
38.000    0.008175    1.797521
38.150    0.009195    1.797592
38.300    0.010544    1.797674
38.450    0.012413    1.797769
38.590    0.014943    1.797883
38.740    0.019201    1.798029
38.890    0.026843    1.798233
39.040    0.043421    1.798561
39.190    0.094113    1.799269
39.330    0.310926    1.801602
39.480    0.643742    1.806412
39.630    0.291868    1.808584
39.780    0.132275    1.809565
39.920    0.062003    1.810023
40.070    0.043751    1.810346
40.220    0.041749    1.810652
40.370    0.048303    1.811005
40.520    0.068954    1.811507
40.660    0.125247    1.812415
40.810    0.269538    1.814364
40.960    0.509912    1.818036
41.110    0.827209    1.823972
41.260    1.125723    1.832021
41.400    1.099062    1.839852
41.550    0.834595    1.845778
41.700    0.582336    1.849898
41.850    0.412310    1.852804
41.990    0.245996    1.854532
42.140    0.133070    1.855464
42.290    0.142684    1.856459
42.440    0.260822    1.858272
42.590    0.993130    1.865151
42.730    1.547795    1.875837
42.880    0.634605    1.880203
43.030    0.390125    1.882877
43.180    0.403916    1.885637
43.330    0.315752    1.887786
43.470    0.270072    1.889619
43.620    0.261752    1.891389
43.770    0.286431    1.893320
43.920    0.374548    1.895836
44.070    0.505756    1.899221
44.210    0.552813    1.902910
44.360    0.620869    1.907039
44.510    0.755640    1.912047
44.660    0.957040    1.918369
44.800    2.466981    1.934613
44.950    3.243165    1.955898
45.100    1.759747    1.967408
45.250    1.502257    1.977202
45.400    0.818835    1.982522
45.540    0.412875    1.985197
45.690    0.321473    1.987273
45.840    0.446643    1.990147
45.990    0.659608    1.994378
46.140    0.425526    1.997099
46.280    0.324355    1.999166
46.430    0.215130    2.000533
46.580    0.181186    2.001680
46.730    0.224898    2.003100
46.870    0.287136    2.004907
47.020    0.377151    2.007274
47.170    0.461651    2.010161
47.320    0.147514    2.011080
47.470    0.059956    2.011453
47.610    0.049188    2.011758
47.760    0.039063    2.011999
47.910    0.022150    2.012135
48.060    0.016832    2.012239
48.210    0.013883    2.012324
48.350    0.012002    2.012397
48.500    0.010500    2.012461
48.650    0.009334    2.012517
48.800    0.008397    2.012568
48.940    0.007671    2.012614
49.090    0.007014    2.012657
49.240    0.006454    2.012695
49.390    0.005970    2.012731
49.540    0.005547    2.012764
49.680    0.005199    2.012795
49.830    0.004866    2.012824
49.980    0.004569    2.012851
50.130    0.004303    2.012876
50.280    0.004062    2.012900
50.420    0.003858    2.012922
50.570    0.003658    2.012944
50.720    0.003475    2.012964
50.870    0.003308    2.012983
51.020    0.003154    2.013001
51.160    0.003021    2.013019
51.310    0.002888    2.013035
51.460    0.002766    2.013051
51.610    0.002652    2.013066
51.750    0.002552    2.013081
51.900    0.002453    2.013095
52.050    0.002360    2.013108
52.200    0.002272    2.013121
52.350    0.002190    2.013133
52.490    0.002118    2.013145
52.640    0.002046    2.013157
52.790    0.001977    2.013168
52.940    0.001912    2.013178
53.090    0.001851    2.013189
53.230    0.001797    2.013199
53.380    0.001742    2.013208
53.530    0.001689    2.013218
53.680    0.001640    2.013227
53.820    0.001595    2.013235
53.970    0.001550    2.013244
54.120    0.001507    2.013252
54.270    0.001466    2.013260
54.420    0.001427    2.013268
54.560    0.001392    2.013275
54.710    0.001356    2.013283
54.860    0.001322    2.013290
55.010    0.001289    2.013297
55.160    0.001258    2.013303
55.300    0.001229    2.013310
55.450    0.001200    2.013316
55.600    0.001173    2.013322
55.750    0.001146    2.013329
55.890    0.001122    2.013334
56.040    0.001097    2.013340
56.190    0.001073    2.013346
56.340    0.001050    2.013351
56.490    0.001028    2.013357
56.630    0.001008    2.013362
56.780    0.000987    2.013367
56.930    0.000967    2.013372
57.080    0.000947    2.013377
57.230    0.000929    2.013382
57.370    0.000912    2.013387
57.520    0.000894    2.013391
57.670    0.000877    2.013396
57.820    0.000861    2.013400
57.960    0.000846    2.013404
58.110    0.000831    2.013409
58.260    0.000816    2.013413
58.410    0.000801    2.013417
58.560    0.000787    2.013421
58.700    0.000775    2.013425
58.850    0.000761    2.013428
59.000    0.000749    2.013432
