0.000    0.002569    0.000000
0.150    0.002633    0.005178
0.300    0.002699    0.007832
0.440    0.002763    0.009685
0.590    0.002835    0.011102
0.740    0.002910    0.012262
0.890    0.002989    0.013253
1.040    0.003070    0.014124
1.180    0.003150    0.014912
1.330    0.003240    0.015630
1.480    0.003334    0.016295
1.630    0.003432    0.016916
1.770    0.003529    0.017504
1.920    0.003639    0.018063
2.070    0.003754    0.018598
2.220    0.003877    0.019113
2.370    0.004007    0.019612
2.510    0.004137    0.020098
2.660    0.004287    0.020574
2.810    0.004449    0.021041
2.960    0.004627    0.021502
3.110    0.004826    0.021960
3.250    0.005037    0.022417
3.400    0.005307    0.022877
3.550    0.005651    0.023347
3.700    0.006154    0.023838
3.840    0.007008    0.024376
3.990    0.009735    0.025096
4.140    0.021453    0.026624
4.290    0.021153    0.028079
4.440    0.016355    0.029166
4.580    0.015099    0.030138
4.730    0.020918    0.031443
4.880    0.020628    0.032690
5.030    0.016457    0.033655
5.180    0.020150    0.034803
5.320    0.021035    0.035969
5.470    0.024506    0.037291
5.620    0.021725    0.038431
5.770    0.018482    0.039376
5.910    0.027310    0.040739
6.060    0.025081    0.041960
6.210    0.023069    0.043056
6.360    0.021733    0.044064
6.510    0.032024    0.045515
6.650    0.027820    0.046749
6.800    0.027122    0.047926
6.950    0.030935    0.049239
7.100    0.037599    0.050801
7.250    0.040798    0.052461
7.390    0.037439    0.053956
7.540    0.041383    0.055575
7.690    0.053757    0.057637
7.840    0.054891    0.059702
7.980    0.048115    0.061481
8.130    0.049911    0.063292
8.280    0.068848    0.065745
8.430    0.054869    0.067665
8.580    0.057259    0.069634
8.720    0.058091    0.071599
8.870    0.064207    0.073735
9.020    0.067131    0.075930
9.170    0.076695    0.078397
9.320    0.091874    0.081305
9.460    0.112775    0.084822
9.610    0.148072    0.089368
9.760    0.208905    0.095682
9.910    0.333298    0.105603
10.060    0.699118    0.126104
10.200    1.996490    0.183846
10.350    3.793779    0.291978
10.500    4.499303    0.418387
10.650    4.682467    0.548089
10.790    4.537097    0.672134
10.940    3.937011    0.778296
11.090    3.827476    0.880109
11.240    3.580880    0.974091
11.390    2.875465    1.048566
11.530    2.818483    1.120678
11.680    2.027020    1.171874
11.830    1.848897    1.217979
11.980    1.548361    1.256107
12.130    1.267597    1.286934
12.270    1.003949    1.311072
12.420    0.984603    1.334458
12.570    0.705646    1.351019
12.720    0.550614    1.363788
12.860    0.576458    1.377012
13.010    0.346790    1.384875
13.160    0.315187    1.391941
13.310    0.290423    1.398378
13.460    0.222062    1.403244
13.600    0.253154    1.408736
13.750    0.260640    1.414328
13.900    0.314375    1.420999
14.050    0.398419    1.429365
14.200    0.537947    1.440541
14.340    0.760534    1.456186
14.490    1.120696    1.479002
14.640    1.721010    1.513681
14.790    2.668854    1.566914
14.930    3.587460    1.637798
15.080    4.387115    1.723620
15.230    4.474143    1.810283
15.380    3.050750    1.868798
15.530    2.589858    1.917994
15.670    2.488341    1.964839
15.820    2.938331    2.019631
15.970    3.845122    2.090659
16.120    2.774634    2.141435
16.270    1.988151    2.177483
16.410    1.439979    2.203370
16.560    1.027069    2.221666
16.710    0.734228    2.234628
16.860    0.522746    2.243774
17.010    0.346525    2.249784
17.150    0.235994    2.253843
17.300    0.151879    2.256433
17.450    0.118015    2.258428
17.600    0.101250    2.260125
17.740    0.090515    2.261631
17.890    0.091333    2.263137
18.040    0.097290    2.264728
18.190    0.113590    2.266570
18.340    0.146322    2.268923
18.480    0.206137    2.272214
18.630    0.349718    2.277752
18.780    0.779190    2.289991
18.930    2.991361    2.336608
19.080    7.158387    2.447285
19.220    2.380633    2.483825
19.370    0.751812    2.495275
19.520    0.341016    2.500428
19.670    0.189303    2.503267
19.810    0.125335    2.505134
19.960    0.089158    2.506451
20.110    0.067592    2.507443
20.260    0.053562    2.508223
20.410    0.043861    2.508857
20.550    0.037244    2.509391
20.700    0.031873    2.509846
20.850    0.027728    2.510238
21.000    0.024449    2.510581
21.150    0.021801    2.510886
21.290    0.019758    2.511159
21.440    0.017921    2.511406
21.590    0.016369    2.511630
21.740    0.015044    2.511834
21.880    0.013971    2.512022
22.030    0.012967    2.512196
22.180    0.012085    2.512356
22.330    0.011306    2.512506
22.480    0.010614    2.512645
22.620    0.010034    2.512776
22.770    0.009473    2.512899
22.920    0.008967    2.513014
23.070    0.008508    2.513123
23.220    0.008090    2.513226
23.360    0.007732    2.513323
23.510    0.007380    2.513416
23.660    0.007056    2.513504
23.810    0.006757    2.513588
23.950    0.006499    2.513668
24.100    0.006242    2.513744
24.250    0.006003    2.513817
24.400    0.005781    2.513887
24.550    0.005574    2.513954
24.690    0.005393    2.514018
24.840    0.005211    2.514080
24.990    0.005041    2.514140
25.140    0.004881    2.514197
25.290    0.004731    2.514252
25.430    0.004599    2.514306
25.580    0.004465    2.514357
25.730    0.004340    2.514407
25.880    0.004221    2.514455
26.030    0.004109    2.514501
26.170    0.004010    2.514547
26.320    0.003910    2.514591
26.470    0.003815    2.514633
26.620    0.003725    2.514674
26.760    0.003646    2.514714
26.910    0.003565    2.514754
27.060    0.003488    2.514792
27.210    0.003416    2.514829
27.360    0.003347    2.514865
27.500    0.003286    2.514900
27.650    0.003224    2.514934
27.800    0.003166    2.514968
27.950    0.003110    2.515001
28.100    0.003058    2.515033
28.240    0.003011    2.515064
28.390    0.002964    2.515095
28.540    0.002920    2.515125
28.690    0.002878    2.515155
28.830    0.002841    2.515184
28.980    0.002804    2.515213
29.130    0.002769    2.515241
29.280    0.002736    2.515268
29.430    0.002706    2.515295
29.570    0.002679    2.515322
29.720    0.002653    2.515348
29.870    0.002628    2.515374
30.020    0.002606    2.515400
30.170    0.002585    2.515425
30.310    0.002568    2.515450
30.460    0.002552    2.515475
30.610    0.002537    2.515499
30.760    0.002524    2.515524
30.900    0.002514    2.515548
31.050    0.002505    2.515571
31.200    0.002498    2.515595
31.350    0.002493    2.515618
31.500    0.002490    2.515642
31.640    0.002489    2.515665
31.790    0.002489    2.515688
31.940    0.002492    2.515711
32.090    0.002497    2.515734
32.240    0.002505    2.515757
32.380    0.002514    2.515780
32.530    0.002526    2.515803
32.680    0.002540    2.515826
32.830    0.002557    2.515849
32.970    0.002575    2.515872
33.120    0.002598    2.515895
33.270    0.002623    2.515918
33.420    0.002651    2.515941
33.570    0.002683    2.515965
33.710    0.002716    2.515989
33.860    0.002755    2.516013
34.010    0.002798    2.516037
34.160    0.002845    2.516062
34.310    0.002898    2.516087
34.450    0.002951    2.516112
34.600    0.003013    2.516138
34.750    0.003082    2.516164
34.900    0.003157    2.516190
35.050    0.003240    2.516218
35.190    0.003324    2.516246
35.340    0.003424    2.516274
35.490    0.003533    2.516303
35.640    0.003653    2.516334
35.780    0.003777    2.516365
35.930    0.003924    2.516397
36.080    0.004088    2.516430
36.230    0.004271    2.516465
36.380    0.004476    2.516502
36.520    0.004691    2.516539
36.670    0.004951    2.516579
36.820    0.005249    2.516621
36.970    0.005592    2.516666
37.120    0.005992    2.516714
37.260    0.006430    2.516764
37.410    0.006987    2.516820
37.560    0.007665    2.516880
37.710    0.008509    2.516946
37.850    0.009506    2.517020
38.000    0.010905    2.517105
38.150    0.012839    2.517204
38.300    0.015676    2.517325
38.450    0.020202    2.517480
38.590    0.027612    2.517691
38.740    0.044260    2.518028
38.890    0.092888    2.518733
39.040    0.349185    2.521371
39.190    0.710987    2.526723
39.330    0.250997    2.528606
39.480    0.115394    2.529468
39.630    0.060593    2.529919
39.780    0.044383    2.530248
39.920    0.043273    2.530568
40.070    0.049473    2.530932
40.220    0.064974    2.531409
40.370    0.101448    2.532150
40.520    0.208665    2.533669
40.660    0.497995    2.537282
40.810    1.288306    2.546595
40.960    2.393501    2.563834
41.110    0.813824    2.569673
41.260    0.403836    2.572561
41.400    0.253794    2.574369
41.550    0.160685    2.575510
41.700    0.112071    2.576303
41.850    0.099983    2.577008
41.990    0.125150    2.577887
42.140    0.248228    2.579625
42.290    0.865130    2.585659
42.440    1.179896    2.593861
42.590    0.891772    2.600038
42.730    0.629451    2.604383
42.880    0.554404    2.608197
43.030    0.420783    2.611082
43.180    0.408985    2.613876
43.330    0.474873    2.617109
43.470    0.563729    2.620935
43.620    0.680631    2.625538
43.770    0.461668    2.628650
43.920    0.517681    2.632127
44.070    0.995202    2.638789
44.210    2.750062    2.657139
44.360    2.742623    2.675378
44.510    1.709845    2.686710
44.660    1.021771    2.693459
44.800    0.779938    2.698595
44.950    0.930291    2.704700
45.100    0.749594    2.709604
45.250    0.249055    2.711227
45.400    0.206298    2.712568
45.540    0.496543    2.715784
45.690    0.552825    2.719354
45.840    0.342674    2.721559
45.990    0.202570    2.722858
46.140    0.142272    2.723768
46.280    0.138031    2.724648
46.430    0.142603    2.725554
46.580    0.216671    2.726926
46.730    0.327129    2.728991
46.870    0.425149    2.731667
47.020    0.410843    2.734245
47.170    0.129953    2.735057
47.320    0.051350    2.735377
47.470    0.030675    2.735568
47.610    0.022248    2.735706
47.760    0.017238    2.735812
47.910    0.014109    2.735899
48.060    0.011963    2.735973
48.210    0.010392    2.736036
48.350    0.009260    2.736093
48.500    0.008290    2.736143
48.650    0.007501    2.736189
48.800    0.006845    2.736230
48.940    0.006324    2.736268
49.090    0.005843    2.736303
49.240    0.005425    2.736336
49.390    0.005060    2.736366
49.540    0.004736    2.736394
49.680    0.004467    2.736421
49.830    0.004207    2.736446
49.980    0.003973    2.736469
50.130    0.003762    2.736491
50.280    0.003569    2.736512
50.420    0.003405    2.736532
50.570    0.003243    2.736551
50.720    0.003093    2.736569
50.870    0.002956    2.736586
51.020    0.002829    2.736603
51.160    0.002718    2.736618
51.310    0.002608    2.736633
51.460    0.002506    2.736648
51.610    0.002410    2.736661
51.750    0.002326    2.736675
51.900    0.002242    2.736687
52.050    0.002162    2.736700
52.200    0.002088    2.736711
52.350    0.002018    2.736723
52.490    0.001956    2.736734
52.640    0.001893    2.736744
52.790    0.001833    2.736755
52.940    0.001777    2.736764
53.090    0.001724    2.736774
53.230    0.001677    2.736783
53.380    0.001628    2.736792
53.530    0.001582    2.736801
53.680    0.001539    2.736810
53.820    0.001500    2.736818
53.970    0.001460    2.736826
54.120    0.001422    2.736833
54.270    0.001385    2.736841
54.420    0.001350    2.736848
54.560    0.001319    2.736855
54.710    0.001287    2.736862
54.860    0.001256    2.736869
55.010    0.001227    2.736876
55.160    0.001199    2.736882
55.300    0.001173    2.736888
55.450    0.001147    2.736895
55.600    0.001122    2.736900
55.750    0.001098    2.736906
55.890    0.001076    2.736912
56.040    0.001053    2.736917
56.190    0.001031    2.736923
56.340    0.001010    2.736928
56.490    0.000990    2.736933
56.630    0.000972    2.736938
56.780    0.000953    2.736943
56.930    0.000935    2.736948
57.080    0.000917    2.736953
57.230    0.000900    2.736958
57.370    0.000884    2.736962
57.520    0.000868    2.736967
57.670    0.000852    2.736971
57.820    0.000837    2.736975
57.960    0.000824    2.736979
58.110    0.000809    2.736984
58.260    0.000795    2.736988
58.410    0.000782    2.736992
58.560    0.000769    2.736995
58.700    0.000757    2.736999
58.850    0.000745    2.737003
59.000    0.000733    2.737007
