-0.099  0.000000
-0.098  0.177377
-0.097  0.174924
-0.096  0.171694
-0.095  0.177890
-0.094  0.173076
-0.093  0.174846
-0.092  0.175813
-0.091  0.173890
-0.090  0.176065
-0.089  0.176177
-0.088  0.176166
-0.087  0.176304
-0.086  0.178616
-0.085  0.177603
-0.084  0.178224
-0.083  0.177827
-0.082  0.179499
-0.081  0.178892
-0.080  0.180073
-0.079  0.179523
-0.078  0.180016
-0.077  0.180446
-0.076  0.180709
-0.075  0.181739
-0.074  0.181480
-0.073  0.181840
-0.072  0.182790
-0.071  0.182385
-0.070  0.183150
-0.069  0.184239
-0.068  0.183737
-0.067  0.184292
-0.066  0.184516
-0.065  0.184618
-0.064  0.185313
-0.063  0.186264
-0.062  0.186317
-0.061  0.186459
-0.060  0.187183
-0.059  0.186949
-0.058  0.187438
-0.057  0.188157
-0.056  0.188992
-0.055  0.189136
-0.054  0.189355
-0.053  0.189443
-0.052  0.189688
-0.051  0.190179
-0.050  0.190851
-0.049  0.191591
-0.048  0.192344
-0.047  0.192196
-0.046  0.192459
-0.045  0.192471
-0.044  0.192927
-0.043  0.193509
-0.042  0.194149
-0.041  0.194875
-0.040  0.195335
-0.039  0.195447
-0.038  0.195491
-0.037  0.195805
-0.036  0.196200
-0.035  0.196790
-0.034  0.197412
-0.033  0.198067
-0.032  0.198781
-0.031  0.198872
-0.030  0.198862
-0.029  0.199163
-0.028  0.199626
-0.027  0.200116
-0.026  0.200670
-0.025  0.201301
-0.024  0.201938
-0.023  0.202615
-0.022  0.202511
-0.021  0.202699
-0.020  0.203073
-0.019  0.203544
-0.018  0.204074
-0.017  0.204623
-0.016  0.205199
-0.015  0.205825
-0.014  0.206461
-0.013  0.206501
-0.012  0.206732
-0.011  0.207126
-0.010  0.207574
-0.009  0.208091
-0.008  1.066030
-0.007  1.130279
-0.006  1.129172
-0.005  1.151271
-0.004  1.154941
-0.003  1.152042
-0.002  1.160840
-0.001  1.155252
 0.000  1.161503
 0.001  1.160297
 0.002  1.165344
 0.003  1.170504
 0.004  1.168242
 0.005  1.174094
 0.006  1.180465
 0.007  1.175239
 0.008  1.180053
 0.009  1.184527
 0.010  1.183727
 0.011  1.187870
 0.012  1.192250
 0.013  1.191711
 0.014  1.196112
 0.015  1.199473
 0.016  1.200372
 0.017  1.201062
 0.018  1.205333
 0.019  1.211880
 0.020  1.210525
 0.021  1.211450
 0.022  1.214714
 0.023  1.220308
 0.024  1.224695
 0.025  1.224584
 0.026  1.225240
 0.027  1.229256
 0.028  1.233479
 0.029  1.237552
 0.030  1.238483
 0.031  1.239489
 0.032  1.243267
 0.033  1.246501
 0.034  1.250868
 0.035  1.252354
 0.036  1.255795
 0.037  1.258007
 0.038  1.260562
 0.039  1.264520
 0.040  1.267000
 0.041  1.269553
 0.042  1.273536
 0.043  1.275764
 0.044  1.278890
 0.045  1.283101
 0.046  1.284576
 0.047  1.287847
 0.048  1.291027
 0.049  1.295039
 0.050  1.298487
 0.051  1.302196
 0.052  1.303354
 0.053  1.306228
 0.054  1.309718
 0.055  1.313773
 0.056  1.318174
 0.057  1.322785
 0.058  1.323566
 0.059  1.326127
 0.060  1.329603
 0.061  1.333540
 0.062  1.337712
 0.063  1.342127
 0.064  1.344994
 0.065  1.347722
 0.066  1.350621
 0.067  1.354327
 0.068  1.358296
 0.069  1.362557
 0.070  1.366715
 0.071  1.369595
 0.072  1.373178
 0.073  1.377196
 0.074  1.380332
 0.075  1.384217
 0.076  1.388910
 0.077  1.392893
 0.078  1.395951
 0.079  1.399683
 0.080  1.403741
 0.081  1.408238
 0.082  1.412603
 0.083  1.416888
 0.084  1.420788
 0.085  1.424004
 0.086  1.427650
 0.087  1.432359
 0.088  1.437381
 0.089  1.442191
 0.090  1.446972
 0.091  1.450811
 0.092  1.454266
 0.093  1.458679
 0.094  1.463419
 0.095  1.468090
 0.096  1.472781
 0.097  1.477593
 0.098  1.482466
 0.099  1.488454
 0.100  1.492544
 0.101  1.496772
 0.102  1.501292
 0.103  1.505899
 0.104  1.510606
 0.105  1.517686
 0.106  1.523175
 0.107  1.528395
 0.108  1.532479
 0.109  1.537223
 0.110  1.543234
 0.111  1.549498
 0.112  1.555250
 0.113  1.560786
 0.114  1.565959
 0.115  1.571126
 0.116  1.578290
 0.117  1.584246
 0.118  1.590017
 0.119  1.595438
 0.120  1.600839
 0.121  1.609379
 0.122  1.616588
 0.123  1.623248
 0.124  1.628480
 0.125  1.633700
 0.126  1.641863
 0.127  1.650117
 0.128  1.657153
 0.129  1.663652
 0.130  1.669699
 0.131  1.679170
 0.132  1.688662
 0.133  1.695039
 0.134  1.701718
 0.135  1.708203
 0.136  1.719601
 0.137  1.729022
 0.138  1.737246
 0.139  1.744855
 0.140  1.753070
 0.141  1.765979
 0.142  1.774405
 0.143  1.782421
 0.144  1.790453
 0.145  1.805797
 0.146  1.817033
 0.147  1.826638
 0.148  1.835609
 0.149  1.853068
 0.150  1.864752
 0.151  1.874000
 0.152  1.882778
 0.153  1.903452
 0.154  1.916874
 0.155  1.928649
 0.156  1.949093
 0.157  1.966931
 0.158  1.980903
 0.159  2.001592
 0.160  2.021204
 0.161  2.036414
 0.162  2.060112
 0.163  2.085958
 0.164  2.103768
 0.165  2.141231
 0.166  2.166806
 0.167  2.201389
 0.168  2.241892
 0.169  2.270245
 0.170  2.326443
 0.171  2.384656
 0.172  2.442389
 0.173  2.547956
 0.174  2.691441
 0.175  2.927905
 0.176  3.417032
 0.177  2.789811
 0.178  2.607327
 0.179  2.511505
 0.180  2.416044
 0.181  2.363193
 0.182  2.315180
 0.183  2.262653
 0.184  2.231026
 0.185  2.200554
 0.186  2.168686
 0.187  2.139043
 0.188  2.117242
 0.189  2.095762
 0.190  2.074697
 0.191  2.054269
 0.192  2.040191
 0.193  2.025748
 0.194  2.010668
 0.195  1.991851
 0.196  1.980616
 0.197  1.969378
 0.198  1.958006
 0.199  1.945402
 0.200  1.931925
 0.201  1.924569
 0.202  1.917286
 0.203  1.909609
 0.204  1.901351
 0.205  1.891718
 0.206  1.882769
 0.207  1.876316
 0.208  1.869725
 0.209  1.863391
 0.210  1.856489
 0.211  1.849449
 0.212  1.844326
 0.213  1.840629
 0.214  1.836497
 0.215  1.832027
 0.216  1.827103
 0.217  1.821178
 0.218  1.816063
 0.219  1.812453
 0.220  1.808674
 0.221  1.805597
 0.222  1.803435
 0.223  1.800870
 0.224  1.796004
 0.225  1.794074
 0.226  1.792015
 0.227  1.790432
 0.228  1.788253
 0.229  1.785724
 0.230  1.782879
 0.231  1.778497
 0.232  1.778634
 0.233  1.778809
 0.234  1.778334
 0.235  1.777465
 0.236  1.777017
 0.237  1.775816
 0.238  1.772722
 0.239  1.772241
 0.240  1.771587
 0.241  1.772314
 0.242  1.773701
 0.243  1.773801
 0.244  1.774060
 0.245  1.774389
 0.246  1.773705
 0.247  1.774550
 0.248  1.775154
 0.249  1.775581
 0.250  1.776798
 0.251  1.779613
 0.252  1.781793
 0.253  1.782571
 0.254  1.783410
 0.255  1.785206
 0.256  1.787145
 0.257  1.788843
 0.258  1.790317
 0.259  1.793284
 0.260  1.797553
 0.261  1.800349
 0.262  1.802564
 0.263  1.806493
 0.264  1.809770
 0.265  1.812502
 0.266  1.814760
 0.267  1.818191
 0.268  1.823928
 0.269  1.829290
 0.270  1.832388
 0.271  1.836707
 0.272  1.842197
 0.273  1.846897
 0.274  1.850955
 0.275  1.857539
 0.276  1.865595
 0.277  1.872553
 0.278  1.877557
 0.279  1.881696
 0.280  1.887244
 0.281  1.893722
 0.282  1.902726
 0.283  1.913207
 0.284  1.924053
 0.285  1.932535
 0.286  1.939925
 0.287  1.946285
 0.288  1.952404
 0.289  1.965149
 0.290  1.980995
 0.291  1.993414
 0.292  2.004407
 0.293  2.014771
 0.294  2.024257
 0.295  2.041356
 0.296  2.060684
 0.297  2.076040
 0.298  2.091193
 0.299  2.104899
 0.300  2.127683
 0.301  2.154164
 0.302  2.177542
 0.303  2.196818
 0.304  2.221528
 0.305  2.252075
 0.306  2.291122
 0.307  2.321621
 0.308  2.365505
 0.309  2.425842
 0.310  2.475448
 0.311  2.548760
 0.312  2.659444
 0.313  2.791821
 0.314  3.046757
 0.315  3.270750
 0.316  2.848851
 0.317  2.692724
 0.318  2.583852
 0.319  2.506389
 0.320  2.452168
 0.321  2.398196
 0.322  2.351453
 0.323  2.320151
 0.324  2.282052
 0.325  2.256810
 0.326  2.225519
 0.327  2.205176
 0.328  2.177870
 0.329  2.160314
 0.330  2.141582
 0.331  2.124373
 0.332  2.110322
 0.333  2.091838
 0.334  2.078987
 0.335  2.064425
 0.336  2.049783
 0.337  2.038501
 0.338  2.027127
 0.339  2.018216
 0.340  2.009665
 0.341  1.999279
 0.342  1.989727
 0.343  1.980851
 0.344  1.970659
 0.345  1.960520
 0.346  1.956024
 0.347  1.950296
 0.348  1.943980
 0.349  1.938592
 0.350  1.932276
 0.351  1.925127
 0.352  1.919810
 0.353  1.916901
 0.354  1.911612
 0.355  1.906451
 0.356  1.904226
 0.357  1.900150
 0.358  1.895305
 0.359  1.891530
 0.360  1.892124
 0.361  1.889752
 0.362  1.886980
 0.363  1.884810
 0.364  1.883853
 0.365  1.879711
 0.366  1.879627
 0.367  1.882038
 0.368  1.882776
 0.369  1.881420
 0.370  1.880826
 0.371  1.880385
 0.372  1.882108
 0.373  1.886232
 0.374  1.888290
 0.375  1.889507
 0.376  1.892268
 0.377  1.893007
 0.378  1.894268
 0.379  1.902623
 0.380  1.909801
 0.381  1.915458
 0.382  1.919737
 0.383  1.923984
 0.384  1.930862
 0.385  1.942195
 0.386  1.948563
 0.387  1.958069
 0.388  1.967217
 0.389  1.977729
 0.390  1.996611
 0.391  2.010740
 0.392  2.025096
 0.393  2.041463
 0.394  2.062967
 0.395  2.092426
 0.396  2.116398
 0.397  2.146866
 0.398  2.183181
 0.399  2.234943
 0.400  2.308052
 0.401  2.388837
 0.402  2.544477
 0.403  2.801073
 0.404  2.433695
 0.405  2.299164
 0.406  2.223352
 0.407  2.175686
 0.408  2.172698
 0.409  2.171868
 0.410  2.171773
 0.411  2.183351
 0.412  2.212895
 0.413  2.224475
 0.414  2.209934
 0.415  2.221109
 0.416  2.223712
 0.417  2.239681
 0.418  2.246132
 0.419  2.252491
 0.420  2.262953
 0.421  2.269195
 0.422  2.280522
 0.423  2.286694
 0.424  2.293041
 0.425  2.303583
 0.426  2.316944
 0.427  2.327839
 0.428  2.331358
 0.429  2.337879
 0.430  2.347231
 0.431  2.374861
 0.432  2.381447
 0.433  2.387055
 0.434  2.395199
 0.435  2.404150
 0.436  2.429857
 0.437  2.440178
 0.438  2.448615
 0.439  2.459717
 0.440  2.488879
 0.441  2.497539
 0.442  2.507690
 0.443  2.522493
 0.444  2.539637
 0.445  2.564955
 0.446  2.579111
 0.447  2.591610
 0.448  2.611330
 0.449  2.641089
 0.450  2.655513
 0.451  2.675523
 0.452  2.701636
 0.453  2.731320
 0.454  2.753641
 0.455  2.777164
 0.456  2.819349
 0.457  2.842884
 0.458  2.873106
 0.459  2.911742
 0.460  2.951228
 0.461  2.989518
 0.462  3.038368
 0.463  3.090780
 0.464  3.144016
 0.465  3.216591
 0.466  3.284796
 0.467  3.365553
 0.468  3.470197
 0.469  3.592581
 0.470  3.750277
 0.471  3.962958
 0.472  4.304412
 0.473  5.093932
 0.474  4.981041
 0.475  4.383481
 0.476  4.100534
 0.477  3.915901
 0.478  3.779055
 0.479  0.785875
 0.480  0.793120
 0.481  0.799905
 0.482  0.806059
 0.483  0.812317
 0.484  0.818403
 0.485  0.826534
 0.486  0.834066
 0.487  0.841003
 0.488  0.847580
 0.489  0.853948
 0.490  0.861875
 0.491  0.868965
 0.492  0.875808
 0.493  0.882758
 0.494  0.889256
 0.495  0.897453
 0.496  0.905383
 0.497  0.912555
 0.498  0.919353
 0.499  0.926653
 0.500  0.935550
 0.501  0.943360
 0.502  0.950685
 0.503  0.957707
 0.504  0.964605
 0.505  0.974606
 0.506  0.982721
 0.507  0.990884
 0.508  0.998580
 0.509  1.005941
 0.510  1.016304
 0.511  1.025190
 0.512  1.033332
 0.513  1.041030
 0.514  1.049835
 0.515  1.059005
 0.516  1.068341
 0.517  1.077062
 0.518  1.085726
 0.519  1.096549
 0.520  1.106086
 0.521  1.115557
 0.522  1.125144
 0.523  1.133965
 0.524  1.145811
 0.525  1.155492
 0.526  1.164705
 0.527  1.175145
 0.528  1.187151
 0.529  1.198476
 0.530  1.208748
 0.531  1.218477
 0.532  1.231327
 0.533  1.243942
 0.534  1.255081
 0.535  1.265623
 0.536  1.277009
 0.537  1.292293
 0.538  1.304499
 0.539  1.315925
 0.540  1.327304
 0.541  1.344868
 0.542  1.358532
 0.543  1.371141
 0.544  1.384951
 0.545  1.401515
 0.546  1.416310
 0.547  1.429803
 0.548  1.446563
 0.549  1.462966
 0.550  1.478899
 0.551  1.493868
 0.552  1.514189
 0.553  1.532119
 0.554  1.549303
 0.555  1.570341
 0.556  1.588676
 0.557  1.608371
 0.558  1.631077
 0.559  1.651881
 0.560  1.672433
 0.561  1.698131
 0.562  1.721792
 0.563  1.743613
 0.564  1.774510
 0.565  1.799755
 0.566  1.824259
 0.567  1.859878
 0.568  1.886996
 0.569  1.923502
 0.570  1.956689
 0.571  1.992232
 0.572  2.033551
 0.573  2.072162
 0.574  2.121081
 0.575  2.166591
 0.576  2.221045
 0.577  2.277790
 0.578  2.338919
 0.579  2.410136
 0.580  2.489853
 0.581  2.577462
 0.582  2.682784
 0.583  2.817292
 0.584  2.985590
 0.585  3.210486
 0.586  3.645477
 0.587  5.378378
 0.588  3.583138
 0.589  3.224175
 0.590  3.003655
 0.591  2.897273
 0.592  2.756579
 0.593  2.691896
 0.594  2.594769
 0.595  2.547025
 0.596  2.483614
 0.597  2.431053
 0.598  2.395087
 0.599  2.350562
 0.600  2.309294
 0.601  2.281241
 0.602  2.248355
 0.603  2.217049
 0.604  2.190965
 0.605  2.165097
 0.606  2.145864
 0.607  2.116852
 0.608  2.096651
 0.609  2.080530
 0.610  2.064586
 0.611  2.043332
 0.612  2.021290
 0.613  2.010141
 0.614  1.997598
 0.615  1.982351
 0.616  1.959995
 0.617  1.951382
 0.618  1.941753
 0.619  1.930539
 0.620  1.914529
 0.621  1.900020
 0.622  1.892471
 0.623  1.883977
 0.624  1.873758
 0.625  1.862631
 0.626  1.852095
 0.627  1.843081
 0.628  1.835977
 0.629  1.826103
 0.630  1.819647
 0.631  1.812057
 0.632  1.800467
 0.633  1.794222
 0.634  1.786425
 0.635  1.781176
 0.636  1.775336
 0.637  1.769204
 0.638  1.758431
 0.639  1.752306
 0.640  1.748328
 0.641  1.743939
 0.642  1.738964
 0.643  1.733055
 0.644  1.725053
 0.645  1.718398
 0.646  1.714836
 0.647  1.711571
 0.648  1.707455
 0.649  1.701699
 0.650  1.697620
 0.651  1.692030
 0.652  1.687014
 0.653  1.683638
 0.654  1.679473
 0.655  1.675581
 0.656  1.672210
 0.657  1.668964
 0.658  1.664410
 0.659  1.659513
 0.660  1.656025
 0.661  1.653776
 0.662  1.651309
 0.663  1.648484
 0.664  1.645183
 0.665  1.640660
 0.666  1.635456
 0.667  1.634015
 0.668  1.632358
 0.669  1.630315
 0.670  1.627842
 0.671  1.624556
 0.672  1.622092
 0.673  1.618735
 0.674  1.615240
 0.675  1.613426
 0.676  1.611235
 0.677  1.609370
 0.678  1.608038
 0.679  1.606316
 0.680  1.604171
 0.681  1.601082
 0.682  1.597783
 0.683  1.596343
 0.684  1.595060
 0.685  1.593633
 0.686  1.592017
 0.687  1.590692
 0.688  1.588508
 0.689  1.586481
 0.690  1.583971
 0.691  1.582930
 0.692  1.581723
 0.693  1.580406
 0.694  1.578717
 0.695  1.577521
 0.696  1.576111
 0.697  1.574978
 0.698  1.572360
 0.699  1.571465
 0.700  1.570382
 0.701  1.569634
 0.702  1.568751
 0.703  1.567738
 0.704  1.566553
 0.705  1.565013
 0.706  1.563116
 0.707  1.561841
 0.708  1.561387
 0.709  1.560760
 0.710  1.559934
 0.711  1.558932
 0.712  1.558053
 0.713  1.557167
 0.714  1.556064
 0.715  1.554471
 0.716  1.553298
 0.717  1.552758
 0.718  1.552386
 0.719  1.551880
 0.720  1.551284
 0.721  1.550551
 0.722  1.549650
 0.723  1.548426
 0.724  1.547072
 0.725  1.545735
 0.726  1.545744
 0.727  1.545347
 0.728  1.544723
 0.729  1.544004
 0.730  1.543416
 0.731  1.542705
 0.732  1.541834
 0.733  1.540652
 0.734  1.539128
 0.735  1.538808
 0.736  1.538558
 0.737  1.538128
 0.738  1.537579
 0.739  1.536895
 0.740  1.536035
 0.741  1.535125
 0.742  1.534130
 0.743  1.532539
 0.744  1.531923
 0.745  1.531659
 0.746  1.530801
 0.747  1.530252
 0.748  1.529609
 0.749  1.528856
 0.750  1.527974
 0.751  1.526896
 0.752  1.525324
 0.753  1.524200
 0.754  1.523810
 0.755  1.523184
 0.756  1.522402
 0.757  1.521433
 0.758  1.520269
 0.759  1.519371
 0.760  1.518346
 0.761  1.517122
 0.762  1.515405
 0.763  1.514380
 0.764  1.513259
 0.765  1.512414
 0.766  1.511472
 0.767  1.510388
 0.768  1.509150
 0.769  1.507539
 0.770  1.506104
 0.771  1.504751
 0.772  1.503243
 0.773  1.502176
 0.774  1.500828
 0.775  1.498777
 0.776  1.497681
 0.777  1.496476
 0.778  1.495128
 0.779  1.493606
 0.780  1.491806
 0.781  1.489134
 0.782  1.487682
 0.783  1.486424
 0.784  1.485021
 0.785  1.483439
 0.786  1.481560
 0.787  1.478896
 0.788  1.477537
 0.789  1.476048
 0.790  1.474386
 0.791  1.472242
 0.792  1.470108
 0.793  1.467109
 0.794  1.465717
 0.795  1.464206
 0.796  1.462532
 0.797  1.460651
 0.798  1.458434
 0.799  1.454896
 0.800  1.453285
 0.801  1.451312
 0.802  1.449592
 0.803  1.447678
 0.804  1.445456
 0.805  1.442400
 0.806  1.439951
 0.807  1.438427
 0.808  1.436760
 0.809  1.434877
 0.810  1.432428
 0.811  1.429423
 0.812  1.425820
 0.813  1.424334
 0.814  1.422729
 0.815  1.420975
 0.816  1.418980
 0.817  1.416642
 0.818  1.413323
 0.819  1.410431
 0.820  1.408727
 0.821  1.406896
 0.822  1.405082
 0.823  1.403055
 0.824  1.400623
 0.825  1.396662
 0.826  1.394782
 0.827  1.393473
 0.828  1.392030
 0.829  1.390002
 0.830  1.387884
 0.831  1.385390
 0.832  1.381805
 0.833  1.379366
 0.834  1.378182
 0.835  1.376883
 0.836  1.375423
 0.837  1.373805
 0.838  1.371778
 0.839  1.368719
 0.840  1.364930
 0.841  1.363888
 0.842  1.362808
 0.843  1.361624
 0.844  1.360287
 0.845  1.358746
 0.846  1.356850
 0.847  1.354022
 0.848  1.351136
 0.849  1.350186
 0.850  1.349267
 0.851  1.348278
 0.852  1.347144
 0.853  1.345823
 0.854  1.344200
 0.855  1.341804
 0.856  1.339058
 0.857  1.338717
 0.858  1.338001
 0.859  1.337261
 0.860  1.336495
 0.861  1.335618
 0.862  1.334485
 0.863  1.332923
 0.864  1.329256
 0.865  1.329268
 0.866  1.329234
 0.867  1.329154
 0.868  1.328725
 0.869  1.328297
 0.870  1.327818
 0.871  1.327147
 0.872  1.326016
 0.873  1.322869
 0.874  1.323291
 0.875  1.323686
 0.876  1.324059
 0.877  1.324387
 0.878  1.324483
 0.879  1.324567
 0.880  1.324604
 0.881  1.324324
 0.882  1.323287
 0.883  1.322064
 0.884  1.323038
 0.885  1.324009
 0.886  1.324963
 0.887  1.325881
 0.888  1.326845
 0.889  1.327727
 0.890  1.328610
 0.891  1.329045
 0.892  1.328823
 0.893  1.328566
 0.894  1.330327
 0.895  1.332101
 0.896  1.333921
 0.897  1.335909
 0.898  1.338010
 0.899  1.340072
 0.900  1.342124
 0.901  1.343858
 0.902  1.345264
 0.903  1.345241
 0.904  1.348210
 0.905  1.351226
 0.906  1.354343
 0.907  1.358286
 0.908  1.362037
 0.909  1.365878
 0.910  1.369659
 0.911  1.373300
 0.912  1.376980
 0.913  1.380520
 0.914  1.382645
 0.915  1.387776
 0.916  1.394482
 0.917  1.400836
 0.918  1.407491
 0.919  1.414374
 0.920  1.421255
 0.921  1.428504
 0.922  1.435996
 0.923  1.443873
 0.924  1.453386
 0.925  1.463609
 0.926  1.473402
 0.927  1.485843
 0.928  1.499535
 0.929  1.513712
 0.930  1.529364
 0.931  1.546574
 0.932  1.569538
 0.933  1.594300
 0.934  1.621745
 0.935  1.654124
 0.936  1.693308
 0.937  1.742482
 0.938  1.810305
 0.939  1.927488
 0.940  2.182487
 0.941  2.090585
 0.942  1.873280
 0.943  1.784963
 0.944  1.697007
 0.945  1.631914
 0.946  1.586202
 0.947  1.545356
 0.948  1.505116
 0.949  1.476281
 0.950  1.449302
 0.951  1.417638
 0.952  1.400614
 0.953  1.376756
 0.954  1.360982
 0.955  1.339735
 0.956  1.327061
 0.957  1.306388
 0.958  1.295211
 0.959  1.275756
 0.960  1.266298
 0.961  1.254443
 0.962  1.238835
 0.963  1.230055
 0.964  1.217002
 0.965  1.205114
 0.966  1.196837
 0.967  1.186196
 0.968  1.175649
 0.969  1.168747
 0.970  1.159784
 0.971  1.148787
 0.972  1.142806
 0.973  1.135716
 0.974  1.123984
 0.975  1.118289
 0.976  1.111820
 0.977  1.104002
 0.978  1.093180
 0.979  1.088248
 0.980  1.082922
 0.981  1.076617
 0.982  1.068438
 0.983  1.063915
 0.984  1.058743
 0.985  1.052784
 0.986  1.044544
 0.987  1.040133
 0.988  1.035595
 0.989  1.030508
 0.990  1.024589
 0.991  1.017874
 0.992  1.013128
 0.993  1.008129
 0.994  1.003386
 0.995  0.997057
 0.996  0.992735
 0.997  0.989167
 0.998  0.985902
 0.999  0.981424
 1.000  0.975869
 1.001  0.971006
 1.002  0.967426
 1.003  0.963647
 1.004  0.959710
 1.005  0.954924
 1.006  0.949823
 1.007  0.946040
 1.008  0.942192
 1.009  0.938741
 1.010  0.934915
 1.011  0.930306
 1.012  0.926608
 1.013  0.923964
 1.014  0.921493
 1.015  0.918007
 1.016  0.914280
 1.017  0.909166
 1.018  0.906079
 1.019  0.903201
 1.020  0.900221
 1.021  0.897266
 1.022  0.893938
 1.023  0.889055
 1.024  0.885562
 1.025  0.883051
 1.026  0.880516
 1.027  0.877934
 1.028  0.875193
 1.029  0.872659
 1.030  0.868393
 1.031  0.865824
 1.032  0.863265
 1.033  0.860608
 1.034  0.857977
 1.035  0.855126
 1.036  0.852136
 1.037  0.848776
 1.038  0.846050
 1.039  0.843123
 1.040  0.840982
 1.041  0.838492
 1.042  0.836051
 1.043  0.833502
 1.044  0.830497
 1.045  0.828236
 1.046  0.825941
 1.047  0.823611
 1.048  0.821330
 1.049  0.819087
 1.050  0.817027
 1.051  0.813655
 1.052  0.811569
 1.053  0.809341
 1.054  0.806920
 1.055  0.804150
 1.056  0.802168
 1.057  0.800691
 1.058  0.797878
 1.059  0.794794
 1.060  0.792837
 1.061  0.790988
 1.062  0.789218
 1.063  0.787851
 1.064  0.786245
 1.065  0.783853
 1.066  0.781051
 1.067  0.778295
 1.068  0.776488
 1.069  0.774933
 1.070  0.773424
 1.071  0.771039
 1.072  0.768404
 1.073  0.766357
 1.074  0.764300
 1.075  0.762420
 1.076  0.761452
 1.077  0.759424
 1.078  0.757429
 1.079  0.755491
 1.080  0.753758
 1.081  0.752783
 1.082  0.750597
 1.083  0.747560
 1.084  0.745802
 1.085  0.744284
 1.086  0.743332
 1.087  0.742297
 1.088  0.739882
 1.089  0.737344
 1.090  0.735383
 1.091  0.733565
 1.092  0.732366
 1.093  0.730435
 1.094  0.728684
 1.095  0.727196
 1.096  0.726252
 1.097  0.725794
 1.098  0.723491
 1.099  0.721196
 1.100  0.719016
 1.101  0.716954
 1.102  0.716693
 1.103  0.714602
 1.104  0.713054
 1.105  0.711770
 1.106  0.710652
 1.107  0.709003
 1.108  0.706703
 1.109  0.704597
 1.110  0.702780
 1.111  0.702613
 1.112  0.700674
 1.113  0.699749
 1.114  0.698393
 1.115  0.697881
 1.116  0.695266
 1.117  0.693227
 1.118  0.692344
 1.119  0.691442
 1.120  0.689797
 1.121  0.687810
 1.122  0.688312
 1.123  0.685043
 1.124  0.682623
 1.125  0.683223
 1.126  0.682343
 1.127  0.679821
 1.128  0.679282
 1.129  0.676581
 1.130  0.673762
 1.131  0.676585
 1.132  0.674221
 1.133  0.671305
 1.134  0.670912
 1.135  0.667402
 1.136  0.672072
 1.137  0.666246
 1.138  0.665855
 1.139  0.661781
 1.140  0.663690
 1.141  0.662667
 1.142  0.673254
 1.143  0.661832
 1.144  0.572713
 1.145  0.392711
 1.146  0.391793
 1.147  0.390856
 1.148  0.389783
 1.149  0.388403
 1.150  0.387655
 1.151  0.386886
 1.152  0.386099
 1.153  0.385305
 1.154  0.384499
 1.155  0.383631
 1.156  0.382752
 1.157  0.381795
 1.158  0.380780
 1.159  0.379496
 1.160  0.378371
 1.161  0.377678
 1.162  0.376979
 1.163  0.376251
 1.164  0.375490
 1.165  0.374728
 1.166  0.373942
 1.167  0.373115
 1.168  0.372240
 1.169  0.371257
 1.170  0.370117
 1.171  0.369438
 1.172  0.368734
 1.173  0.368018
 1.174  0.367293
 1.175  0.366551
 1.176  0.365753
 1.177  0.364929
 1.178  0.363954
 1.179  0.363116
 1.180  0.362081
 1.181  0.361220
 1.182  0.360591
 1.183  0.359957
 1.184  0.359307
 1.185  0.358621
 1.186  0.357929
 1.187  0.357231
 1.188  0.356485
 1.189  0.355724
 1.190  0.354854
 1.191  0.353717
 1.192  0.353101
 1.193  0.352468
 1.194  0.351811
 1.195  0.351138
 1.196  0.350423
 1.197  0.349719
 1.198  0.349048
 1.199  0.348372
 1.200  0.347620
 1.201  0.346830
 1.202  0.345769
 1.203  0.345195
 1.204  0.344619
 1.205  0.344040
 1.206  0.343442
 1.207  0.342815
 1.208  0.342184
 1.209  0.341544
 1.210  0.340863
 1.211  0.340169
 1.212  0.339373
 1.213  0.338333
 1.214  0.337753
 1.215  0.337139
 1.216  0.336574
 1.217  0.336007
 1.218  0.335437
 1.219  0.334852
 1.220  0.334240
 1.221  0.333624
 1.222  0.332955
 1.223  0.332264
 1.224  0.331407
 1.225  0.330701
 1.226  0.330174
 1.227  0.329645
 1.228  0.329108
 1.229  0.328543
 1.230  0.327965
 1.231  0.327385
 1.232  0.326771
 1.233  0.326117
 1.234  0.325457
 1.235  0.324740
 1.236  0.323928
 1.237  0.323430
 1.238  0.322920
 1.239  0.322401
 1.240  0.321880
 1.241  0.321357
 1.242  0.320808
 1.243  0.320247
 1.244  0.319681
 1.245  0.319054
 1.246  0.318397
 1.247  0.317516
 1.248  0.317035
 1.249  0.316553
 1.250  0.316068
 1.251  0.315574
 1.252  0.315054
 1.253  0.314532
 1.254  0.314009
 1.255  0.313457
 1.256  0.312896
 1.257  0.312286
 1.258  0.311609
 1.259  0.310896
 1.260  0.310438
 1.261  0.309969
 1.262  0.309494
 1.263  0.309016
 1.264  0.308538
 1.265  0.308039
 1.266  0.307527
 1.267  0.307015
 1.268  0.306451
 1.269  0.305880
 1.270  0.305061
 1.271  0.304615
 1.272  0.304168
 1.273  0.303720
 1.274  0.303268
 1.275  0.302795
 1.276  0.302315
 1.277  0.301835
 1.278  0.301336
 1.279  0.300823
 1.280  0.300286
 1.281  0.299689
 1.282  0.298964
 1.283  0.298547
 1.284  0.298126
 1.285  0.297696
 1.286  0.297267
 1.287  0.296845
 1.288  0.296440
 1.289  0.295971
 1.290  0.295488
 1.291  0.294976
 1.292  0.294440
 1.293  0.293822
 1.294  0.293192
 1.295  0.292781
 1.296  0.292369
 1.297  0.291956
 1.298  0.291530
 1.299  0.291093
 1.300  0.290655
 1.301  0.290217
 1.302  0.289753
 1.303  0.289287
 1.304  0.288776
 1.305  0.288175
 1.306  0.287707
 1.307  0.287346
 1.308  0.286932
 1.309  0.286514
 1.310  0.286096
 1.311  0.285678
 1.312  0.285241
 1.313  0.284796
 1.314  0.284351
 1.315  0.283863
 1.316  0.283374
 1.317  0.282651
 1.318  0.282278
 1.319  0.281905
 1.320  0.281535
 1.321  0.281165
 1.322  0.280785
 1.323  0.280410
 1.324  0.280071
 1.325  0.279692
 1.326  0.279237
 1.327  0.278777
 1.328  0.278256
 1.329  0.277587
 1.330  0.277214
 1.331  0.276840
 1.332  0.276457
 1.333  0.276074
 1.334  0.275693
 1.335  0.275310
 1.336  0.274909
 1.337  0.274510
 1.338  0.274102
 1.339  0.273669
 1.340  0.273216
 1.341  0.272646
 1.342  0.272418
 1.343  0.272063
 1.344  0.271687
 1.345  0.271305
 1.346  0.270911
 1.347  0.270516
 1.348  0.270122
 1.349  0.269713
 1.350  0.269296
 1.351  0.268863
 1.352  0.268388
 1.353  0.267814
 1.354  0.267479
 1.355  0.267144
 1.356  0.266808
 1.357  0.266479
 1.358  0.266163
 1.359  0.265866
 1.360  0.265616
 1.361  0.265208
 1.362  0.264782
 1.363  0.264341
 1.364  0.263850
 1.365  0.263309
 1.366  0.262964
 1.367  0.262620
 1.368  0.262276
 1.369  0.261925
 1.370  0.261568
 1.371  0.261217
 1.372  0.260868
 1.373  0.260504
 1.374  0.260144
 1.375  0.259767
 1.376  0.259379
 1.377  0.259076
 1.378  0.258728
 1.379  0.258371
 1.380  0.258013
 1.381  0.257657
 1.382  0.257302
 1.383  0.256931
 1.384  0.256560
 1.385  0.256189
 1.386  0.255795
 1.387  0.255400
 1.388  0.254929
 1.389  0.254511
 1.390  0.254215
 1.391  0.253922
 1.392  0.253644
 1.393  0.253378
 1.394  0.253211
 1.395  0.252903
 1.396  0.252524
 1.397  0.252134
 1.398  0.251743
 1.399  0.251312
 1.400  0.250774
 1.401  0.250437
 1.402  0.250119
 1.403  0.249796
 1.404  0.249481
 1.405  0.249166
 1.406  0.248854
 1.407  0.248537
 1.408  0.248230
 1.409  0.247930
 1.410  0.247649
 1.411  0.247469
 1.412  0.246951
 1.413  0.246617
 1.414  0.246284
 1.415  0.245950
 1.416  0.245613
 1.417  0.245275
 1.418  0.244938
 1.419  0.244606
 1.420  0.244259
 1.421  0.243917
 1.422  0.243553
 1.423  0.243163
 1.424  0.242782
 1.425  0.242535
 1.426  0.242311
 1.427  0.242177
 1.428  0.241979
 1.429  0.241627
 1.430  0.241270
 1.431  0.240913
 1.432  0.240553
 1.433  0.240182
 1.434  0.239797
 1.435  0.239309
 1.436  0.239017
 1.437  0.238724
 1.438  0.238443
 1.439  0.238158
 1.440  0.237890
 1.441  0.237636
 1.442  0.237406
 1.443  0.237251
 1.444  0.237059
 1.445  0.236661
 1.446  0.236233
 1.447  0.235812
 1.448  0.235495
 1.449  0.235180
 1.450  0.234869
 1.451  0.234558
 1.452  0.234253
 1.453  0.233946
 1.454  0.233650
 1.455  0.233351
 1.456  0.233063
 1.457  0.232767
 1.458  0.232465
 1.459  0.232507
 1.460  0.232173
 1.461  0.231838
 1.462  0.231498
 1.463  0.231167
 1.464  0.230839
 1.465  0.230506
 1.466  0.230175
 1.467  0.229842
 1.468  0.229498
 1.469  0.229090
 1.470  0.228837
 1.471  0.228590
 1.472  0.228376
 1.473  0.228199
 1.474  0.228158
 1.475  0.227953
 1.476  0.227600
 1.477  0.227245
 1.478  0.226880
 1.479  0.226520
 1.480  0.226080
 1.481  0.225785
 1.482  0.225495
 1.483  0.225210
 1.484  0.224942
 1.485  0.224678
 1.486  0.224437
 1.487  0.224219
 1.488  0.224053
 1.489  0.224128
 1.490  0.223733
 1.491  0.223294
 1.492  0.222965
 1.493  0.222636
 1.494  0.222324
 1.495  0.222014
 1.496  0.221708
 1.497  0.221411
 1.498  0.221117
 1.499  0.220847
 1.500  0.220578
 1.501  0.220324
 1.502  0.220103
 1.503  0.220082
 1.504  0.219973
 1.505  0.219623
 1.506  0.219281
 1.507  0.218940
 1.508  0.218604
 1.509  0.218285
 1.510  0.217967
 1.511  0.217648
 1.512  0.217314
 1.513  0.217043
 1.514  0.216817
 1.515  0.216627
 1.516  0.216497
 1.517  0.216700
 1.518  0.216332
 1.519  0.215966
 1.520  0.215607
 1.521  0.215254
 1.522  0.214894
 1.523  0.214555
 1.524  0.214259
 1.525  0.213974
 1.526  0.213706
 1.527  0.213467
 1.528  0.213260
 1.529  0.213118
 1.530  0.213109
 1.531  0.213054
 1.532  0.212672
 1.533  0.212284
 1.534  0.211941
 1.535  0.211609
 1.536  0.211283
 1.537  0.210987
 1.538  0.210692
 1.539  0.210424
 1.540  0.210178
 1.541  0.210001
 1.542  0.209893
 1.543  0.210186
 1.544  0.209793
 1.545  0.209417
 1.546  0.209043
 1.547  0.208689
 1.548  0.208353
 1.549  0.208025
 1.550  0.207734
 1.551  0.207453
 1.552  0.207222
 1.553  0.207018
 1.554  0.206914
 1.555  0.207036
 1.556  0.206922
 1.557  0.206524
 1.558  0.206138
 1.559  0.205768
 1.560  0.205437
 1.561  0.205125
 1.562  0.204853
 1.563  0.204575
 1.564  0.204327
 1.565  0.204147
 1.566  0.204107
 1.567  0.204438
 1.568  0.204004
 1.569  0.203596
 1.570  0.203237
 1.571  0.202931
 1.572  0.202576
 1.573  0.202232
 1.574  0.201940
 1.575  0.201693
 1.576  0.201519
 1.577  0.201496
 1.578  0.201913
 1.579  0.201511
 1.580  0.201120
 1.581  0.200704
 1.582  0.200307
 1.583  0.199929
 1.584  0.199603
 1.585  0.199317
 1.586  0.199121
 1.587  0.199087
 1.588  0.199474
 1.589  0.199404
 1.590  0.198888
 1.591  0.198396
 1.592  0.197988
 1.593  0.197599
 1.594  0.197288
 1.595  0.197019
 1.596  0.197065
 1.597  0.196958
 1.598  0.197597
 1.599  0.197038
 1.600  0.196513
 1.601  0.196010
 1.602  0.195605
 1.603  0.195324
 1.604  0.195250
 1.605  0.194925
 1.606  0.194819
 1.607  0.195162
 1.608  0.195040
 1.609  0.194509
 1.610  0.194015
 1.611  0.193705
 1.612  0.193509
 1.613  0.193076
 1.614  0.192820
 1.615  0.192887
 1.616  0.193504
 1.617  0.192923
 1.618  0.192527
 1.619  0.192169
 1.620  0.191615
 1.621  0.191228
 1.622  0.190946
 1.623  0.191096
 1.624  0.191792
 1.625  0.191668
 1.626  0.190835
 1.627  0.190109
 1.628  0.189562
 1.629  0.189303
 1.630  0.189458
 1.631  0.190825
 1.632  0.190166
 1.633  0.189206
 1.634  0.188386
 1.635  0.187850
 1.636  0.187787
 1.637  0.189164
 1.638  0.189152
 1.639  0.188091
 1.640  0.187066
 1.641  0.186522
 1.642  0.186640
 1.643  0.187851
 1.644  0.187637
 1.645  0.186394
 1.646  0.185397
 1.647  0.185594
 1.648  0.186273
 1.649  0.186909
 1.650  0.185023
 1.651  0.184353
 1.652  0.184998
 1.653  0.186364
 1.654  0.184812
 1.655  0.183679
 1.656  0.183846
 1.657  0.186284
 1.658  0.183505
 1.659  0.183733
 1.660  0.182551
 1.661  0.183370
 1.662  0.181640
 1.663  0.185604
 1.664  0.183601
 1.665  0.186295
 1.666  0.173283
 1.667  0.000000
