-0.099  0.000000  0.000000
-0.098  0.177092  0.000285
-0.097  0.174464  0.000460
-0.096  0.171089  0.000605
-0.095  0.177110  0.000780
-0.094  0.172173  0.000903
-0.093  0.173794  0.001052
-0.092  0.174619  0.001194
-0.091  0.172571  0.001319
-0.090  0.174594  0.001471
-0.089  0.174572  0.001605
-0.088  0.174427  0.001740
-0.087  0.174430  0.001873
-0.086  0.176586  0.002030
-0.085  0.175456  0.002147
-0.084  0.175937  0.002286
-0.083  0.175415  0.002413
-0.082  0.176933  0.002566
-0.081  0.176207  0.002685
-0.080  0.177242  0.002832
-0.079  0.176569  0.002954
-0.078  0.176926  0.003090
-0.077  0.177221  0.003225
-0.076  0.177353  0.003356
-0.075  0.178236  0.003502
-0.074  0.177853  0.003627
-0.073  0.178077  0.003762
-0.072  0.178880  0.003910
-0.071  0.178358  0.004027
-0.070  0.178980  0.004170
-0.069  0.179917  0.004322
-0.068  0.179298  0.004439
-0.067  0.179713  0.004580
-0.066  0.179805  0.004711
-0.065  0.179780  0.004839
-0.064  0.180330  0.004983
-0.063  0.181130  0.005134
-0.062  0.181053  0.005264
-0.061  0.181063  0.005396
-0.060  0.181639  0.005543
-0.059  0.181288  0.005661
-0.058  0.181637  0.005802
-0.057  0.182207  0.005950
-0.056  0.182889  0.006103
-0.055  0.182900  0.006236
-0.054  0.182985  0.006370
-0.053  0.182944  0.006499
-0.052  0.183056  0.006632
-0.051  0.183404  0.006775
-0.050  0.183927  0.006925
-0.049  0.184514  0.007078
-0.048  0.185112  0.007232
-0.047  0.184840  0.007355
-0.046  0.184967  0.007492
-0.045  0.184853  0.007618
-0.044  0.185165  0.007762
-0.043  0.185597  0.007912
-0.042  0.186085  0.008064
-0.041  0.186654  0.008221
-0.040  0.186966  0.008369
-0.039  0.186945  0.008502
-0.038  0.186861  0.008630
-0.037  0.187036  0.008770
-0.036  0.187286  0.008914
-0.035  0.187723  0.009067
-0.034  0.188189  0.009223
-0.033  0.188687  0.009380
-0.032  0.189240  0.009541
-0.031  0.189196  0.009675
-0.030  0.189060  0.009802
-0.029  0.189219  0.009944
-0.028  0.189531  0.010094
-0.027  0.189869  0.010246
-0.026  0.190268  0.010402
-0.025  0.190738  0.010563
-0.024  0.191213  0.010724
-0.023  0.191726  0.010889
-0.022  0.191498  0.011013
-0.021  0.191548  0.011151
-0.020  0.191774  0.011300
-0.019  0.192090  0.011454
-0.018  0.192462  0.011612
-0.017  0.192851  0.011772
-0.016  0.193265  0.011933
-0.015  0.193726  0.012099
-0.014  0.194196  0.012265
-0.013  0.194103  0.012398
-0.012  0.194191  0.012541
-0.011  0.194431  0.012695
-0.010  0.194723  0.012851
-0.009  0.195078  0.013013
-0.008  0.380896  0.685134
-0.007  0.395163  0.735116
-0.006  0.395396  0.733776
-0.005  0.400700  0.750571
-0.004  0.402016  0.752925
-0.003  0.401607  0.750435
-0.002  0.404008  0.756831
-0.001  0.403312  0.751940
 0.000  0.405215  0.756288
 0.001  0.405579  0.754718
 0.002  0.407266  0.758078
 0.003  0.409025  0.761479
 0.004  0.409230  0.759012
 0.005  0.411067  0.763027
 0.006  0.413039  0.767426
 0.007  0.412387  0.762852
 0.008  0.413980  0.766073
 0.009  0.415514  0.769013
 0.010  0.415989  0.767737
 0.011  0.417576  0.770295
 0.012  0.419188  0.773062
 0.013  0.419713  0.771998
 0.014  0.421383  0.774729
 0.015  0.422794  0.776680
 0.016  0.423622  0.776750
 0.017  0.424340  0.776722
 0.018  0.425871  0.779462
 0.019  0.427974  0.783906
 0.020  0.428302  0.782223
 0.021  0.429184  0.782266
 0.022  0.430613  0.784101
 0.023  0.432574  0.787733
 0.024  0.434241  0.790455
 0.025  0.434867  0.789717
 0.026  0.435743  0.789498
 0.027  0.437378  0.791878
 0.028  0.438921  0.794558
 0.029  0.440472  0.797080
 0.030  0.441340  0.797143
 0.031  0.442295  0.797195
 0.032  0.443873  0.799395
 0.033  0.445313  0.801188
 0.034  0.447024  0.803844
 0.035  0.448070  0.804283
 0.036  0.449593  0.806202
 0.037  0.450859  0.807149
 0.038  0.452174  0.808389
 0.039  0.453734  0.810786
 0.040  0.454997  0.812003
 0.041  0.456313  0.813240
 0.042  0.457968  0.815569
 0.043  0.459209  0.816555
 0.044  0.460684  0.818206
 0.045  0.462427  0.820674
 0.046  0.463535  0.821041
 0.047  0.465067  0.822781
 0.048  0.466562  0.824466
 0.049  0.468268  0.826771
 0.050  0.469801  0.828686
 0.051  0.471422  0.830774
 0.052  0.472459  0.830895
 0.053  0.473893  0.832335
 0.054  0.475482  0.834236
 0.055  0.477234  0.836538
 0.056  0.479074  0.839100
 0.057  0.480967  0.841818
 0.058  0.481968  0.841599
 0.059  0.483372  0.842755
 0.060  0.485006  0.844597
 0.061  0.486740  0.846800
 0.062  0.488519  0.849193
 0.063  0.490374  0.851753
 0.064  0.491875  0.853119
 0.065  0.493341  0.854381
 0.066  0.494897  0.855724
 0.067  0.496632  0.857695
 0.068  0.498428  0.859868
 0.069  0.500295  0.862262
 0.070  0.502157  0.864558
 0.071  0.503707  0.865888
 0.072  0.505424  0.867754
 0.073  0.507245  0.869951
 0.074  0.508858  0.871474
 0.075  0.510653  0.873564
 0.076  0.512699  0.876210
 0.077  0.514597  0.878296
 0.078  0.516240  0.879711
 0.079  0.518039  0.881645
 0.080  0.519918  0.883823
 0.081  0.521915  0.886324
 0.082  0.523903  0.888700
 0.083  0.525862  0.891026
 0.084  0.527738  0.893050
 0.085  0.529465  0.894538
 0.086  0.531279  0.896372
 0.087  0.533431  0.898928
 0.088  0.535666  0.901715
 0.089  0.537819  0.904372
 0.090  0.539958  0.907014
 0.091  0.541865  0.908947
 0.092  0.543674  0.910592
 0.093  0.545773  0.912906
 0.094  0.547944  0.915475
 0.095  0.550083  0.918007
 0.096  0.552241  0.920540
 0.097  0.554455  0.923138
 0.098  0.556718  0.925748
 0.099  0.559367  0.929086
 0.100  0.561464  0.931080
 0.101  0.563566  0.933206
 0.102  0.565730  0.935562
 0.103  0.567905  0.937993
 0.104  0.570104  0.940502
 0.105  0.573061  0.944626
 0.106  0.575530  0.947645
 0.107  0.577914  0.950481
 0.108  0.580051  0.952428
 0.109  0.582424  0.954799
 0.110  0.585199  0.958036
 0.111  0.588009  0.961489
 0.112  0.590633  0.964617
 0.113  0.593175  0.967612
 0.114  0.595619  0.970340
 0.115  0.598041  0.973084
 0.116  0.601228  0.977062
 0.117  0.603962  0.980284
 0.118  0.606611  0.983406
 0.119  0.609145  0.986293
 0.120  0.611822  0.989017
 0.121  0.615535  0.993843
 0.122  0.618780  0.997808
 0.123  0.621810  1.001439
 0.124  0.624426  1.004054
 0.125  0.627012  1.006688
 0.126  0.630582  1.011281
 0.127  0.634173  1.015944
 0.128  0.637333  1.019820
 0.129  0.640311  1.023341
 0.130  0.643149  1.026549
 0.131  0.647243  1.031927
 0.132  0.651473  1.037189
 0.133  0.654698  1.040341
 0.134  0.657899  1.043819
 0.135  0.660989  1.047214
 0.136  0.665829  1.053771
 0.137  0.669952  1.059070
 0.138  0.673643  1.063603
 0.139  0.677110  1.067745
 0.140  0.680804  1.072267
 0.141  0.686297  1.079682
 0.142  0.690263  1.084142
 0.143  0.694045  1.088377
 0.144  0.697949  1.092505
 0.145  0.704445  1.101352
 0.146  0.709392  1.107640
 0.147  0.713721  1.112917
 0.148  0.717801  1.117808
 0.149  0.725049  1.128019
 0.150  0.730285  1.134467
 0.151  0.734668  1.139332
 0.152  0.738786  1.143992
 0.153  0.747387  1.156065
 0.154  0.753346  1.163528
 0.155  0.758687  1.169962
 0.156  0.767391  1.181702
 0.157  0.775027  1.191904
 0.158  0.781167  1.199735
 0.159  0.789879  1.211712
 0.160  0.798652  1.222552
 0.161  0.805441  1.230973
 0.162  0.815487  1.244625
 0.163  0.826348  1.259610
 0.164  0.834065  1.269702
 0.165  0.849599  1.291632
 0.166  0.860429  1.306377
 0.167  0.874986  1.326403
 0.168  0.891833  1.350059
 0.169  0.904597  1.365647
 0.170  0.927978  1.398465
 0.171  0.952064  1.432591
 0.172  0.975968  1.466421
 0.173  1.018976  1.528980
 0.174  1.077220  1.614221
 0.175  1.173027  1.754878
 0.176  1.370840  2.046193
 0.177  1.120838  1.668973
 0.178  1.047626  1.559701
 0.179  1.010350  1.501156
 0.180  0.972182  1.443862
 0.181  0.951938  1.411255
 0.182  0.933343  1.381838
 0.183  0.912455  1.350198
 0.184  0.900564  1.330463
 0.185  0.889024  1.311530
 0.186  0.876723  1.291963
 0.187  0.865416  1.273627
 0.188  0.857545  1.259697
 0.189  0.849755  1.246007
 0.190  0.841956  1.232741
 0.191  0.834170  1.220099
 0.192  0.829163  1.211027
 0.193  0.823968  1.201780
 0.194  0.818429  1.192239
 0.195  0.811135  1.180716
 0.196  0.807274  1.173342
 0.197  0.803401  1.165977
 0.198  0.799589  1.158417
 0.199  0.795234  1.150168
 0.200  0.790111  1.141814
 0.201  0.787971  1.136599
 0.202  0.785688  1.131598
 0.203  0.783181  1.126427
 0.204  0.780393  1.120958
 0.205  0.776949  1.114769
 0.206  0.773791  1.108978
 0.207  0.771799  1.104516
 0.208  0.769749  1.099977
 0.209  0.767889  1.095501
 0.210  0.765662  1.090826
 0.211  0.763445  1.086004
 0.212  0.762036  1.082290
 0.213  0.761189  1.079440
 0.214  0.760128  1.076369
 0.215  0.758896  1.073131
 0.216  0.757438  1.069665
 0.217  0.755502  1.065675
 0.218  0.753793  1.062270
 0.219  0.752891  1.059562
 0.220  0.752200  1.056475
 0.221  0.751637  1.053960
 0.222  0.751639  1.051796
 0.223  0.751222  1.049647
 0.224  0.749700  1.046304
 0.225  0.749556  1.044518
 0.226  0.749340  1.042675
 0.227  0.749170  1.041262
 0.228  0.748795  1.039458
 0.229  0.748282  1.037442
 0.230  0.747703  1.035176
 0.231  0.746599  1.031899
 0.232  0.747805  1.030830
 0.233  0.748648  1.030161
 0.234  0.749156  1.029177
 0.235  0.749457  1.028008
 0.236  0.749756  1.027261
 0.237  0.749757  1.026059
 0.238  0.748876  1.023846
 0.239  0.749255  1.022986
 0.240  0.749565  1.022022
 0.241  0.751036  1.021277
 0.242  0.752684  1.021017
 0.243  0.753694  1.020107
 0.244  0.754520  1.019540
 0.245  0.755158  1.019230
 0.246  0.755349  1.018356
 0.247  0.756307  1.018242
 0.248  0.757162  1.017992
 0.249  0.757931  1.017649
 0.250  0.759389  1.017409
 0.251  0.761735  1.017877
 0.252  0.763683  1.018110
 0.253  0.764883  1.017689
 0.254  0.765910  1.017499
 0.255  0.767434  1.017772
 0.256  0.768897  1.018248
 0.257  0.770253  1.018590
 0.258  0.771499  1.018817
 0.259  0.774010  1.019274
 0.260  0.776963  1.020590
 0.261  0.779084  1.021265
 0.262  0.781020  1.021544
 0.263  0.783471  1.023022
 0.264  0.785638  1.024131
 0.265  0.787587  1.024915
 0.266  0.789377  1.025383
 0.267  0.792135  1.026055
 0.268  0.796037  1.027891
 0.269  0.799474  1.029816
 0.270  0.801763  1.030625
 0.271  0.804604  1.032103
 0.272  0.807802  1.034396
 0.273  0.810685  1.036211
 0.274  0.813260  1.037694
 0.275  0.817873  1.039667
 0.276  0.823000  1.042595
 0.277  0.827408  1.045145
 0.278  0.830811  1.046745
 0.279  0.833830  1.047866
 0.280  0.837317  1.049927
 0.281  0.840834  1.052887
 0.282  0.846679  1.056047
 0.283  0.853257  1.059950
 0.284  0.859752  1.064301
 0.285  0.864967  1.067568
 0.286  0.869585  1.070340
 0.287  0.873637  1.072648
 0.288  0.877555  1.074848
 0.289  0.886177  1.078971
 0.290  0.895293  1.085702
 0.291  0.902779  1.090635
 0.292  0.909563  1.094844
 0.293  0.915839  1.098932
 0.294  0.921585  1.102672
 0.295  0.933160  1.108196
 0.296  0.944955  1.115729
 0.297  0.954420  1.121620
 0.298  0.963191  1.128002
 0.299  0.971199  1.133700
 0.300  0.986175  1.141507
 0.301  1.002383  1.151780
 0.302  1.016751  1.160791
 0.303  1.028711  1.168107
 0.304  1.044989  1.176539
 0.305  1.064981  1.187094
 0.306  1.089053  1.202070
 0.307  1.107191  1.214430
 0.308  1.135796  1.229709
 0.309  1.173742  1.252100
 0.310  1.204807  1.270642
 0.311  1.253262  1.295498
 0.312  1.323814  1.335630
 0.313  1.411140  1.380681
 0.314  1.576169  1.470588
 0.315  1.722248  1.548503
 0.316  1.442477  1.406374
 0.317  1.338194  1.354530
 0.318  1.265219  1.318633
 0.319  1.212727  1.293662
 0.320  1.175635  1.276533
 0.321  1.138857  1.259339
 0.322  1.106870  1.244583
 0.323  1.083933  1.236218
 0.324  1.057181  1.224871
 0.325  1.038964  1.217846
 0.326  1.016893  1.208626
 0.327  1.001870  1.203306
 0.328  0.982575  1.195296
 0.329  0.969496  1.190818
 0.330  0.955834  1.185748
 0.331  0.942076  1.182297
 0.332  0.930651  1.179671
 0.333  0.916717  1.175121
 0.334  0.906389  1.172598
 0.335  0.895165  1.169260
 0.336  0.883817  1.165966
 0.337  0.874601  1.163901
 0.338  0.864825  1.162302
 0.339  0.856127  1.162088
 0.340  0.848099  1.161566
 0.341  0.839141  1.160138
 0.342  0.830779  1.158948
 0.343  0.822915  1.157936
 0.344  0.814401  1.156258
 0.345  0.806068  1.154452
 0.346  0.799372  1.156652
 0.347  0.792660  1.157635
 0.348  0.785850  1.158129
 0.349  0.779637  1.158955
 0.350  0.772986  1.159290
 0.351  0.765917  1.159211
 0.352  0.759954  1.159857
 0.353  0.753934  1.162967
 0.354  0.747136  1.164476
 0.355  0.740702  1.165749
 0.356  0.736113  1.168113
 0.357  0.730458  1.169693
 0.358  0.724456  1.170849
 0.359  0.719172  1.172359
 0.360  0.714458  1.177667
 0.361  0.708795  1.180958
 0.362  0.703199  1.183782
 0.363  0.698044  1.186767
 0.364  0.693745  1.190108
 0.365  0.687704  1.192007
 0.366  0.683094  1.196533
 0.367  0.678850  1.203187
 0.368  0.674480  1.208296
 0.369  0.669121  1.212300
 0.370  0.664239  1.216587
 0.371  0.659474  1.220911
 0.372  0.656097  1.226012
 0.373  0.651555  1.234677
 0.374  0.646961  1.241329
 0.375  0.642101  1.247406
 0.376  0.638200  1.254068
 0.377  0.633107  1.259900
 0.378  0.628250  1.266017
 0.379  0.624486  1.278137
 0.380  0.621429  1.288373
 0.381  0.617727  1.297732
 0.382  0.613162  1.306575
 0.383  0.608591  1.315393
 0.384  0.604150  1.326712
 0.385  0.600567  1.341628
 0.386  0.595227  1.353336
 0.387  0.591634  1.366435
 0.388  0.587635  1.379582
 0.389  0.584031  1.393698
 0.390  0.580706  1.415905
 0.391  0.576028  1.434712
 0.392  0.571342  1.453754
 0.393  0.566934  1.474529
 0.394  0.564725  1.498242
 0.395  0.560727  1.531699
 0.396  0.554341  1.562056
 0.397  0.549346  1.597520
 0.398  0.544600  1.638581
 0.399  0.540191  1.694752
 0.400  0.534391  1.773662
 0.401  0.530115  1.858722
 0.402  0.525168  2.019309
 0.403  0.520940  2.280133
 0.404  0.513502  1.920192
 0.405  0.507229  1.791934
 0.406  0.501868  1.721484
 0.407  0.498653  1.677034
 0.408  0.502516  1.670182
 0.409  0.500737  1.671130
 0.410  0.497214  1.674559
 0.411  0.494751  1.688600
 0.412  0.494031  1.718864
 0.413  0.493271  1.731205
 0.414  0.490504  1.719429
 0.415  0.488271  1.732837
 0.416  0.486849  1.736863
 0.417  0.487587  1.752094
 0.418  0.484364  1.761768
 0.419  0.481504  1.770987
 0.420  0.483060  1.779894
 0.421  0.481991  1.787204
 0.422  0.482633  1.797889
 0.423  0.479497  1.807197
 0.424  0.476683  1.816357
 0.425  0.476013  1.827570
 0.426  0.477046  1.839898
 0.427  0.477050  1.850789
 0.428  0.473483  1.857875
 0.429  0.470432  1.867447
 0.430  0.468542  1.878689
 0.431  0.475127  1.899733
 0.432  0.471975  1.909472
 0.433  0.468635  1.918420
 0.434  0.466213  1.928986
 0.435  0.464142  1.940009
 0.436  0.468757  1.961101
 0.437  0.466090  1.974088
 0.438  0.462950  1.985664
 0.439  0.460756  1.998960
 0.440  0.466289  2.022590
 0.441  0.463005  2.034534
 0.442  0.459982  2.047708
 0.443  0.458402  2.064091
 0.444  0.457475  2.082163
 0.445  0.459869  2.105086
 0.446  0.457297  2.121815
 0.447  0.454416  2.137194
 0.448  0.453412  2.157918
 0.449  0.456050  2.185040
 0.450  0.452579  2.202934
 0.451  0.450627  2.224896
 0.452  0.450604  2.251032
 0.453  0.451723  2.279597
 0.454  0.449242  2.304399
 0.455  0.447087  2.330077
 0.456  0.450701  2.368649
 0.457  0.446774  2.396111
 0.458  0.444539  2.428567
 0.459  0.444573  2.467169
 0.460  0.444043  2.507185
 0.461  0.441505  2.548013
 0.462  0.441405  2.596963
 0.463  0.441163  2.649617
 0.464  0.439134  2.704881
 0.465  0.441394  2.775197
 0.466  0.438523  2.846273
 0.467  0.437013  2.928540
 0.468  0.437603  3.032595
 0.469  0.436774  3.155807
 0.470  0.437316  3.312961
 0.471  0.436804  3.526154
 0.472  0.439847  3.864566
 0.473  0.448442  4.645491
 0.474  0.454768  4.526273
 0.475  0.460662  3.922818
 0.476  0.464179  3.636355
 0.477  0.465928  3.449973
 0.478  0.468918  3.310137
 0.479  0.127409  0.658466
 0.480  0.128972  0.664149
 0.481  0.130502  0.669403
 0.482  0.132007  0.674053
 0.483  0.133550  0.678767
 0.484  0.135076  0.683327
 0.485  0.137006  0.689528
 0.486  0.138830  0.695236
 0.487  0.140544  0.700459
 0.488  0.142219  0.705362
 0.489  0.143874  0.710073
 0.490  0.145596  0.716279
 0.491  0.147267  0.721698
 0.492  0.148952  0.726856
 0.493  0.150675  0.732083
 0.494  0.152357  0.736900
 0.495  0.154124  0.743329
 0.496  0.156179  0.749203
 0.497  0.158054  0.754500
 0.498  0.159873  0.759481
 0.499  0.161795  0.764858
 0.500  0.163737  0.771813
 0.501  0.165610  0.777750
 0.502  0.167454  0.783231
 0.503  0.169291  0.788416
 0.504  0.171115  0.793490
 0.505  0.173238  0.801369
 0.506  0.175190  0.807530
 0.507  0.177396  0.813488
 0.508  0.179490  0.819091
 0.509  0.181516  0.824426
 0.510  0.183766  0.832538
 0.511  0.185951  0.839239
 0.512  0.188048  0.845284
 0.513  0.190085  0.850945
 0.514  0.192206  0.857629
 0.515  0.194363  0.864642
 0.516  0.196670  0.871671
 0.517  0.198885  0.878177
 0.518  0.201291  0.884435
 0.519  0.203833  0.892717
 0.520  0.206203  0.899883
 0.521  0.208641  0.906916
 0.522  0.211116  0.914027
 0.523  0.213473  0.920492
 0.524  0.216085  0.929726
 0.525  0.218508  0.936984
 0.526  0.220894  0.943810
 0.527  0.223580  0.951565
 0.528  0.226317  0.960834
 0.529  0.229210  0.969266
 0.530  0.231921  0.976827
 0.531  0.234562  0.983915
 0.532  0.237667  0.993660
 0.533  0.240656  1.003286
 0.534  0.243479  1.011602
 0.535  0.246243  1.019380
 0.536  0.249175  1.027833
 0.537  0.252603  1.039691
 0.538  0.255646  1.048852
 0.539  0.258603  1.057322
 0.540  0.261737  1.065566
 0.541  0.265741  1.079127
 0.542  0.269193  1.089339
 0.543  0.272492  1.098649
 0.544  0.275908  1.109043
 0.545  0.279787  1.121728
 0.546  0.283490  1.132819
 0.547  0.286994  1.142809
 0.548  0.290906  1.155657
 0.549  0.294894  1.168073
 0.550  0.298904  1.179995
 0.551  0.302910  1.190957
 0.552  0.307598  1.206591
 0.553  0.312077  1.220042
 0.554  0.316458  1.232845
 0.555  0.321344  1.248997
 0.556  0.325863  1.262813
 0.557  0.330786  1.277585
 0.558  0.336086  1.294991
 0.559  0.341117  1.310764
 0.560  0.346260  1.326173
 0.561  0.352230  1.345901
 0.562  0.358067  1.363724
 0.563  0.363639  1.379974
 0.564  0.370773  1.403737
 0.565  0.376953  1.422802
 0.566  0.383094  1.441166
 0.567  0.391203  1.468675
 0.568  0.397885  1.489111
 0.569  0.406314  1.517187
 0.570  0.414227  1.542462
 0.571  0.422560  1.569672
 0.572  0.432222  1.601329
 0.573  0.441529  1.630634
 0.574  0.452841  1.668241
 0.575  0.463571  1.703021
 0.576  0.476136  1.744909
 0.577  0.489198  1.788592
 0.578  0.503394  1.835525
 0.579  0.519505  1.890631
 0.580  0.537705  1.952148
 0.581  0.557635  2.019827
 0.582  0.581239  2.101544
 0.583  0.611183  2.206109
 0.584  0.648663  2.336928
 0.585  0.698266  2.512220
 0.586  0.792619  2.852858
 0.587  1.163284  4.215094
 0.588  0.783655  2.799483
 0.589  0.709092  2.515083
 0.590  0.663453  2.340203
 0.591  0.642482  2.254790
 0.592  0.614141  2.142438
 0.593  0.601423  2.090474
 0.594  0.582195  2.012574
 0.595  0.573387  1.973639
 0.596  0.560409  1.923205
 0.597  0.551346  1.879707
 0.598  0.544496  1.850591
 0.599  0.535705  1.814856
 0.600  0.528803  1.780491
 0.601  0.523487  1.757753
 0.602  0.517108  1.731247
 0.603  0.512033  1.705016
 0.604  0.507446  1.683519
 0.605  0.502449  1.662649
 0.606  0.499549  1.646315
 0.607  0.495073  1.621778
 0.608  0.491143  1.605508
 0.609  0.488475  1.592055
 0.610  0.486057  1.578529
 0.611  0.482729  1.560603
 0.612  0.478654  1.542636
 0.613  0.477091  1.533050
 0.614  0.475248  1.522350
 0.615  0.472860  1.509491
 0.616  0.469309  1.490686
 0.617  0.468291  1.483092
 0.618  0.467025  1.474728
 0.619  0.465387  1.465151
 0.620  0.462543  1.451986
 0.621  0.460851  1.439169
 0.622  0.459914  1.432557
 0.623  0.458741  1.425236
 0.624  0.457118  1.416640
 0.625  0.455370  1.407261
 0.626  0.454357  1.397738
 0.627  0.453449  1.389632
 0.628  0.452544  1.383432
 0.629  0.450824  1.375280
 0.630  0.450248  1.369398
 0.631  0.449493  1.362564
 0.632  0.448238  1.352229
 0.633  0.447394  1.346828
 0.634  0.446090  1.340335
 0.635  0.445649  1.335527
 0.636  0.445102  1.330234
 0.637  0.444753  1.324451
 0.638  0.443633  1.314799
 0.639  0.442709  1.309596
 0.640  0.442500  1.305828
 0.641  0.442196  1.301742
 0.642  0.441761  1.297203
 0.643  0.441120  1.291935
 0.644  0.440028  1.285025
 0.645  0.439566  1.278832
 0.646  0.439352  1.275484
 0.647  0.439361  1.272210
 0.648  0.439090  1.268365
 0.649  0.438323  1.263376
 0.650  0.438205  1.259416
 0.651  0.437901  1.254129
 0.652  0.437602  1.249412
 0.653  0.437367  1.246270
 0.654  0.436893  1.242579
 0.655  0.436549  1.239032
 0.656  0.436444  1.235767
 0.657  0.436525  1.232439
 0.658  0.436404  1.228006
 0.659  0.436110  1.223402
 0.660  0.435746  1.220279
 0.661  0.435814  1.217963
 0.662  0.435834  1.215476
 0.663  0.435772  1.212711
 0.664  0.435612  1.209571
 0.665  0.435187  1.205473
 0.666  0.434878  1.200578
 0.667  0.435162  1.198853
 0.668  0.435388  1.196970
 0.669  0.435472  1.194842
 0.670  0.435436  1.192406
 0.671  0.435158  1.189398
 0.672  0.435232  1.186860
 0.673  0.435214  1.183520
 0.674  0.435156  1.180084
 0.675  0.435176  1.178250
 0.676  0.435072  1.176163
 0.677  0.435166  1.174204
 0.678  0.435460  1.172578
 0.679  0.435639  1.170677
 0.680  0.435737  1.168434
 0.681  0.435713  1.165369
 0.682  0.435538  1.162244
 0.683  0.435614  1.160729
 0.684  0.435752  1.159308
 0.685  0.435857  1.157776
 0.686  0.435916  1.156101
 0.687  0.436180  1.154512
 0.688  0.436187  1.152321
 0.689  0.436372  1.150109
 0.690  0.436483  1.147488
 0.691  0.436647  1.146284
 0.692  0.436767  1.144956
 0.693  0.436823  1.143583
 0.694  0.436766  1.141951
 0.695  0.436902  1.140619
 0.696  0.437005  1.139106
 0.697  0.437362  1.137616
 0.698  0.437495  1.134866
 0.699  0.437628  1.133836
 0.700  0.437692  1.132691
 0.701  0.437876  1.131757
 0.702  0.438021  1.130731
 0.703  0.438132  1.129606
 0.704  0.438207  1.128346
 0.705  0.438202  1.126811
 0.706  0.438180  1.124936
 0.707  0.438567  1.123274
 0.708  0.438798  1.122589
 0.709  0.438965  1.121795
 0.710  0.439070  1.120863
 0.711  0.439094  1.119838
 0.712  0.439171  1.118882
 0.713  0.439267  1.117900
 0.714  0.439327  1.116737
 0.715  0.439346  1.115125
 0.716  0.439533  1.113765
 0.717  0.439657  1.113102
 0.718  0.439823  1.112563
 0.719  0.439941  1.111939
 0.720  0.440030  1.111254
 0.721  0.440079  1.110472
 0.722  0.440087  1.109563
 0.723  0.440015  1.108411
 0.724  0.440010  1.107062
 0.725  0.439988  1.105747
 0.726  0.440256  1.105488
 0.727  0.440352  1.104995
 0.728  0.440370  1.104353
 0.729  0.440327  1.103676
 0.730  0.440332  1.103083
 0.731  0.440309  1.102396
 0.732  0.440254  1.101580
 0.733  0.440168  1.100484
 0.734  0.440025  1.099104
 0.735  0.440060  1.098748
 0.736  0.440114  1.098444
 0.737  0.440093  1.098035
 0.738  0.440024  1.097554
 0.739  0.439914  1.096980
 0.740  0.439747  1.096288
 0.741  0.439575  1.095550
 0.742  0.439417  1.094712
 0.743  0.439213  1.093326
 0.744  0.439039  1.092883
 0.745  0.439030  1.092629
 0.746  0.438799  1.092002
 0.747  0.438640  1.091612
 0.748  0.438446  1.091163
 0.749  0.438219  1.090637
 0.750  0.437956  1.090018
 0.751  0.437645  1.089250
 0.752  0.437243  1.088081
 0.753  0.436946  1.087255
 0.754  0.436785  1.087026
 0.755  0.436527  1.086657
 0.756  0.436208  1.086193
 0.757  0.435822  1.085611
 0.758  0.435365  1.084904
 0.759  0.435001  1.084370
 0.760  0.434609  1.083737
 0.761  0.434178  1.082944
 0.762  0.433695  1.081710
 0.763  0.433237  1.081143
 0.764  0.432747  1.080512
 0.765  0.432325  1.080089
 0.766  0.431864  1.079608
 0.767  0.431354  1.079034
 0.768  0.430792  1.078357
 0.769  0.430108  1.077431
 0.770  0.429493  1.076611
 0.771  0.428943  1.075809
 0.772  0.428379  1.074865
 0.773  0.427822  1.074353
 0.774  0.427163  1.073665
 0.775  0.426266  1.072511
 0.776  0.425682  1.071999
 0.777  0.425062  1.071414
 0.778  0.424399  1.070729
 0.779  0.423683  1.069923
 0.780  0.422890  1.068916
 0.781  0.421857  1.067277
 0.782  0.421209  1.066473
 0.783  0.420519  1.065905
 0.784  0.419781  1.065240
 0.785  0.418984  1.064455
 0.786  0.418091  1.063468
 0.787  0.416944  1.061951
 0.788  0.416221  1.061316
 0.789  0.415462  1.060586
 0.790  0.414661  1.059725
 0.791  0.413767  1.058475
 0.792  0.412782  1.057326
 0.793  0.411500  1.055610
 0.794  0.410728  1.054988
 0.795  0.409922  1.054284
 0.796  0.409066  1.053466
 0.797  0.408151  1.052501
 0.798  0.407134  1.051300
 0.799  0.405716  1.049181
 0.800  0.404908  1.048377
 0.801  0.404028  1.047284
 0.802  0.403135  1.046457
 0.803  0.402187  1.045491
 0.804  0.401147  1.044309
 0.805  0.399857  1.042543
 0.806  0.398755  1.041196
 0.807  0.397940  1.040487
 0.808  0.397087  1.039673
 0.809  0.396178  1.038700
 0.810  0.395086  1.037342
 0.811  0.393882  1.035542
 0.812  0.392439  1.033381
 0.813  0.391632  1.032702
 0.814  0.390796  1.031933
 0.815  0.389923  1.031052
 0.816  0.388986  1.029994
 0.817  0.387956  1.028685
 0.818  0.386656  1.026668
 0.819  0.385456  1.024975
 0.820  0.384609  1.024118
 0.821  0.383763  1.023133
 0.822  0.382888  1.022194
 0.823  0.381961  1.021094
 0.824  0.380927  1.019696
 0.825  0.379472  1.017190
 0.826  0.378610  1.016172
 0.827  0.377916  1.015557
 0.828  0.377192  1.014838
 0.829  0.376273  1.013729
 0.830  0.375362  1.012521
 0.831  0.374374  1.011016
 0.832  0.373078  1.008727
 0.833  0.372105  1.007261
 0.834  0.371484  1.006698
 0.835  0.370841  1.006042
 0.836  0.370165  1.005258
 0.837  0.369449  1.004356
 0.838  0.368624  1.003154
 0.839  0.367501  1.001218
 0.840  0.366227  0.998704
 0.841  0.365692  0.998196
 0.842  0.365152  0.997657
 0.843  0.364595  0.997029
 0.844  0.364008  0.996279
 0.845  0.363380  0.995365
 0.846  0.362672  0.994178
 0.847  0.361737  0.992285
 0.848  0.360771  0.990366
 0.849  0.360303  0.989883
 0.850  0.359868  0.989399
 0.851  0.359427  0.988850
 0.852  0.358970  0.988174
 0.853  0.358482  0.987341
 0.854  0.357928  0.986272
 0.855  0.357199  0.984605
 0.856  0.356399  0.982659
 0.857  0.356192  0.982525
 0.858  0.355869  0.982132
 0.859  0.355563  0.981698
 0.860  0.355269  0.981226
 0.861  0.354962  0.980656
 0.862  0.354625  0.979860
 0.863  0.354202  0.978720
 0.864  0.353309  0.975947
 0.865  0.353284  0.975984
 0.866  0.353258  0.975976
 0.867  0.353235  0.975919
 0.868  0.353109  0.975617
 0.869  0.353013  0.975284
 0.870  0.352919  0.974898
 0.871  0.352807  0.974340
 0.872  0.352625  0.973391
 0.873  0.352016  0.970853
 0.874  0.352216  0.971075
 0.875  0.352422  0.971264
 0.876  0.352640  0.971419
 0.877  0.352861  0.971526
 0.878  0.353023  0.971460
 0.879  0.353214  0.971353
 0.880  0.353412  0.971192
 0.881  0.353573  0.970750
 0.882  0.353614  0.969673
 0.883  0.353636  0.968428
 0.884  0.354143  0.968895
 0.885  0.354670  0.969339
 0.886  0.355209  0.969754
 0.887  0.355752  0.970129
 0.888  0.356347  0.970498
 0.889  0.356946  0.970780
 0.890  0.357546  0.971065
 0.891  0.358125  0.970920
 0.892  0.358604  0.970219
 0.893  0.359112  0.969454
 0.894  0.360041  0.970286
 0.895  0.360997  0.971104
 0.896  0.361998  0.971923
 0.897  0.363083  0.972826
 0.898  0.364243  0.973767
 0.899  0.365417  0.974655
 0.900  0.366615  0.975509
 0.901  0.367826  0.976032
 0.902  0.369004  0.976260
 0.903  0.369978  0.975263
 0.904  0.371551  0.976659
 0.905  0.373166  0.978060
 0.906  0.374859  0.979484
 0.907  0.376903  0.981384
 0.908  0.378913  0.983124
 0.909  0.380962  0.984916
 0.910  0.383103  0.986556
 0.911  0.385273  0.988027
 0.912  0.387546  0.989433
 0.913  0.389872  0.990648
 0.914  0.392023  0.990623
 0.915  0.394797  0.992979
 0.916  0.398261  0.996221
 0.917  0.401632  0.999204
 0.918  0.405195  1.002296
 0.919  0.408865  1.005509
 0.920  0.412731  1.008523
 0.921  0.416835  1.011670
 0.922  0.421141  1.014855
 0.923  0.425725  1.018148
 0.924  0.431127  1.022258
 0.925  0.437072  1.026537
 0.926  0.443137  1.030265
 0.927  0.449940  1.035903
 0.928  0.457370  1.042165
 0.929  0.465338  1.048374
 0.930  0.474196  1.055168
 0.931  0.483987  1.062587
 0.932  0.496654  1.072884
 0.933  0.510579  1.083721
 0.934  0.526195  1.095551
 0.935  0.544790  1.109333
 0.936  0.567453  1.125855
 0.937  0.596085  1.146397
 0.938  0.635911  1.174394
 0.939  0.703484  1.224004
 0.940  0.853021  1.329466
 0.941  0.795976  1.294609
 0.942  0.665803  1.207477
 0.943  0.611111  1.173853
 0.944  0.558166  1.138841
 0.945  0.518982  1.112932
 0.946  0.491186  1.095016
 0.947  0.466473  1.078882
 0.948  0.442632  1.062484
 0.949  0.425437  1.050844
 0.950  0.409610  1.039692
 0.951  0.391644  1.025995
 0.952  0.381122  1.019492
 0.953  0.367076  1.009679
 0.954  0.357451  1.003531
 0.955  0.345050  0.994685
 0.956  0.337237  0.989824
 0.957  0.325586  0.980802
 0.958  0.318902  0.976308
 0.959  0.308132  0.967623
 0.960  0.302506  0.963792
 0.961  0.295765  0.958678
 0.962  0.287280  0.951555
 0.963  0.282266  0.947789
 0.964  0.275506  0.941496
 0.965  0.268827  0.936287
 0.966  0.264049  0.932788
 0.967  0.258199  0.927997
 0.968  0.252458  0.923191
 0.969  0.248446  0.920301
 0.970  0.243559  0.916225
 0.971  0.237795  0.910992
 0.972  0.234328  0.908478
 0.973  0.230272  0.905444
 0.974  0.224450  0.899534
 0.975  0.221381  0.896908
 0.976  0.218020  0.893800
 0.977  0.214164  0.889838
 0.978  0.209279  0.883901
 0.979  0.206498  0.881750
 0.980  0.203548  0.879374
 0.981  0.200161  0.876455
 0.982  0.195993  0.872445
 0.983  0.193549  0.870366
 0.984  0.190842  0.867901
 0.985  0.187874  0.864910
 0.986  0.184008  0.860536
 0.987  0.181728  0.858405
 0.988  0.179399  0.856196
 0.989  0.176854  0.853654
 0.990  0.173894  0.850694
 0.991  0.170925  0.846949
 0.992  0.168836  0.844291
 0.993  0.166612  0.841517
 0.994  0.164303  0.839083
 0.995  0.161400  0.835657
 0.996  0.159270  0.833465
 0.997  0.157404  0.831763
 0.998  0.155501  0.830401
 0.999  0.153404  0.828020
 1.000  0.150978  0.824891
 1.001  0.148830  0.822176
 1.002  0.147160  0.820265
 1.003  0.145421  0.818226
 1.004  0.143633  0.816077
 1.005  0.141549  0.813375
 1.006  0.139280  0.810542
 1.007  0.137739  0.808300
 1.008  0.136166  0.806026
 1.009  0.134597  0.804144
 1.010  0.132906  0.802009
 1.011  0.130949  0.799357
 1.012  0.129290  0.797317
 1.013  0.127936  0.796028
 1.014  0.126558  0.794935
 1.015  0.125110  0.792897
 1.016  0.123589  0.790691
 1.017  0.121627  0.787539
 1.018  0.120332  0.785746
 1.019  0.119103  0.784098
 1.020  0.117833  0.782388
 1.021  0.116543  0.780723
 1.022  0.115117  0.778821
 1.023  0.113485  0.775570
 1.024  0.112100  0.773462
 1.025  0.111006  0.772045
 1.026  0.109898  0.770618
 1.027  0.108745  0.769189
 1.028  0.107569  0.767624
 1.029  0.106293  0.766366
 1.030  0.104787  0.763606
 1.031  0.103790  0.762034
 1.032  0.102791  0.760474
 1.033  0.101757  0.758851
 1.034  0.100721  0.757256
 1.035  0.099610  0.755516
 1.036  0.098398  0.753738
 1.037  0.097124  0.751652
 1.038  0.096193  0.749857
 1.039  0.095231  0.747892
 1.040  0.094329  0.746652
 1.041  0.093376  0.745116
 1.042  0.092416  0.743634
 1.043  0.091362  0.742140
 1.044  0.090203  0.740295
 1.045  0.089393  0.738842
 1.046  0.088573  0.737368
 1.047  0.087732  0.735879
 1.048  0.086885  0.734444
 1.049  0.086016  0.733071
 1.050  0.085104  0.731923
 1.051  0.083950  0.729704
 1.052  0.083207  0.728363
 1.053  0.082452  0.726889
 1.054  0.081681  0.725239
 1.055  0.080877  0.723272
 1.056  0.080098  0.722071
 1.057  0.079314  0.721377
 1.058  0.078455  0.719423
 1.059  0.077528  0.717266
 1.060  0.076861  0.715976
 1.061  0.076194  0.714794
 1.062  0.075514  0.713704
 1.063  0.074820  0.713031
 1.064  0.074128  0.712117
 1.065  0.073395  0.710458
 1.066  0.072597  0.708454
 1.067  0.071790  0.706505
 1.068  0.071175  0.705313
 1.069  0.070552  0.704381
 1.070  0.069923  0.703501
 1.071  0.069289  0.701750
 1.072  0.068614  0.699790
 1.073  0.067974  0.698384
 1.074  0.067277  0.697022
 1.075  0.066520  0.695900
 1.076  0.065972  0.695480
 1.077  0.065421  0.694003
 1.078  0.064869  0.692559
 1.079  0.064300  0.691191
 1.080  0.063730  0.690029
 1.081  0.063147  0.689636
 1.082  0.062546  0.688052
 1.083  0.061786  0.685774
 1.084  0.061284  0.684517
 1.085  0.060779  0.683505
 1.086  0.060268  0.683064
 1.087  0.059748  0.682549
 1.088  0.059227  0.680655
 1.089  0.058674  0.678669
 1.090  0.058151  0.677232
 1.091  0.057588  0.675977
 1.092  0.056953  0.675413
 1.093  0.056501  0.673934
 1.094  0.056046  0.672637
 1.095  0.055594  0.671603
 1.096  0.055137  0.671114
 1.097  0.054666  0.671128
 1.098  0.054196  0.669295
 1.099  0.053707  0.667489
 1.100  0.053198  0.665818
 1.101  0.052626  0.664328
 1.102  0.052210  0.664483
 1.103  0.051792  0.662811
 1.104  0.051368  0.661686
 1.105  0.050940  0.660829
 1.106  0.050499  0.660153
 1.107  0.050066  0.658937
 1.108  0.049636  0.657067
 1.109  0.049179  0.655417
 1.110  0.048651  0.654129
 1.111  0.048278  0.654335
 1.112  0.047900  0.652775
 1.113  0.047526  0.652223
 1.114  0.047149  0.651243
 1.115  0.046764  0.651118
 1.116  0.046375  0.648891
 1.117  0.045982  0.647245
 1.118  0.045577  0.646767
 1.119  0.045137  0.646306
 1.120  0.044721  0.645076
 1.121  0.044374  0.643436
 1.122  0.044025  0.644287
 1.123  0.043668  0.641375
 1.124  0.043304  0.639319
 1.125  0.042961  0.640262
 1.126  0.042612  0.639731
 1.127  0.042257  0.637564
 1.128  0.041882  0.637400
 1.129  0.041447  0.635134
 1.130  0.041135  0.632627
 1.131  0.040823  0.635762
 1.132  0.040512  0.633709
 1.133  0.040197  0.631109
 1.134  0.039881  0.631031
 1.135  0.039560  0.627842
 1.136  0.039244  0.632828
 1.137  0.038909  0.627337
 1.138  0.038566  0.627289
 1.139  0.038178  0.623603
 1.140  0.037892  0.625798
 1.141  0.037596  0.625071
 1.142  0.037309  0.635946
 1.143  0.037015  0.624818
 1.144  0.036736  0.535977
 1.145  0.036398  0.356312
 1.146  0.036110  0.355684
 1.147  0.035820  0.355036
 1.148  0.035514  0.354269
 1.149  0.035167  0.353236
 1.150  0.034912  0.352743
 1.151  0.034655  0.352231
 1.152  0.034398  0.351701
 1.153  0.034141  0.351164
 1.154  0.033885  0.350614
 1.155  0.033622  0.350008
 1.156  0.033361  0.349392
 1.157  0.033091  0.348704
 1.158  0.032818  0.347962
 1.159  0.032514  0.346982
 1.160  0.032241  0.346130
 1.161  0.032010  0.345668
 1.162  0.031779  0.345200
 1.163  0.031546  0.344705
 1.164  0.031310  0.344180
 1.165  0.031075  0.343652
 1.166  0.030839  0.343103
 1.167  0.030600  0.342515
 1.168  0.030356  0.341885
 1.169  0.030100  0.341156
 1.170  0.029828  0.340289
 1.171  0.029615  0.339823
 1.172  0.029400  0.339335
 1.173  0.029185  0.338833
 1.174  0.028970  0.338323
 1.175  0.028756  0.337795
 1.176  0.028537  0.337217
 1.177  0.028318  0.336612
 1.178  0.028090  0.335864
 1.179  0.027867  0.335249
 1.180  0.027622  0.334459
 1.181  0.027400  0.333820
 1.182  0.027206  0.333385
 1.183  0.027013  0.332944
 1.184  0.026819  0.332489
 1.185  0.026622  0.331999
 1.186  0.026425  0.331504
 1.187  0.026229  0.331002
 1.188  0.026029  0.330456
 1.189  0.025829  0.329894
 1.190  0.025619  0.329235
 1.191  0.025381  0.328336
 1.192  0.025202  0.327899
 1.193  0.025023  0.327445
 1.194  0.024842  0.326969
 1.195  0.024662  0.326476
 1.196  0.024481  0.325942
 1.197  0.024300  0.325420
 1.198  0.024120  0.324928
 1.199  0.023940  0.324431
 1.200  0.023754  0.323866
 1.201  0.023566  0.323265
 1.202  0.023351  0.322418
 1.203  0.023187  0.322008
 1.204  0.023024  0.321594
 1.205  0.022862  0.321178
 1.206  0.022698  0.320743
 1.207  0.022533  0.320282
 1.208  0.022369  0.319815
 1.209  0.022204  0.319340
 1.210  0.022037  0.318826
 1.211  0.021870  0.318299
 1.212  0.021694  0.317678
 1.213  0.021497  0.316836
 1.214  0.021346  0.316407
 1.215  0.021195  0.315944
 1.216  0.021045  0.315529
 1.217  0.020895  0.315112
 1.218  0.020746  0.314691
 1.219  0.020597  0.314256
 1.220  0.020445  0.313794
 1.221  0.020295  0.313329
 1.222  0.020140  0.312814
 1.223  0.019985  0.312279
 1.224  0.019816  0.311591
 1.225  0.019662  0.311039
 1.226  0.019524  0.310650
 1.227  0.019388  0.310258
 1.228  0.019251  0.309857
 1.229  0.019112  0.309430
 1.230  0.018974  0.308991
 1.231  0.018836  0.308549
 1.232  0.018696  0.308075
 1.233  0.018556  0.307561
 1.234  0.018414  0.307044
 1.235  0.018267  0.306472
 1.236  0.018115  0.305814
 1.237  0.017989  0.305442
 1.238  0.017863  0.305058
 1.239  0.017736  0.304665
 1.240  0.017610  0.304269
 1.241  0.017485  0.303872
 1.242  0.017358  0.303450
 1.243  0.017231  0.303015
 1.244  0.017105  0.302576
 1.245  0.016974  0.302080
 1.246  0.016842  0.301555
 1.247  0.016693  0.300823
 1.248  0.016577  0.300458
 1.249  0.016461  0.300092
 1.250  0.016346  0.299722
 1.251  0.016231  0.299343
 1.252  0.016114  0.298940
 1.253  0.015998  0.298534
 1.254  0.015883  0.298127
 1.255  0.015766  0.297692
 1.256  0.015649  0.297247
 1.257  0.015529  0.296757
 1.258  0.015405  0.296204
 1.259  0.015279  0.295617
 1.260  0.015173  0.295265
 1.261  0.015066  0.294903
 1.262  0.014959  0.294534
 1.263  0.014853  0.294163
 1.264  0.014747  0.293790
 1.265  0.014640  0.293398
 1.266  0.014533  0.292994
 1.267  0.014427  0.292588
 1.268  0.014318  0.292134
 1.269  0.014208  0.291672
 1.270  0.014083  0.290978
 1.271  0.013984  0.290630
 1.272  0.013886  0.290282
 1.273  0.013789  0.289932
 1.274  0.013691  0.289577
 1.275  0.013593  0.289202
 1.276  0.013495  0.288820
 1.277  0.013397  0.288437
 1.278  0.013299  0.288037
 1.279  0.013200  0.287623
 1.280  0.013100  0.287186
 1.281  0.012997  0.286691
 1.282  0.012887  0.286077
 1.283  0.012797  0.285750
 1.284  0.012707  0.285420
 1.285  0.012616  0.285080
 1.286  0.012526  0.284741
 1.287  0.012437  0.284408
 1.288  0.012349  0.284091
 1.289  0.012258  0.283713
 1.290  0.012168  0.283320
 1.291  0.012077  0.282899
 1.292  0.011984  0.282456
 1.293  0.011888  0.281934
 1.294  0.011791  0.281401
 1.295  0.011708  0.281073
 1.296  0.011625  0.280744
 1.297  0.011542  0.280413
 1.298  0.011459  0.280071
 1.299  0.011376  0.279717
 1.300  0.011293  0.279362
 1.301  0.011210  0.279006
 1.302  0.011127  0.278626
 1.303  0.011043  0.278244
 1.304  0.010958  0.277818
 1.305  0.010868  0.277308
 1.306  0.010785  0.276922
 1.307  0.010709  0.276637
 1.308  0.010632  0.276300
 1.309  0.010556  0.275958
 1.310  0.010479  0.275616
 1.311  0.010403  0.275275
 1.312  0.010326  0.274915
 1.313  0.010249  0.274547
 1.314  0.010173  0.274178
 1.315  0.010095  0.273768
 1.316  0.010017  0.273358
 1.317  0.009928  0.272723
 1.318  0.009857  0.272421
 1.319  0.009786  0.272119
 1.320  0.009716  0.271819
 1.321  0.009646  0.271519
 1.322  0.009575  0.271209
 1.323  0.009505  0.270905
 1.324  0.009437  0.270634
 1.325  0.009367  0.270325
 1.326  0.009296  0.269941
 1.327  0.009225  0.269552
 1.328  0.009151  0.269105
 1.329  0.009071  0.268516
 1.330  0.009006  0.268209
 1.331  0.008940  0.267900
 1.332  0.008875  0.267582
 1.333  0.008809  0.267265
 1.334  0.008744  0.266948
 1.335  0.008680  0.266631
 1.336  0.008614  0.266295
 1.337  0.008549  0.265960
 1.338  0.008484  0.265617
 1.339  0.008418  0.265251
 1.340  0.008352  0.264864
 1.341  0.008280  0.264366
 1.342  0.008222  0.264196
 1.343  0.008162  0.263901
 1.344  0.008102  0.263585
 1.345  0.008041  0.263264
 1.346  0.007981  0.262930
 1.347  0.007920  0.262595
 1.348  0.007860  0.262262
 1.349  0.007800  0.261913
 1.350  0.007739  0.261556
 1.351  0.007678  0.261184
 1.352  0.007616  0.260772
 1.353  0.007550  0.260263
 1.354  0.007495  0.259984
 1.355  0.007439  0.259705
 1.356  0.007383  0.259425
 1.357  0.007328  0.259151
 1.358  0.007273  0.258889
 1.359  0.007219  0.258647
 1.360  0.007166  0.258450
 1.361  0.007110  0.258098
 1.362  0.007054  0.257728
 1.363  0.006997  0.257343
 1.364  0.006939  0.256911
 1.365  0.006880  0.256429
 1.366  0.006828  0.256136
 1.367  0.006776  0.255844
 1.368  0.006724  0.255551
 1.369  0.006673  0.255252
 1.370  0.006621  0.254947
 1.371  0.006570  0.254647
 1.372  0.006519  0.254349
 1.373  0.006467  0.254037
 1.374  0.006416  0.253727
 1.375  0.006365  0.253402
 1.376  0.006313  0.253066
 1.377  0.006262  0.252814
 1.378  0.006214  0.252515
 1.379  0.006165  0.252206
 1.380  0.006117  0.251895
 1.381  0.006069  0.251588
 1.382  0.006022  0.251280
 1.383  0.005974  0.250957
 1.384  0.005926  0.250635
 1.385  0.005878  0.250311
 1.386  0.005830  0.249965
 1.387  0.005782  0.249618
 1.388  0.005732  0.249197
 1.389  0.005684  0.248827
 1.390  0.005640  0.248575
 1.391  0.005596  0.248327
 1.392  0.005552  0.248092
 1.393  0.005509  0.247869
 1.394  0.005467  0.247744
 1.395  0.005424  0.247479
 1.396  0.005379  0.247145
 1.397  0.005335  0.246800
 1.398  0.005290  0.246452
 1.399  0.005245  0.246067
 1.400  0.005197  0.245577
 1.401  0.005155  0.245282
 1.402  0.005114  0.245005
 1.403  0.005073  0.244724
 1.404  0.005032  0.244449
 1.405  0.004991  0.244175
 1.406  0.004950  0.243904
 1.407  0.004910  0.243628
 1.408  0.004869  0.243361
 1.409  0.004829  0.243101
 1.410  0.004789  0.242860
 1.411  0.004750  0.242719
 1.412  0.004707  0.242244
 1.413  0.004668  0.241949
 1.414  0.004629  0.241655
 1.415  0.004591  0.241359
 1.416  0.004552  0.241061
 1.417  0.004514  0.240761
 1.418  0.004476  0.240462
 1.419  0.004438  0.240168
 1.420  0.004400  0.239859
 1.421  0.004362  0.239555
 1.422  0.004324  0.239229
 1.423  0.004285  0.238877
 1.424  0.004247  0.238535
 1.425  0.004212  0.238323
 1.426  0.004178  0.238134
 1.427  0.004144  0.238033
 1.428  0.004110  0.237869
 1.429  0.004075  0.237552
 1.430  0.004039  0.237231
 1.431  0.004003  0.236910
 1.432  0.003968  0.236585
 1.433  0.003932  0.236249
 1.434  0.003897  0.235900
 1.435  0.003859  0.235450
 1.436  0.003826  0.235191
 1.437  0.003793  0.234931
 1.438  0.003760  0.234682
 1.439  0.003728  0.234431
 1.440  0.003695  0.234195
 1.441  0.003663  0.233973
 1.442  0.003631  0.233775
 1.443  0.003600  0.233651
 1.444  0.003569  0.233490
 1.445  0.003536  0.233125
 1.446  0.003502  0.232730
 1.447  0.003469  0.232343
 1.448  0.003438  0.232057
 1.449  0.003407  0.231773
 1.450  0.003376  0.231493
 1.451  0.003345  0.231212
 1.452  0.003315  0.230938
 1.453  0.003284  0.230662
 1.454  0.003254  0.230395
 1.455  0.003224  0.230127
 1.456  0.003194  0.229869
 1.457  0.003164  0.229603
 1.458  0.003134  0.229331
 1.459  0.003108  0.229399
 1.460  0.003079  0.229094
 1.461  0.003050  0.228788
 1.462  0.003021  0.228477
 1.463  0.002993  0.228174
 1.464  0.002964  0.227875
 1.465  0.002936  0.227570
 1.466  0.002907  0.227268
 1.467  0.002879  0.226963
 1.468  0.002851  0.226647
 1.469  0.002822  0.226268
 1.470  0.002795  0.226042
 1.471  0.002769  0.225821
 1.472  0.002743  0.225634
 1.473  0.002717  0.225482
 1.474  0.002693  0.225466
 1.475  0.002667  0.225285
 1.476  0.002640  0.224959
 1.477  0.002614  0.224631
 1.478  0.002587  0.224293
 1.479  0.002561  0.223959
 1.480  0.002533  0.223547
 1.481  0.002508  0.223276
 1.482  0.002483  0.223012
 1.483  0.002458  0.222752
 1.484  0.002434  0.222508
 1.485  0.002409  0.222268
 1.486  0.002385  0.222052
 1.487  0.002361  0.221858
 1.488  0.002338  0.221715
 1.489  0.002316  0.221811
 1.490  0.002291  0.221441
 1.491  0.002266  0.221028
 1.492  0.002242  0.220722
 1.493  0.002219  0.220417
 1.494  0.002195  0.220128
 1.495  0.002172  0.219842
 1.496  0.002149  0.219559
 1.497  0.002126  0.219285
 1.498  0.002103  0.219014
 1.499  0.002081  0.218766
 1.500  0.002058  0.218519
 1.501  0.002036  0.218287
 1.502  0.002014  0.218088
 1.503  0.001994  0.218087
 1.504  0.001974  0.217999
 1.505  0.001952  0.217671
 1.506  0.001930  0.217351
 1.507  0.001908  0.217032
 1.508  0.001886  0.216718
 1.509  0.001865  0.216420
 1.510  0.001844  0.216123
 1.511  0.001823  0.215826
 1.512  0.001801  0.215513
 1.513  0.001781  0.215262
 1.514  0.001761  0.215056
 1.515  0.001741  0.214886
 1.516  0.001722  0.214775
 1.517  0.001705  0.214995
 1.518  0.001684  0.214647
 1.519  0.001664  0.214302
 1.520  0.001644  0.213963
 1.521  0.001624  0.213630
 1.522  0.001604  0.213290
 1.523  0.001585  0.212971
 1.524  0.001565  0.212694
 1.525  0.001547  0.212427
 1.526  0.001528  0.212179
 1.527  0.001509  0.211958
 1.528  0.001491  0.211769
 1.529  0.001473  0.211644
 1.530  0.001456  0.211653
 1.531  0.001439  0.211615
 1.532  0.001421  0.211252
 1.533  0.001402  0.210882
 1.534  0.001384  0.210557
 1.535  0.001366  0.210243
 1.536  0.001348  0.209935
 1.537  0.001330  0.209656
 1.538  0.001313  0.209379
 1.539  0.001296  0.209128
 1.540  0.001279  0.208899
 1.541  0.001262  0.208739
 1.542  0.001246  0.208648
 1.543  0.001232  0.208954
 1.544  0.001215  0.208578
 1.545  0.001198  0.208219
 1.546  0.001181  0.207862
 1.547  0.001164  0.207525
 1.548  0.001148  0.207205
 1.549  0.001131  0.206894
 1.550  0.001115  0.206618
 1.551  0.001099  0.206353
 1.552  0.001084  0.206138
 1.553  0.001069  0.205949
 1.554  0.001054  0.205861
 1.555  0.001040  0.205995
 1.556  0.001026  0.205896
 1.557  0.001010  0.205514
 1.558  0.000994  0.205144
 1.559  0.000979  0.204789
 1.560  0.000964  0.204473
 1.561  0.000949  0.204176
 1.562  0.000934  0.203919
 1.563  0.000920  0.203656
 1.564  0.000905  0.203422
 1.565  0.000891  0.203256
 1.566  0.000878  0.203229
 1.567  0.000866  0.203572
 1.568  0.000851  0.203152
 1.569  0.000837  0.202759
 1.570  0.000823  0.202414
 1.571  0.000809  0.202122
 1.572  0.000795  0.201781
 1.573  0.000782  0.201451
 1.574  0.000768  0.201171
 1.575  0.000755  0.200938
 1.576  0.000742  0.200777
 1.577  0.000730  0.200766
 1.578  0.000719  0.201194
 1.579  0.000706  0.200805
 1.580  0.000693  0.200427
 1.581  0.000680  0.200024
 1.582  0.000667  0.199640
 1.583  0.000654  0.199275
 1.584  0.000641  0.198962
 1.585  0.000629  0.198688
 1.586  0.000617  0.198504
 1.587  0.000605  0.198481
 1.588  0.000595  0.198879
 1.589  0.000584  0.198820
 1.590  0.000572  0.198316
 1.591  0.000559  0.197837
 1.592  0.000548  0.197441
 1.593  0.000536  0.197063
 1.594  0.000524  0.196764
 1.595  0.000513  0.196506
 1.596  0.000503  0.196563
 1.597  0.000492  0.196466
 1.598  0.000483  0.197114
 1.599  0.000472  0.196566
 1.600  0.000460  0.196053
 1.601  0.000449  0.195561
 1.602  0.000438  0.195167
 1.603  0.000427  0.194896
 1.604  0.000417  0.194833
 1.605  0.000407  0.194518
 1.606  0.000397  0.194422
 1.607  0.000388  0.194774
 1.608  0.000378  0.194661
 1.609  0.000368  0.194141
 1.610  0.000358  0.193658
 1.611  0.000348  0.193357
 1.612  0.000339  0.193170
 1.613  0.000329  0.192747
 1.614  0.000319  0.192501
 1.615  0.000311  0.192576
 1.616  0.000303  0.193201
 1.617  0.000293  0.192630
 1.618  0.000284  0.192243
 1.619  0.000275  0.191894
 1.620  0.000266  0.191349
 1.621  0.000257  0.190971
 1.622  0.000248  0.190698
 1.623  0.000240  0.190856
 1.624  0.000233  0.191559
 1.625  0.000225  0.191443
 1.626  0.000216  0.190619
 1.627  0.000207  0.189902
 1.628  0.000199  0.189363
 1.629  0.000191  0.189112
 1.630  0.000184  0.189274
 1.631  0.000178  0.190646
 1.632  0.000170  0.189996
 1.633  0.000162  0.189044
 1.634  0.000154  0.188232
 1.635  0.000147  0.187703
 1.636  0.000140  0.187647
 1.637  0.000134  0.189031
 1.638  0.000127  0.189024
 1.639  0.000120  0.187971
 1.640  0.000113  0.186953
 1.641  0.000107  0.186416
 1.642  0.000100  0.186539
 1.643  0.000095  0.187756
 1.644  0.000090  0.187547
 1.645  0.000083  0.186311
 1.646  0.000077  0.185321
 1.647  0.000071  0.185523
 1.648  0.000066  0.186207
 1.649  0.000062  0.186847
 1.650  0.000056  0.184967
 1.651  0.000051  0.184301
 1.652  0.000047  0.184951
 1.653  0.000044  0.186320
 1.654  0.000039  0.184772
 1.655  0.000035  0.183644
 1.656  0.000031  0.183815
 1.657  0.000029  0.186255
 1.658  0.000026  0.183479
 1.659  0.000023  0.183710
 1.660  0.000022  0.182529
 1.661  0.000021  0.183348
 1.662  0.000020  0.181620
 1.663  0.000021  0.185582
 1.664  0.000023  0.183578
 1.665  0.000029  0.186266
 1.666  0.000033  0.173251
 1.667  0.000000  0.000000
