0.000    0.000059    0.000000
0.150    0.000489    0.000961
0.300    0.000977    0.001922
0.440    0.001467    0.002905
0.590    0.001957    0.003884
0.740    0.002449    0.004860
0.890    0.002943    0.005835
1.040    0.004651    0.007155
1.180    0.007195    0.008954
1.330    0.009518    0.011065
1.480    0.011394    0.013336
1.630    0.012913    0.015673
1.770    0.014414    0.018075
1.920    0.016378    0.020592
2.070    0.018075    0.023168
2.220    0.019415    0.025747
2.370    0.020839    0.028341
2.510    0.022312    0.030964
2.660    0.023495    0.033569
2.810    0.025036    0.036198
2.960    0.026621    0.038851
3.110    0.028252    0.041531
3.250    0.029912    0.044246
3.400    0.031653    0.046992
3.550    0.033463    0.049773
3.700    0.035360    0.052592
3.840    0.037338    0.055460
3.990    0.039615    0.058389
4.140    0.043368    0.061480
4.290    0.072124    0.066439
4.440    0.058940    0.070355
4.580    0.057195    0.074039
4.730    0.055322    0.077490
4.880    0.076372    0.082106
5.030    0.070855    0.086262
5.180    0.063648    0.089887
5.320    0.083517    0.094518
5.470    0.091272    0.099440
5.620    0.088130    0.104066
5.770    0.087455    0.108537
5.910    0.095136    0.113286
6.060    0.111066    0.118693
6.210    0.110579    0.123946
6.360    0.106153    0.128870
6.510    0.101578    0.133473
6.650    0.144416    0.139879
6.800    0.122223    0.145181
6.950    0.125892    0.150525
7.100    0.138827    0.156293
7.250    0.161081    0.162847
7.390    0.157643    0.169140
7.540    0.157894    0.175318
7.690    0.178018    0.182147
7.840    0.191334    0.189346
7.980    0.200437    0.196756
8.130    0.189691    0.203639
8.280    0.198398    0.210707
8.430    0.214207    0.218203
8.580    0.208949    0.225388
8.720    0.215047    0.232663
8.870    0.225985    0.240179
9.020    0.238009    0.247963
9.170    0.247465    0.255924
9.320    0.263322    0.264258
9.460    0.280859    0.273017
9.610    0.299409    0.282208
9.760    0.321312    0.291919
9.910    0.345796    0.302213
10.060    0.372837    0.313146
10.200    0.400606    0.324732
10.350    0.434512    0.337117
10.500    0.469677    0.350313
10.650    0.507304    0.364365
10.790    0.545616    0.379282
10.940    0.590001    0.395191
11.090    0.636971    0.412135
11.240    0.684983    0.430113
11.390    0.735159    0.449154
11.530    0.775774    0.469002
11.680    0.824147    0.489817
11.830    0.864354    0.511371
11.980    0.903748    0.533626
12.130    0.937563    0.556427
12.270    0.960729    0.579525
12.420    0.985878    0.602942
12.570    1.002950    0.626480
12.720    1.022019    0.650182
12.860    1.034128    0.673904
13.010    1.039728    0.697480
13.160    1.055860    0.721149
13.310    1.062580    0.744699
13.460    1.079662    0.768362
13.600    1.102235    0.792271
13.750    1.112328    0.816135
13.900    1.148944    0.840520
14.050    1.167676    0.865037
14.200    1.207475    0.890121
14.340    1.249664    0.915829
14.490    1.282074    0.941931
14.640    1.331788    0.968767
14.790    1.363598    0.995965
14.930    1.398127    1.023590
15.080    1.437706    1.051715
15.230    1.486907    1.080516
15.380    1.559559    1.110430
15.530    1.637748    1.141540
15.670    1.699051    1.173525
15.820    1.736862    1.205913
15.970    1.743234    1.238114
16.120    1.711889    1.269442
16.270    1.634985    1.299087
16.410    1.547699    1.326910
16.560    1.460029    1.352919
16.710    1.364286    1.377004
16.860    1.258738    1.399028
17.010    1.122011    1.418487
17.150    0.984186    1.435416
17.300    0.841489    1.449765
17.450    0.714363    1.461842
17.600    0.625436    1.472325
17.740    0.563384    1.481694
17.890    0.514612    1.490180
18.040    0.479055    1.498013
18.190    0.454793    1.505389
18.340    0.437898    1.512433
18.480    0.429124    1.519283
18.630    0.425150    1.526015
18.780    0.425976    1.532706
18.930    0.430713    1.539418
19.080    0.437468    1.546182
19.220    0.444673    1.553007
19.370    0.451464    1.559883
19.520    0.455519    1.566767
19.670    0.455394    1.573597
19.810    0.450815    1.580310
19.960    0.441421    1.586834
20.110    0.427962    1.593112
20.260    0.416429    1.599176
20.410    0.392417    1.604847
20.550    0.373421    1.610208
20.700    0.352376    1.615230
20.850    0.331145    1.619915
21.000    0.310178    1.624272
21.150    0.296974    1.628414
21.290    0.272374    1.632188
21.440    0.254291    1.635687
21.590    0.235933    1.638911
21.740    0.220965    1.641909
21.880    0.207951    1.644713
22.030    0.193118    1.647299
22.180    0.179573    1.649688
22.330    0.168026    1.651907
22.480    0.157474    1.653974
22.620    0.148494    1.655910
22.770    0.139632    1.657719
22.920    0.131532    1.659412
23.070    0.124121    1.661000
23.220    0.117332    1.662490
23.360    0.111542    1.663899
23.510    0.105787    1.665226
23.660    0.100492    1.666479
23.810    0.095611    1.667664
23.950    0.091427    1.668790
24.100    0.087236    1.669858
24.250    0.083353    1.670872
24.400    0.079750    1.671836
24.550    0.076401    1.672754
24.690    0.073511    1.673632
24.840    0.070589    1.674471
24.990    0.067859    1.675272
25.140    0.065307    1.676038
25.290    0.062917    1.676772
25.430    0.060844    1.677478
25.580    0.058730    1.678155
25.730    0.056743    1.678806
25.880    0.054873    1.679431
26.030    0.053112    1.680033
26.170    0.051578    1.680614
26.320    0.050003    1.681175
26.470    0.048516    1.681716
26.620    0.047111    1.682238
26.760    0.045883    1.682743
26.910    0.044619    1.683233
27.060    0.043421    1.683706
27.210    0.042286    1.684164
27.360    0.041209    1.684609
27.500    0.040268    1.685041
27.650    0.039294    1.685460
27.800    0.038370    1.685867
27.950    0.037492    1.686263
28.100    0.036658    1.686648
28.240    0.035929    1.687023
28.390    0.035174    1.687388
28.540    0.034456    1.687745
28.690    0.033774    1.688092
28.830    0.033180    1.688431
28.980    0.032563    1.688763
29.130    0.031977    1.689087
29.280    0.031422    1.689403
29.430    0.030896    1.689713
29.570    0.030440    1.690017
29.720    0.029966    1.690314
29.870    0.029519    1.690606
30.020    0.029096    1.690892
30.170    0.028699    1.691172
30.310    0.028358    1.691448
30.460    0.028005    1.691719
30.610    0.027676    1.691986
30.760    0.027368    1.692249
30.900    0.027109    1.692507
31.050    0.026843    1.692762
31.200    0.026598    1.693014
31.350    0.026373    1.693262
31.500    0.026170    1.693507
31.640    0.026006    1.693750
31.790    0.025842    1.693989
31.940    0.025699    1.694227
32.090    0.025576    1.694462
32.240    0.025474    1.694695
32.380    0.025405    1.694926
32.530    0.025343    1.695156
32.680    0.025303    1.695385
32.830    0.025285    1.695612
32.970    0.025295    1.695838
33.120    0.025322    1.696064
33.270    0.025373    1.696289
33.420    0.025451    1.696513
33.570    0.025563    1.696738
33.710    0.025743    1.696963
33.860    0.033795    1.697258
34.010    0.029770    1.697516
34.160    0.027407    1.697753
34.310    0.027192    1.697986
34.450    0.027265    1.698220
34.600    0.027947    1.698458
34.750    0.028730    1.698702
34.900    0.037216    1.699017
35.050    0.032910    1.699294
35.190    0.033367    1.699573
35.340    0.032926    1.699848
35.490    0.030665    1.700103
35.640    0.031866    1.700367
35.780    0.038592    1.700685
35.930    0.034412    1.700968
36.080    0.033338    1.701240
36.230    0.039280    1.701560
36.380    0.048584    1.701954
36.520    0.043606    1.702306
36.670    0.047496    1.702688
36.820    0.046263    1.703059
36.970    0.049892    1.703457
37.120    0.055637    1.703899
37.260    0.055375    1.704338
37.410    0.059922    1.704810
37.560    0.062038    1.705297
37.710    0.060604    1.705771
37.850    0.068909    1.706309
38.000    0.074516    1.706887
38.150    0.084600    1.707541
38.300    0.106237    1.708359
38.450    0.102770    1.709148
38.590    0.140262    1.710220
38.740    0.157678    1.711421
38.890    0.194867    1.712899
39.040    0.224677    1.714597
39.190    0.273707    1.716657
39.330    0.274734    1.718718
39.480    0.277659    1.720792
39.630    0.253188    1.722677
39.780    0.233722    1.724410
39.920    0.233206    1.726134
40.070    0.253949    1.728003
40.220    0.298367    1.730192
40.370    0.368775    1.732887
40.520    0.464309    1.736267
40.660    0.558051    1.740316
40.810    0.626451    1.744844
40.960    0.645675    1.749494
41.110    0.626412    1.753989
41.260    0.591741    1.758220
41.400    0.554772    1.762173
41.550    0.516751    1.765842
41.700    0.490192    1.769310
41.850    0.481706    1.772705
41.990    0.489359    1.776143
42.140    0.507575    1.779697
42.290    0.533469    1.783418
42.440    0.579656    1.787447
42.590    0.651112    1.791957
42.730    0.717487    1.796911
42.880    0.740038    1.802002
43.030    0.692978    1.806753
43.180    0.620501    1.810992
43.330    0.563933    1.814831
43.470    0.535512    1.818465
43.620    0.535263    1.822085
43.770    0.573018    1.825947
43.920    0.636282    1.830221
44.070    0.684606    1.834804
44.210    1.017084    1.841590
44.360    0.909730    1.847640
44.510    0.802426    1.852958
44.660    0.853490    1.858596
44.800    0.870695    1.864330
44.950    0.865025    1.870007
45.100    0.824177    1.875398
45.250    0.755671    1.880324
45.400    0.699152    1.884867
45.540    0.679759    1.889270
45.690    0.641646    1.893413
45.840    0.595053    1.897243
45.990    0.581650    1.900974
46.140    0.602119    1.904823
46.280    0.661272    1.909038
46.430    0.580712    1.912728
46.580    0.480900    1.915774
46.730    0.436673    1.918530
46.870    0.416049    1.921149
47.020    0.372106    1.923483
47.170    0.294528    1.925325
47.320    0.232209    1.926773
47.470    0.195571    1.927988
47.610    0.174140    1.929067
47.760    0.152544    1.930010
47.910    0.139566    1.930869
48.060    0.124485    1.931633
48.210    0.112438    1.932321
48.350    0.104015    1.932956
48.500    0.092453    1.933518
48.650    0.084205    1.934029
48.800    0.078776    1.934505
48.940    0.071552    1.934936
49.090    0.065928    1.935332
49.240    0.061237    1.935699
49.390    0.057430    1.936042
49.540    0.053352    1.936360
49.680    0.050103    1.936657
49.830    0.047053    1.936936
49.980    0.045117    1.937202
50.130    0.042512    1.937453
50.280    0.039896    1.937687
50.420    0.037659    1.937907
50.570    0.035699    1.938115
50.720    0.033976    1.938313
50.870    0.032528    1.938501
51.020    0.031453    1.938683
51.160    0.031381    1.938864
51.310    0.038324    1.939085
51.460    0.042470    1.939328
51.610    0.028395    1.939490
51.750    0.025735    1.939637
51.900    0.024228    1.939775
52.050    0.023095    1.939906
52.200    0.022125    1.940031
52.350    0.021251    1.940150
52.490    0.020502    1.940266
52.640    0.019752    1.940376
52.790    0.019049    1.940483
52.940    0.018389    1.940585
53.090    0.017767    1.940684
53.230    0.017220    1.940779
53.380    0.016662    1.940872
53.530    0.016133    1.940960
53.680    0.015631    1.941046
53.820    0.015188    1.941130
53.970    0.014733    1.941210
54.120    0.014299    1.941288
54.270    0.013886    1.941364
54.420    0.013492    1.941437
54.560    0.013142    1.941508
54.710    0.012781    1.941577
54.860    0.012436    1.941643
55.010    0.012105    1.941708
55.160    0.011789    1.941771
55.300    0.011507    1.941833
55.450    0.011215    1.941893
55.600    0.010935    1.941951
55.750    0.010666    1.942007
55.890    0.010426    1.942062
56.040    0.010176    1.942116
56.190    0.009936    1.942168
56.340    0.009705    1.942219
56.490    0.009483    1.942268
56.630    0.009284    1.942316
56.780    0.009076    1.942364
56.930    0.008876    1.942410
57.080    0.008683    1.942454
57.230    0.008497    1.942498
57.370    0.008329    1.942541
57.520    0.008155    1.942583
57.670    0.007986    1.942624
57.820    0.007822    1.942664
57.960    0.007676    1.942703
58.110    0.007522    1.942741
58.260    0.007374    1.942778
58.410    0.007229    1.942815
58.560    0.007090    1.942850
58.700    0.006964    1.942885
58.850    0.006833    1.942920
59.000    0.006705    1.942953
