0.000    0.004883    0.000000
0.150    0.005048    0.009927
0.300    0.005221    0.015061
0.440    0.005391    0.018675
0.590    0.005584    0.021467
0.740    0.005788    0.023775
0.890    0.006004    0.025765
1.040    0.006234    0.027533
1.180    0.006461    0.029148
1.330    0.006720    0.030639
1.480    0.006995    0.032033
1.630    0.007290    0.033353
1.770    0.007584    0.034617
1.920    0.007921    0.035834
2.070    0.008282    0.037014
2.220    0.008672    0.038166
2.370    0.009094    0.039298
2.510    0.009519    0.040417
2.660    0.010014    0.041528
2.810    0.010554    0.042636
2.960    0.011148    0.043747
3.110    0.011806    0.044866
3.250    0.012492    0.046000
3.400    0.013324    0.047156
3.550    0.014302    0.048345
3.700    0.015525    0.049583
3.840    0.017166    0.050901
3.990    0.021041    0.052457
4.140    0.034292    0.054901
4.290    0.035094    0.057314
4.440    0.032864    0.059497
4.580    0.032585    0.061596
4.730    0.043950    0.064337
4.880    0.044464    0.067025
5.030    0.041875    0.069481
5.180    0.050893    0.072379
5.320    0.057029    0.075542
5.470    0.064953    0.079045
5.620    0.064537    0.082432
5.770    0.067529    0.085885
5.910    0.089384    0.090346
6.060    0.094540    0.094949
6.210    0.103485    0.099865
6.360    0.116435    0.105265
6.510    0.166727    0.112821
6.650    0.187327    0.121131
6.800    0.249579    0.131958
6.950    0.380780    0.148120
7.100    0.728071    0.178371
7.250    2.278418    0.271079
7.390    4.772148    0.461578
7.540    4.709299    0.645828
7.690    4.297609    0.810690
7.840    3.808126    0.953981
7.980    3.925548    1.099098
8.130    3.776057    1.236114
8.280    3.394680    1.357059
8.430    3.398574    1.475989
8.580    3.036865    1.580404
8.720    3.070697    1.684286
8.870    2.849139    1.779043
9.020    2.718701    1.867959
9.170    2.695539    1.954675
9.320    2.287603    2.027083
9.460    2.480136    2.104423
9.610    1.805804    2.159856
9.760    2.108748    2.223594
9.910    1.406975    2.265477
10.060    1.687818    2.314970
10.200    1.188528    2.349344
10.350    1.352834    2.387903
10.500    0.977983    2.415380
10.650    1.144268    2.447076
10.790    0.794360    2.468794
10.940    1.055759    2.497263
11.090    0.608088    2.513438
11.240    0.960880    2.538657
11.390    0.528608    2.552348
11.530    0.791681    2.572603
11.680    0.486770    2.584898
11.830    0.646660    2.601023
11.980    0.439643    2.611849
12.130    0.569105    2.625689
12.270    0.427531    2.635968
12.420    0.567221    2.649441
12.570    0.492074    2.660989
12.720    0.679092    2.676739
12.860    0.676328    2.692253
13.010    0.913237    2.712961
13.160    1.156541    2.738886
13.310    1.280651    2.767270
13.460    1.896454    2.808834
13.600    1.774611    2.847328
13.750    2.368105    2.898135
13.900    2.074859    2.942169
14.050    2.479230    2.994224
14.200    2.329022    3.042609
14.340    2.155102    3.086943
14.490    2.052410    3.128728
14.640    1.554733    3.160056
14.790    1.172559    3.183444
14.930    0.906045    3.201346
15.080    0.795243    3.216903
15.230    0.992456    3.236127
15.380    1.781630    3.270300
15.530    2.279026    3.313591
15.670    1.688000    3.345369
15.820    1.363103    3.370787
15.970    1.195736    3.392875
16.120    1.084937    3.412730
16.270    0.954927    3.430044
16.410    0.772355    3.443928
16.560    0.571259    3.454105
16.710    0.386593    3.460930
16.860    0.234842    3.465039
17.010    0.161818    3.467845
17.150    0.120991    3.469926
17.300    0.112888    3.471851
17.450    0.119660    3.473874
17.600    0.143505    3.476280
17.740    0.202845    3.479653
17.890    0.371893    3.485785
18.040    1.074763    3.503360
18.190    3.987236    3.568024
18.340    3.168425    3.618988
18.480    1.634494    3.645080
18.630    0.713575    3.656379
18.780    0.314299    3.661316
18.930    0.167905    3.663933
19.080    0.100216    3.665482
19.220    0.070621    3.666566
19.370    0.053324    3.667378
19.520    0.042450    3.668020
19.670    0.035018    3.668545
19.810    0.029965    3.668991
19.960    0.025869    3.669374
20.110    0.022709    3.669707
20.260    0.020211    3.670001
20.410    0.018193    3.670264
20.550    0.016647    3.670503
20.700    0.015270    3.670721
20.850    0.014131    3.670921
21.000    0.013212    3.671106
21.150    0.012422    3.671279
21.290    0.011290    3.671436
21.440    0.010507    3.671580
21.590    0.009883    3.671716
21.740    0.009349    3.671842
21.880    0.008906    3.671962
22.030    0.008492    3.672076
22.180    0.008041    3.672183
22.330    0.007571    3.672283
22.480    0.007211    3.672378
22.620    0.006912    3.672468
22.770    0.006619    3.672554
22.920    0.006350    3.672635
23.070    0.006102    3.672713
23.220    0.005872    3.672788
23.360    0.005673    3.672860
23.510    0.005473    3.672928
23.660    0.005287    3.672994
23.810    0.005113    3.673058
23.950    0.004961    3.673119
24.100    0.004808    3.673178
24.250    0.004664    3.673234
24.400    0.004529    3.673289
24.550    0.004402    3.673342
24.690    0.004290    3.673393
24.840    0.004177    3.673443
24.990    0.004070    3.673491
25.140    0.003969    3.673537
25.290    0.003874    3.673583
25.430    0.003789    3.673627
25.580    0.003704    3.673669
25.730    0.003622    3.673711
25.880    0.003546    3.673751
26.030    0.003473    3.673791
26.170    0.003408    3.673829
26.320    0.003342    3.673867
26.470    0.003280    3.673903
26.620    0.003221    3.673939
26.760    0.003169    3.673974
26.910    0.003116    3.674008
27.060    0.003066    3.674041
27.210    0.003018    3.674074
27.360    0.002973    3.674106
27.500    0.002933    3.674138
27.650    0.002893    3.674168
27.800    0.002855    3.674199
27.950    0.002819    3.674228
28.100    0.002786    3.674258
28.240    0.002756    3.674286
28.390    0.002727    3.674315
28.540    0.002699    3.674343
28.690    0.002674    3.674370
28.830    0.002652    3.674397
28.980    0.002630    3.674424
29.130    0.002610    3.674451
29.280    0.002591    3.674477
29.430    0.002575    3.674502
29.570    0.002561    3.674528
29.720    0.002549    3.674553
29.870    0.002537    3.674578
30.020    0.002528    3.674603
30.170    0.002521    3.674628
30.310    0.002515    3.674652
30.460    0.002511    3.674677
30.610    0.002509    3.674701
30.760    0.002509    3.674725
30.900    0.002511    3.674749
31.050    0.002515    3.674773
31.200    0.002520    3.674797
31.350    0.002528    3.674820
31.500    0.002539    3.674844
31.640    0.002550    3.674868
31.790    0.002566    3.674892
31.940    0.002583    3.674916
32.090    0.002604    3.674940
32.240    0.002628    3.674964
32.380    0.002654    3.674988
32.530    0.002685    3.675012
32.680    0.002721    3.675037
32.830    0.002764    3.675062
32.970    0.002810    3.675087
33.120    0.002872    3.675112
33.270    0.002953    3.675138
33.420    0.003074    3.675166
33.570    0.003311    3.675195
33.710    0.004004    3.675230
33.860    0.006811    3.675289
34.010    0.006528    3.675346
34.160    0.005184    3.675390
34.310    0.004563    3.675430
34.450    0.004521    3.675468
34.600    0.004941    3.675511
34.750    0.006089    3.675562
34.900    0.006941    3.675621
35.050    0.007171    3.675681
35.190    0.007398    3.675743
35.340    0.007703    3.675808
35.490    0.008083    3.675875
35.640    0.008378    3.675944
35.780    0.008315    3.676013
35.930    0.007956    3.676078
36.080    0.007995    3.676143
36.230    0.009511    3.676221
36.380    0.013944    3.676334
36.520    0.013055    3.676439
36.670    0.011702    3.676533
36.820    0.011976    3.676629
36.970    0.013089    3.676734
37.120    0.015053    3.676853
37.260    0.016217    3.676982
37.410    0.017255    3.677118
37.560    0.018674    3.677265
37.710    0.020727    3.677427
37.850    0.023432    3.677609
38.000    0.027467    3.677823
38.150    0.033464    3.678081
38.300    0.041684    3.678402
38.450    0.053195    3.678811
38.590    0.070273    3.679348
38.740    0.108492    3.680174
38.890    0.239887    3.681994
39.040    0.707442    3.687339
39.190    0.399821    3.690349
39.330    0.163506    3.691575
39.480    0.076329    3.692146
39.630    0.058691    3.692582
39.780    0.062363    3.693045
39.920    0.083351    3.693661
40.070    0.159282    3.694834
40.220    0.347605    3.697383
40.370    0.594560    3.701728
40.520    0.905046    3.708317
40.660    1.390127    3.718403
40.810    1.889377    3.732060
40.960    0.968152    3.739033
41.110    0.430368    3.742121
41.260    0.277183    3.744103
41.400    0.189436    3.745453
41.550    0.130956    3.746383
41.700    0.107560    3.747144
41.850    0.118854    3.747981
41.990    0.187256    3.749297
42.140    0.571338    3.753297
42.290    1.046453    3.760596
42.440    0.969162    3.767333
42.590    1.005941    3.774301
42.730    1.167956    3.782364
42.880    0.906829    3.788603
43.030    0.635646    3.792960
43.180    0.519298    3.796508
43.330    0.492369    3.799860
43.470    0.539312    3.803520
43.620    0.706431    3.808298
43.770    0.712313    3.813099
43.920    0.999735    3.819814
44.070    2.655661    3.837590
44.210    2.519136    3.854400
44.360    2.017513    3.867817
44.510    1.554698    3.878121
44.660    1.390327    3.887304
44.800    1.055072    3.894252
44.950    0.649925    3.898517
45.100    0.271847    3.900295
45.250    0.196852    3.901579
45.400    0.363546    3.903941
45.540    0.725728    3.908642
45.690    0.370644    3.911035
45.840    0.310445    3.913033
45.990    0.356632    3.915321
46.140    0.399516    3.917875
46.280    0.288249    3.919712
46.430    0.233848    3.921198
46.580    0.251229    3.922789
46.730    0.302153    3.924697
46.870    0.330075    3.926774
47.020    0.092134    3.927352
47.170    0.043578    3.927625
47.320    0.028954    3.927805
47.470    0.022208    3.927943
47.610    0.018318    3.928057
47.760    0.015601    3.928153
47.910    0.013807    3.928238
48.060    0.012240    3.928313
48.210    0.011000    3.928381
48.350    0.010258    3.928443
48.500    0.009289    3.928500
48.650    0.008487    3.928551
48.800    0.007958    3.928599
48.940    0.007332    3.928643
49.090    0.006746    3.928684
49.240    0.006344    3.928722
49.390    0.005952    3.928757
49.540    0.005574    3.928791
49.680    0.005291    3.928822
49.830    0.005057    3.928852
49.980    0.004841    3.928881
50.130    0.004575    3.928908
50.280    0.004258    3.928933
50.420    0.003979    3.928956
50.570    0.003774    3.928978
50.720    0.003693    3.928999
50.870    0.003781    3.929021
51.020    0.004261    3.929046
51.160    0.006124    3.929081
51.310    0.019225    3.929192
51.460    0.012720    3.929265
51.610    0.004903    3.929293
51.750    0.003491    3.929313
51.900    0.002933    3.929329
52.050    0.002648    3.929344
52.200    0.002465    3.929358
52.350    0.002330    3.929371
52.490    0.002228    3.929384
52.640    0.002135    3.929396
52.790    0.002054    3.929407
52.940    0.001980    3.929418
53.090    0.001914    3.929429
53.230    0.001856    3.929439
53.380    0.001798    3.929449
53.530    0.001744    3.929459
53.680    0.001694    3.929468
53.820    0.001649    3.929477
53.970    0.001604    3.929486
54.120    0.001561    3.929494
54.270    0.001520    3.929503
54.420    0.001481    3.929511
54.560    0.001446    3.929518
54.710    0.001410    3.929526
54.860    0.001376    3.929533
55.010    0.001344    3.929541
55.160    0.001312    3.929548
55.300    0.001284    3.929555
55.450    0.001255    3.929561
55.600    0.001228    3.929568
55.750    0.001201    3.929574
55.890    0.001177    3.929580
56.040    0.001152    3.929586
56.190    0.001128    3.929592
56.340    0.001105    3.929598
56.490    0.001083    3.929604
56.630    0.001063    3.929609
56.780    0.001042    3.929615
56.930    0.001022    3.929620
57.080    0.001003    3.929625
57.230    0.000984    3.929630
57.370    0.000967    3.929635
57.520    0.000949    3.929640
57.670    0.000932    3.929645
57.820    0.000916    3.929650
57.960    0.000901    3.929654
58.110    0.000885    3.929659
58.260    0.000870    3.929663
58.410    0.000855    3.929667
58.560    0.000841    3.929672
58.700    0.000828    3.929676
58.850    0.000815    3.929680
59.000    0.000802    3.929684
