0.000    0.001832    0.000000
0.150    0.002582    0.005077
0.300    0.006296    0.011268
0.440    0.003921    0.013897
0.590    0.003351    0.015573
0.740    0.008581    0.018993
0.890    0.003768    0.020242
1.040    0.002590    0.020977
1.180    0.003585    0.021873
1.330    0.005480    0.023089
1.480    0.005625    0.024210
1.630    0.003798    0.024897
1.770    0.003976    0.025560
1.920    0.006472    0.026554
2.070    0.004730    0.027228
2.220    0.004674    0.027849
2.370    0.004242    0.028377
2.510    0.005652    0.029042
2.660    0.004915    0.029587
2.810    0.004583    0.030068
2.960    0.004588    0.030525
3.110    0.005874    0.031082
3.250    0.005943    0.031622
3.400    0.004922    0.032049
3.550    0.005606    0.032515
3.700    0.006590    0.033040
3.840    0.006458    0.033536
3.990    0.007467    0.034088
4.140    0.010936    0.034868
4.290    0.024226    0.036533
4.440    0.019758    0.037846
4.580    0.018512    0.039039
4.730    0.016671    0.040078
4.880    0.026030    0.041652
5.030    0.023989    0.043059
5.180    0.018465    0.044110
5.320    0.024007    0.045442
5.470    0.030197    0.047070
5.620    0.029786    0.048634
5.770    0.024738    0.049898
5.910    0.025042    0.051148
6.060    0.037986    0.052997
6.210    0.033458    0.054587
6.360    0.031702    0.056057
6.510    0.026817    0.057273
6.650    0.051268    0.059547
6.800    0.036910    0.061148
6.950    0.035494    0.062655
7.100    0.041689    0.064387
7.250    0.055178    0.066632
7.390    0.050102    0.068632
7.540    0.043288    0.070326
7.690    0.056058    0.072476
7.840    0.060496    0.074752
7.980    0.060466    0.076988
8.130    0.045653    0.078644
8.280    0.046863    0.080314
8.430    0.051519    0.082117
8.580    0.037580    0.083409
8.720    0.032770    0.084517
8.870    0.031447    0.085563
9.020    0.030696    0.086567
9.170    0.026080    0.087406
9.320    0.026565    0.088247
9.460    0.027638    0.089109
9.610    0.028874    0.089995
9.760    0.031115    0.090936
9.910    0.034299    0.091957
10.060    0.038316    0.093080
10.200    0.042949    0.094323
10.350    0.049284    0.095727
10.500    0.057478    0.097342
10.650    0.068482    0.099239
10.790    0.082363    0.101491
10.940    0.104159    0.104300
11.090    0.137803    0.107965
11.240    0.197374    0.113145
11.390    0.326501    0.121602
11.530    0.700208    0.139517
11.680    2.287529    0.197293
11.830    3.035832    0.272996
11.980    3.429333    0.357441
12.130    3.440608    0.441116
12.270    3.378718    0.522349
12.420    3.110629    0.596232
12.570    2.877413    0.663761
12.720    3.300379    0.740303
12.860    3.080907    0.810977
13.010    3.320755    0.886275
13.160    3.146377    0.956805
13.310    2.000473    1.001143
13.460    2.111762    1.047426
13.600    1.494243    1.079838
13.750    1.849886    1.119527
13.900    1.814241    1.158030
14.050    1.095422    1.181030
14.200    1.234964    1.206686
14.340    1.453306    1.236583
14.490    1.729192    1.271788
14.640    2.028141    1.312655
14.790    1.787343    1.348305
14.930    2.040610    1.388626
15.080    2.105312    1.429810
15.230    2.908687    1.486151
15.380    2.499021    1.534084
15.530    2.877984    1.588753
15.670    2.900798    1.643362
15.820    2.758686    1.694804
15.970    2.397444    1.739090
16.120    2.287611    1.780954
16.270    2.034509    1.817843
16.410    1.906088    1.852108
16.560    1.961000    1.887042
16.710    1.627211    1.915769
16.860    1.316065    1.938796
17.010    0.823637    1.953080
17.150    0.461923    1.961025
17.300    0.233235    1.965003
17.450    0.139091    1.967354
17.600    0.101406    1.969054
17.740    0.081872    1.970415
17.890    0.068179    1.971539
18.040    0.060476    1.972528
18.190    0.055679    1.973431
18.340    0.053615    1.974294
18.480    0.054358    1.975161
18.630    0.058895    1.976094
18.780    0.070870    1.977207
18.930    0.099242    1.978754
19.080    0.162540    1.981267
19.220    0.285760    1.985653
19.370    0.524505    1.993641
19.520    0.900502    2.007250
19.670    1.335576    2.027280
19.810    1.489671    2.049464
19.960    1.392469    2.070044
20.110    1.256017    2.088469
20.260    1.243300    2.106572
20.410    1.270753    2.124939
20.550    0.697922    2.134958
20.700    0.211632    2.137974
20.850    0.105012    2.139460
21.000    0.067556    2.140409
21.150    0.049101    2.141094
21.290    0.038399    2.141626
21.440    0.031046    2.142053
21.590    0.025996    2.142408
21.740    0.022330    2.142711
21.880    0.019717    2.142977
22.030    0.017526    2.143212
22.180    0.015700    2.143420
22.330    0.014140    2.143607
22.480    0.012903    2.143776
22.620    0.011932    2.143932
22.770    0.011039    2.144075
22.920    0.010268    2.144207
23.070    0.009596    2.144330
23.220    0.009004    2.144444
23.360    0.008513    2.144552
23.510    0.008042    2.144653
23.660    0.007620    2.144748
23.810    0.007238    2.144837
23.950    0.006915    2.144923
24.100    0.006598    2.145003
24.250    0.006309    2.145080
24.400    0.006044    2.145153
24.550    0.005800    2.145223
24.690    0.005590    2.145290
24.840    0.005381    2.145354
24.990    0.005187    2.145415
25.140    0.005007    2.145474
25.290    0.004840    2.145530
25.430    0.004694    2.145585
25.580    0.004547    2.145637
25.730    0.004410    2.145688
25.880    0.004282    2.145736
26.030    0.004161    2.145783
26.170    0.004055    2.145829
26.320    0.003949    2.145873
26.470    0.003848    2.145916
26.620    0.003754    2.145958
26.760    0.003671    2.145998
26.910    0.003586    2.146038
27.060    0.003507    2.146076
27.210    0.003432    2.146113
27.360    0.003362    2.146149
27.500    0.003300    2.146185
27.650    0.003237    2.146219
27.800    0.003177    2.146253
27.950    0.003122    2.146286
28.100    0.003069    2.146318
28.240    0.003023    2.146350
28.390    0.002976    2.146381
28.540    0.002932    2.146411
28.690    0.002891    2.146441
28.830    0.002855    2.146470
28.980    0.002819    2.146499
29.130    0.002786    2.146527
29.280    0.002755    2.146555
29.430    0.002726    2.146582
29.570    0.002701    2.146609
29.720    0.002677    2.146635
29.870    0.002655    2.146662
30.020    0.002635    2.146688
30.170    0.002617    2.146713
30.310    0.002602    2.146739
30.460    0.002589    2.146764
30.610    0.002577    2.146788
30.760    0.002568    2.146813
30.900    0.002561    2.146837
31.050    0.002556    2.146862
31.200    0.002553    2.146886
31.350    0.002553    2.146910
31.500    0.002555    2.146934
31.640    0.002559    2.146958
31.790    0.002566    2.146982
31.940    0.002575    2.147005
32.090    0.002587    2.147029
32.240    0.002603    2.147053
32.380    0.002621    2.147077
32.530    0.002644    2.147101
32.680    0.002671    2.147125
32.830    0.002705    2.147149
32.970    0.002743    2.147174
33.120    0.002795    2.147199
33.270    0.002866    2.147224
33.420    0.002976    2.147250
33.570    0.003196    2.147278
33.710    0.003842    2.147312
33.860    0.006667    2.147370
34.010    0.006427    2.147426
34.160    0.005061    2.147470
34.310    0.004409    2.147507
34.450    0.004346    2.147545
34.600    0.004743    2.147585
34.750    0.005872    2.147635
34.900    0.006719    2.147692
35.050    0.006930    2.147750
35.190    0.007135    2.147810
35.340    0.007417    2.147872
35.490    0.007771    2.147936
35.640    0.008043    2.148003
35.780    0.007960    2.148069
35.930    0.007570    2.148131
36.080    0.007557    2.148193
36.230    0.008989    2.148266
36.380    0.013333    2.148374
36.520    0.012536    2.148475
36.670    0.011072    2.148564
36.820    0.011236    2.148654
36.970    0.012240    2.148752
37.120    0.014081    2.148864
37.260    0.015130    2.148984
37.410    0.015990    2.149110
37.560    0.017173    2.149245
37.710    0.018892    2.149392
37.850    0.021141    2.149557
38.000    0.024393    2.149746
38.150    0.029205    2.149972
38.300    0.035753    2.150248
38.450    0.043729    2.150583
38.590    0.054299    2.150998
38.740    0.070031    2.151532
38.890    0.087882    2.152198
39.040    0.145147    2.153295
39.190    0.419344    2.156452
39.330    0.699613    2.161699
39.480    0.207434    2.163249
39.630    0.082802    2.163865
39.780    0.057520    2.164292
39.920    0.056257    2.164708
40.070    0.072082    2.165238
40.220    0.132181    2.166208
40.370    0.284238    2.168285
40.520    0.498664    2.171915
40.660    0.718367    2.177127
40.810    0.986694    2.184260
40.960    1.115172    2.192291
41.110    0.937469    2.199019
41.260    0.807480    2.204792
41.400    0.681322    2.209647
41.550    0.530113    2.213410
41.700    0.408752    2.216302
41.850    0.216421    2.217828
41.990    0.121119    2.218679
42.140    0.116806    2.219496
42.290    0.165326    2.220650
42.440    0.376888    2.223269
42.590    1.467472    2.233434
42.730    1.338294    2.242673
42.880    0.962229    2.249293
43.030    0.754709    2.254467
43.180    0.635590    2.258809
43.330    0.500066    2.262214
43.470    0.415668    2.265035
43.620    0.375622    2.267575
43.770    0.413032    2.270359
43.920    0.531427    2.273928
44.070    0.581429    2.277820
44.210    0.669768    2.282289
44.360    0.711566    2.287021
44.510    1.097188    2.294293
44.660    2.673560    2.311953
44.800    3.070259    2.332170
44.950    2.325945    2.347435
45.100    1.483736    2.357140
45.250    0.854070    2.362708
45.400    0.570312    2.366414
45.540    0.563482    2.370064
45.690    0.447061    2.372951
45.840    0.394924    2.375492
45.990    0.533476    2.378914
46.140    0.531155    2.382310
46.280    0.598215    2.386123
46.430    0.321786    2.388168
46.580    0.240086    2.389688
46.730    0.262364    2.391345
46.870    0.336849    2.393465
47.020    0.262664    2.395113
47.170    0.078249    2.395602
47.320    0.044341    2.395878
47.470    0.036506    2.396105
47.610    0.053702    2.396438
47.760    0.027414    2.396607
47.910    0.019148    2.396725
48.060    0.015761    2.396822
48.210    0.013682    2.396906
48.350    0.012436    2.396982
48.500    0.011083    2.397049
48.650    0.010026    2.397110
48.800    0.009286    2.397166
48.940    0.008483    2.397217
49.090    0.007767    2.397264
49.240    0.007253    2.397307
49.390    0.006751    2.397348
49.540    0.006287    2.397385
49.680    0.005941    2.397420
49.830    0.005647    2.397454
49.980    0.005375    2.397485
50.130    0.005056    2.397515
50.280    0.004694    2.397543
50.420    0.004376    2.397568
50.570    0.004128    2.397592
50.720    0.003998    2.397616
50.870    0.004015    2.397639
51.020    0.004333    2.397664
51.160    0.005566    2.397696
51.310    0.013544    2.397774
51.460    0.018405    2.397879
51.610    0.005858    2.397913
51.750    0.003892    2.397935
51.900    0.003194    2.397953
52.050    0.002856    2.397969
52.200    0.002645    2.397984
52.350    0.002491    2.397998
52.490    0.002376    2.398012
52.640    0.002271    2.398025
52.790    0.002179    2.398037
52.940    0.002097    2.398048
53.090    0.002022    2.398060
53.230    0.001958    2.398070
53.380    0.001893    2.398081
53.530    0.001833    2.398091
53.680    0.001776    2.398101
53.820    0.001727    2.398110
53.970    0.001676    2.398119
54.120    0.001629    2.398128
54.270    0.001583    2.398137
54.420    0.001540    2.398145
54.560    0.001502    2.398153
54.710    0.001462    2.398161
54.860    0.001425    2.398169
55.010    0.001389    2.398176
55.160    0.001355    2.398184
55.300    0.001324    2.398191
55.450    0.001293    2.398198
55.600    0.001262    2.398204
55.750    0.001233    2.398211
55.890    0.001207    2.398217
56.040    0.001180    2.398223
56.190    0.001154    2.398229
56.340    0.001130    2.398235
56.490    0.001105    2.398241
56.630    0.001084    2.398247
56.780    0.001061    2.398252
56.930    0.001040    2.398258
57.080    0.001019    2.398263
57.230    0.000999    2.398268
57.370    0.000981    2.398273
57.520    0.000962    2.398278
57.670    0.000943    2.398283
57.820    0.000926    2.398288
57.960    0.000910    2.398292
58.110    0.000893    2.398297
58.260    0.000877    2.398301
58.410    0.000861    2.398306
58.560    0.000846    2.398310
58.700    0.000832    2.398314
58.850    0.000818    2.398318
59.000    0.000804    2.398322
