-0.095  0.000000
-0.094  0.073477
-0.093  0.078217
-0.092  0.083065
-0.091  0.179073
-0.090  0.174692
-0.089  0.173311
-0.088  0.177019
-0.087  0.175036
-0.086  0.175674
-0.085  0.176286
-0.084  0.176793
-0.083  0.176595
-0.082  0.176991
-0.081  0.178092
-0.080  0.178072
-0.079  0.178999
-0.078  0.178239
-0.077  0.179318
-0.076  0.179883
-0.075  0.179994
-0.074  0.180425
-0.073  0.179979
-0.072  0.181005
-0.071  0.181257
-0.070  0.182047
-0.069  0.182860
-0.068  0.182410
-0.067  0.183062
-0.066  0.183238
-0.065  0.183542
-0.064  0.184500
-0.063  0.184649
-0.062  0.184781
-0.061  0.185028
-0.060  0.185563
-0.059  0.185825
-0.058  0.186685
-0.057  0.186851
-0.056  0.187544
-0.055  0.187295
-0.054  0.187722
-0.053  0.188193
-0.052  0.188750
-0.051  0.189176
-0.050  0.639685
-0.049  0.633488
-0.048  0.633783
-0.047  0.645176
-0.046  0.636776
-0.045  0.647570
-0.044  0.639249
-0.043  0.647561
-0.042  0.641900
-0.041  0.646414
-0.040  0.648013
-0.039  0.647209
-0.038  0.650749
-0.037  0.650240
-0.036  0.651418
-0.035  0.654078
-0.034  0.655986
-0.033  0.654540
-0.032  0.657712
-0.031  0.659448
-0.030  0.659351
-0.029  0.660091
-0.028  0.662865
-0.027  0.664996
-0.026  0.664284
-0.025  0.665177
-0.024  0.667942
-0.023  0.669452
-0.022  0.670759
-0.021  0.671165
-0.020  0.672564
-0.019  0.673748
-0.018  0.675272
-0.017  0.677103
-0.016  0.678500
-0.015  0.679708
-0.014  0.680941
-0.013  0.682140
-0.012  0.684122
-0.011  0.685831
-0.010  0.686586
-0.009  0.687698
-0.008  0.688910
-0.007  0.690711
-0.006  0.693136
-0.005  0.694333
-0.004  0.696000
-0.003  0.696891
-0.002  0.697837
-0.001  0.699668
 0.000  0.701434
 0.001  0.702624
 0.002  0.704694
 0.003  0.706289
 0.004  0.707488
 0.005  0.709415
 0.006  0.710717
 0.007  0.711999
 0.008  1.234605
 0.009  1.229978
 0.010  1.239917
 0.011  1.225610
 0.012  1.231548
 0.013  1.235584
 0.014  1.236464
 0.015  1.240889
 0.016  1.242646
 0.017  1.246717
 0.018  1.251195
 0.019  1.250910
 0.020  1.257772
 0.021  1.259879
 0.022  1.259571
 0.023  1.266177
 0.024  1.268730
 0.025  1.269514
 0.026  1.274811
 0.027  1.278727
 0.028  1.278944
 0.029  1.281978
 0.030  1.285612
 0.031  1.291175
 0.032  1.292484
 0.033  1.295756
 0.034  1.299288
 0.035  1.304423
 0.036  1.306352
 0.037  1.308399
 0.038  1.312018
 0.039  1.316903
 0.040  1.319995
 0.041  1.322977
 0.042  1.326100
 0.043  1.330202
 0.044  1.334886
 0.045  1.336616
 0.046  1.340367
 0.047  1.345232
 0.048  1.348931
 0.049  1.352328
 0.050  1.354614
 0.051  1.358615
 0.052  1.363152
 0.053  1.368213
 0.054  1.371484
 0.055  1.374281
 0.056  1.378058
 0.057  1.382249
 0.058  1.386696
 0.059  1.391519
 0.060  1.394199
 0.061  1.398174
 0.062  1.402648
 0.063  1.407532
 0.064  1.411973
 0.065  1.415392
 0.066  1.419531
 0.067  1.423357
 0.068  1.428118
 0.069  1.432975
 0.070  1.437954
 0.071  1.441610
 0.072  1.446497
 0.073  1.451486
 0.074  1.455583
 0.075  1.460185
 0.076  1.464999
 0.077  1.469341
 0.078  1.474512
 0.079  1.479919
 0.080  1.485219
 0.081  1.489584
 0.082  1.495099
 0.083  1.499579
 0.084  1.504673
 0.085  1.509876
 0.086  1.515612
 0.087  1.521746
 0.088  1.527533
 0.089  1.532049
 0.090  1.537093
 0.091  1.543220
 0.092  1.549241
 0.093  1.554999
 0.094  1.560733
 0.095  1.566201
 0.096  1.574542
 0.097  1.580441
 0.098  1.585836
 0.099  1.591002
 0.100  1.597514
 0.101  1.606033
 0.102  1.613411
 0.103  1.619259
 0.104  1.625030
 0.105  1.633103
 0.106  1.640962
 0.107  1.648567
 0.108  1.654998
 0.109  1.663646
 0.110  1.670600
 0.111  1.678702
 0.112  1.686680
 0.113  1.695963
 0.114  1.704676
 0.115  1.712441
 0.116  1.722650
 0.117  1.732456
 0.118  1.741277
 0.119  1.749034
 0.120  1.757686
 0.121  1.771439
 0.122  1.782440
 0.123  1.791593
 0.124  1.800186
 0.125  1.817173
 0.126  1.827753
 0.127  1.836705
 0.128  1.849556
 0.129  1.866610
 0.130  1.878832
 0.131  1.891455
 0.132  1.910926
 0.133  1.925536
 0.134  1.937161
 0.135  1.958476
 0.136  1.976666
 0.137  1.993302
 0.138  2.014433
 0.139  2.038507
 0.140  2.063152
 0.141  2.088985
 0.142  2.113051
 0.143  2.142400
 0.144  2.175892
 0.145  2.214146
 0.146  2.251601
 0.147  2.301392
 0.148  2.366711
 0.149  2.430064
 0.150  2.517634
 0.151  2.652716
 0.152  2.848771
 0.153  4.111829
 0.154  2.836131
 0.155  2.649121
 0.156  2.503695
 0.157  2.428789
 0.158  2.357872
 0.159  2.299126
 0.160  2.257869
 0.161  2.217695
 0.162  2.176959
 0.163  2.149974
 0.164  2.123471
 0.165  2.095510
 0.166  2.069186
 0.167  2.050137
 0.168  2.029803
 0.169  2.011342
 0.170  1.989942
 0.171  1.976529
 0.172  1.963427
 0.173  1.950192
 0.174  1.935501
 0.175  1.919795
 0.176  1.909611
 0.177  1.899376
 0.178  1.887890
 0.179  1.877269
 0.180  1.865990
 0.181  1.856929
 0.182  1.849667
 0.183  1.842305
 0.184  1.834448
 0.185  1.824681
 0.186  1.816686
 0.187  1.809422
 0.188  1.803577
 0.189  1.797302
 0.190  1.791353
 0.191  1.783864
 0.192  1.778360
 0.193  1.773498
 0.194  1.769179
 0.195  1.764599
 0.196  1.759816
 0.197  1.754345
 0.198  1.749180
 0.199  1.744279
 0.200  1.740792
 0.201  1.737608
 0.202  1.734359
 0.203  1.731490
 0.204  1.727394
 0.205  1.724192
 0.206  1.720384
 0.207  1.717410
 0.208  1.715428
 0.209  1.713455
 0.210  1.711195
 0.211  1.707877
 0.212  1.705432
 0.213  1.702968
 0.214  1.702331
 0.215  1.701055
 0.216  1.699477
 0.217  1.697545
 0.218  1.695198
 0.219  1.694345
 0.220  1.693229
 0.221  1.692135
 0.222  1.691580
 0.223  1.691150
 0.224  1.690856
 0.225  1.690352
 0.226  1.688856
 0.227  1.688163
 0.228  1.687414
 0.229  1.688026
 0.230  1.688576
 0.231  1.688889
 0.232  1.689189
 0.233  1.689956
 0.234  1.689840
 0.235  1.690323
 0.236  1.689887
 0.237  1.691473
 0.238  1.692558
 0.239  1.694218
 0.240  1.695094
 0.241  1.695740
 0.242  1.697394
 0.243  1.698782
 0.244  1.700336
 0.245  1.701975
 0.246  1.704817
 0.247  1.706769
 0.248  1.708220
 0.249  1.710887
 0.250  1.713132
 0.251  1.715075
 0.252  1.717165
 0.253  1.719995
 0.254  1.723956
 0.255  1.727677
 0.256  1.730671
 0.257  1.733302
 0.258  1.737113
 0.259  1.740960
 0.260  1.744176
 0.261  1.746749
 0.262  1.752392
 0.263  1.757413
 0.264  1.761430
 0.265  1.765630
 0.266  1.770368
 0.267  1.776510
 0.268  1.781039
 0.269  1.785510
 0.270  1.792602
 0.271  1.798933
 0.272  1.804953
 0.273  1.810977
 0.274  1.817213
 0.275  1.824792
 0.276  1.830837
 0.277  1.839552
 0.278  1.847773
 0.279  1.854534
 0.280  1.863639
 0.281  1.872533
 0.282  1.882258
 0.283  1.892559
 0.284  1.903825
 0.285  1.913569
 0.286  1.924307
 0.287  1.934904
 0.288  1.943951
 0.289  1.960063
 0.290  1.975288
 0.291  1.989567
 0.292  2.006205
 0.293  2.019481
 0.294  2.035317
 0.295  2.054682
 0.296  2.074962
 0.297  2.098432
 0.298  2.116985
 0.299  2.141530
 0.300  2.170062
 0.301  2.205830
 0.302  2.232169
 0.303  2.265728
 0.304  2.317424
 0.305  2.365189
 0.306  2.418009
 0.307  2.504385
 0.308  2.596536
 0.309  2.821106
 0.310  2.776689
 0.311  3.174032
 0.312  2.801416
 0.313  2.637004
 0.314  2.534092
 0.315  2.460885
 0.316  2.387024
 0.317  2.345017
 0.318  2.298142
 0.319  2.265779
 0.320  2.230932
 0.321  2.207732
 0.322  2.174053
 0.323  2.156611
 0.324  2.127508
 0.325  2.116113
 0.326  2.087788
 0.327  2.075275
 0.328  2.060811
 0.329  2.039656
 0.330  2.032270
 0.331  2.013950
 0.332  2.000392
 0.333  1.994163
 0.334  1.978754
 0.335  1.967748
 0.336  1.965806
 0.337  1.950279
 0.338  1.942341
 0.339  1.937449
 0.340  1.924628
 0.341  1.916432
 0.342  1.911269
 0.343  1.904029
 0.344  1.897254
 0.345  1.893360
 0.346  1.886604
 0.347  1.880038
 0.348  1.875312
 0.349  1.871797
 0.350  1.864753
 0.351  1.862160
 0.352  1.862128
 0.353  1.857168
 0.354  1.852157
 0.355  1.848912
 0.356  1.845836
 0.357  1.843381
 0.358  1.842294
 0.359  1.842174
 0.360  1.839548
 0.361  1.837420
 0.362  1.834847
 0.363  1.835723
 0.364  1.835632
 0.365  1.835641
 0.366  1.836636
 0.367  1.837150
 0.368  1.837331
 0.369  1.838108
 0.370  1.840659
 0.371  1.842874
 0.372  1.844769
 0.373  1.847135
 0.374  1.849363
 0.375  1.853218
 0.376  1.857889
 0.377  1.864780
 0.378  1.867316
 0.379  1.870875
 0.380  1.876061
 0.381  1.886070
 0.382  1.896104
 0.383  1.901340
 0.384  1.904966
 0.385  1.910458
 0.386  1.928318
 0.387  1.939023
 0.388  1.946152
 0.389  1.959042
 0.390  1.963641
 0.391  1.979930
 0.392  1.993888
 0.393  2.002462
 0.394  2.013201
 0.395  2.017342
 0.396  2.028763
 0.397  2.036585
 0.398  2.037417
 0.399  2.043595
 0.400  2.040063
 0.401  2.036324
 0.402  2.034843
 0.403  2.033869
 0.404  2.032512
 0.405  2.027303
 0.406  2.021735
 0.407  2.017081
 0.408  2.017645
 0.409  2.011443
 0.410  2.006205
 0.411  2.005862
 0.412  2.010407
 0.413  1.998621
 0.414  1.991864
 0.415  2.003399
 0.416  1.996521
 0.417  1.990639
 0.418  1.993707
 0.419  1.996882
 0.420  1.992712
 0.421  1.990462
 0.422  1.993061
 0.423  1.998381
 0.424  1.995966
 0.425  1.993300
 0.426  1.994619
 0.427  2.002743
 0.428  2.003906
 0.429  2.004167
 0.430  2.005515
 0.431  2.010722
 0.432  2.010322
 0.433  2.014506
 0.434  2.024926
 0.435  2.026928
 0.436  2.027897
 0.437  2.353293
 0.438  2.397083
 0.439  2.396943
 0.440  2.421442
 0.441  2.434002
 0.442  2.444421
 0.443  2.455780
 0.444  2.475489
 0.445  2.482222
 0.446  2.504342
 0.447  2.514970
 0.448  2.532205
 0.449  2.548065
 0.450  2.561819
 0.451  2.580133
 0.452  2.593030
 0.453  2.622490
 0.454  2.634279
 0.455  2.655989
 0.456  2.670862
 0.457  2.692679
 0.458  2.713720
 0.459  2.737745
 0.460  2.762317
 0.461  2.787092
 0.462  2.811881
 0.463  2.834766
 0.464  2.856002
 0.465  2.864295
 0.466  2.862168
 0.467  2.840410
 0.468  2.777133
 0.469  2.686724
 0.470  2.580876
 0.471  2.473699
 0.472  2.368912
 0.473  2.290732
 0.474  2.218711
 0.475  2.157637
 0.476  2.109213
 0.477  2.067469
 0.478  2.032086
 0.479  2.001514
 0.480  1.977711
 0.481  1.953248
 0.482  1.934169
 0.483  1.915971
 0.484  1.898594
 0.485  1.886133
 0.486  1.872669
 0.487  1.864111
 0.488  1.852372
 0.489  1.845916
 0.490  1.837803
 0.491  1.830825
 0.492  1.824300
 0.493  1.821971
 0.494  1.815692
 0.495  1.816362
 0.496  1.809666
 0.497  1.811523
 0.498  1.805919
 0.499  1.802303
 0.500  1.810001
 0.501  1.817793
 0.502  1.818397
 0.503  1.811161
 0.504  1.817985
 0.505  0.960046
 0.506  0.968293
 0.507  0.976425
 0.508  0.984350
 0.509  0.993176
 0.510  1.001165
 0.511  1.010151
 0.512  1.018423
 0.513  1.027567
 0.514  1.036463
 0.515  1.045646
 0.516  1.054410
 0.517  1.062816
 0.518  1.072834
 0.519  1.082132
 0.520  1.092369
 0.521  1.101548
 0.522  1.111677
 0.523  1.121658
 0.524  1.132901
 0.525  1.142932
 0.526  1.153134
 0.527  1.163717
 0.528  1.175218
 0.529  1.186537
 0.530  1.196933
 0.531  1.209062
 0.532  1.221005
 0.533  1.233144
 0.534  1.244805
 0.535  1.258079
 0.536  1.270924
 0.537  1.283639
 0.538  1.296935
 0.539  1.310883
 0.540  1.325315
 0.541  1.338569
 0.542  1.354189
 0.543  1.369306
 0.544  1.385534
 0.545  1.399653
 0.546  1.417376
 0.547  1.435311
 0.548  1.451658
 0.549  1.469382
 0.550  1.488208
 0.551  1.507999
 0.552  1.527929
 0.553  1.547892
 0.554  1.570898
 0.555  1.593413
 0.556  1.614680
 0.557  1.640543
 0.558  1.667635
 0.559  1.693739
 0.560  1.720871
 0.561  1.753339
 0.562  1.784715
 0.563  1.821242
 0.564  1.857821
 0.565  1.899182
 0.566  1.940807
 0.567  2.021727
 0.568  2.143620
 0.569  2.291136
 0.570  2.412743
 0.571  2.577563
 0.572  2.734209
 0.573  2.948550
 0.574  3.248065
 0.575  3.728694
 0.576  4.366154
 0.577  4.617627
 0.578  3.876996
 0.579  3.543066
 0.580  3.349652
 0.581  3.227943
 0.582  2.916804
 0.583  2.766478
 0.584  2.658078
 0.585  2.575440
 0.586  2.488846
 0.587  2.418711
 0.588  2.363051
 0.589  2.301162
 0.590  2.251359
 0.591  2.221068
 0.592  2.187260
 0.593  2.147752
 0.594  2.112855
 0.595  2.072740
 0.596  2.039291
 0.597  2.012814
 0.598  1.992178
 0.599  1.968219
 0.600  1.930713
 0.601  1.903770
 0.602  1.892829
 0.603  1.886582
 0.604  1.869331
 0.605  1.849251
 0.606  1.831069
 0.607  1.815067
 0.608  2.364266
 0.609  2.277729
 0.610  2.255726
 0.611  2.163653
 0.612  2.008865
 0.613  1.898568
 0.614  1.889809
 0.615  1.855060
 0.616  1.826616
 0.617  1.827642
 0.618  1.832783
 0.619  1.816252
 0.620  1.803287
 0.621  1.793239
 0.622  1.767481
 0.623  1.755306
 0.624  1.740706
 0.625  1.740428
 0.626  1.732565
 0.627  1.723981
 0.628  1.714262
 0.629  1.704004
 0.630  1.692589
 0.631  1.675639
 0.632  1.664771
 0.633  1.659830
 0.634  1.658738
 0.635  1.657326
 0.636  1.650100
 0.637  1.641933
 0.638  1.640966
 0.639  1.641341
 0.640  1.639262
 0.641  1.620097
 0.642  1.608423
 0.643  1.594569
 0.644  1.586929
 0.645  1.580769
 0.646  1.572427
 0.647  1.569868
 0.648  1.565943
 0.649  1.561639
 0.650  1.558443
 0.651  1.556887
 0.652  1.561293
 0.653  1.564908
 0.654  1.568745
 0.655  1.559824
 0.656  1.551332
 0.657  1.547947
 0.658  1.535100
 0.659  1.525616
 0.660  1.562983
 0.661  1.640510
 0.662  1.600248
 0.663  1.614728
 0.664  1.616665
 0.665  1.634575
 0.666  1.632953
 0.667  1.620143
 0.668  1.631596
 0.669  1.627091
 0.670  1.616740
 0.671  1.609410
 0.672  1.611249
 0.673  1.608185
 0.674  1.602595
 0.675  1.597666
 0.676  1.586931
 0.677  1.585610
 0.678  1.590081
 0.679  1.554624
 0.680  1.537237
 0.681  1.507819
 0.682  1.481636
 0.683  1.476922
 0.684  1.482902
 0.685  1.478804
 0.686  1.476371
 0.687  1.473736
 0.688  1.473923
 0.689  1.473769
 0.690  1.469401
 0.691  1.472140
 0.692  1.476298
 0.693  1.479752
 0.694  1.479699
 0.695  1.478751
 0.696  1.477730
 0.697  1.471556
 0.698  1.475351
 0.699  1.479820
 0.700  1.480276
 0.701  1.479013
 0.702  1.478301
 0.703  1.472055
 0.704  1.477574
 0.705  1.477615
 0.706  1.477629
 0.707  1.480729
 0.708  1.489928
 0.709  1.496542
 0.710  1.496796
 0.711  1.494269
 0.712  1.492344
 0.713  1.499914
 0.714  1.509487
 0.715  1.512781
 0.716  1.513989
 0.717  1.509065
 0.718  1.510401
 0.719  1.511277
 0.720  1.513251
 0.721  1.518519
 0.722  1.530799
 0.723  1.536553
 0.724  1.541463
 0.725  1.549132
 0.726  1.562334
 0.727  1.563527
 0.728  1.556537
 0.729  1.557206
 0.730  1.564456
 0.731  1.597793
 0.732  1.612916
 0.733  1.594322
 0.734  1.577630
 0.735  1.566758
 0.736  1.558560
 0.737  1.550919
 0.738  1.546610
 0.739  1.542222
 0.740  1.537944
 0.741  1.535361
 0.742  1.532718
 0.743  1.529976
 0.744  1.527496
 0.745  1.525340
 0.746  1.522882
 0.747  1.521017
 0.748  1.519040
 0.749  1.517467
 0.750  1.516814
 0.751  1.515788
 0.752  1.515557
 0.753  1.515035
 0.754  1.514075
 0.755  1.512773
 0.756  1.511586
 0.757  1.510655
 0.758  1.509675
 0.759  1.508549
 0.760  1.507280
 0.761  1.507024
 0.762  1.505566
 0.763  1.504023
 0.764  1.502073
 0.765  1.499669
 0.766  1.497951
 0.767  1.496069
 0.768  1.494211
 0.769  1.492294
 0.770  1.491012
 0.771  1.489406
 0.772  1.487333
 0.773  1.484839
 0.774  1.483952
 0.775  1.482699
 0.776  1.482007
 0.777  1.481612
 0.778  1.481681
 0.779  1.482981
 0.780  1.484183
 0.781  1.485297
 0.782  1.487076
 0.783  1.488836
 0.784  1.490993
 0.785  1.492871
 0.786  1.494948
 0.787  1.496675
 0.788  1.498915
 0.789  1.500441
 0.790  1.501939
 0.791  1.504953
 0.792  1.505067
 0.793  1.505036
 0.794  1.504925
 0.795  1.504675
 0.796  1.504350
 0.797  1.503320
 0.798  1.502392
 0.799  1.501579
 0.800  1.500981
 0.801  1.500774
 0.802  1.500406
 0.803  1.499703
 0.804  1.499364
 0.805  1.498872
 0.806  1.499153
 0.807  1.499980
 0.808  1.502591
 0.809  1.501491
 0.810  1.500246
 0.811  1.498289
 0.812  1.495272
 0.813  1.492772
 0.814  1.490113
 0.815  1.488012
 0.816  1.485760
 0.817  1.483465
 0.818  1.480788
 0.819  1.477390
 0.820  1.474668
 0.821  1.472442
 0.822  1.469979
 0.823  1.467544
 0.824  1.464446
 0.825  1.461727
 0.826  1.459611
 0.827  1.457226
 0.828  1.454381
 0.829  1.451832
 0.830  1.448329
 0.831  1.446514
 0.832  1.444562
 0.833  1.442389
 0.834  1.439847
 0.835  1.436716
 0.836  1.432274
 0.837  1.430609
 0.838  1.428920
 0.839  1.427095
 0.840  1.425057
 0.841  1.422654
 0.842  1.419032
 0.843  1.417305
 0.844  1.414798
 0.845  1.412922
 0.846  1.411162
 0.847  1.409151
 0.848  1.406444
 0.849  1.404033
 0.850  1.402589
 0.851  1.400941
 0.852  1.399041
 0.853  1.396525
 0.854  1.394839
 0.855  1.391679
 0.856  1.390860
 0.857  1.389876
 0.858  1.388820
 0.859  1.387616
 0.860  1.386076
 0.861  1.384091
 0.862  1.380710
 0.863  1.379777
 0.864  1.379382
 0.865  1.378792
 0.866  1.378056
 0.867  1.377328
 0.868  1.376260
 0.869  1.374762
 0.870  1.372506
 0.871  1.371318
 0.872  1.371396
 0.873  1.371440
 0.874  1.371505
 0.875  1.371311
 0.876  1.371007
 0.877  1.370290
 0.878  1.369022
 0.879  1.369266
 0.880  1.369226
 0.881  1.368760
 0.882  1.369441
 0.883  1.370092
 0.884  1.370963
 0.885  1.371348
 0.886  1.370430
 0.887  1.371630
 0.888  1.372801
 0.889  1.373899
 0.890  1.374807
 0.891  1.375627
 0.892  1.377534
 0.893  1.379417
 0.894  1.380955
 0.895  1.381380
 0.896  1.383694
 0.897  1.386041
 0.898  1.388902
 0.899  1.391882
 0.900  1.394626
 0.901  1.397030
 0.902  1.399856
 0.903  1.403418
 0.904  1.406446
 0.905  1.410314
 0.906  1.415389
 0.907  1.420410
 0.908  1.425532
 0.909  1.430842
 0.910  1.436264
 0.911  1.443184
 0.912  1.450070
 0.913  1.457166
 0.914  1.464779
 0.915  1.472345
 0.916  1.481623
 0.917  1.494521
 0.918  1.506980
 0.919  1.520005
 0.920  1.533978
 0.921  1.549694
 0.922  1.572430
 0.923  1.594394
 0.924  1.618805
 0.925  1.652468
 0.926  1.698971
 0.927  1.756580
 0.928  1.859974
 0.929  2.128198
 0.930  1.917595
 0.931  1.804311
 0.932  1.716248
 0.933  1.656365
 0.934  1.608348
 0.935  1.580247
 0.936  1.541551
 0.937  1.521804
 0.938  1.494189
 0.939  1.477579
 0.940  1.460245
 0.941  1.441868
 0.942  1.427969
 0.943  1.407654
 0.944  1.396996
 0.945  1.382846
 0.946  1.372253
 0.947  1.358687
 0.948  1.347771
 0.949  1.333405
 0.950  1.325543
 0.951  1.315979
 0.952  1.308099
 0.953  1.299413
 0.954  1.293172
 0.955  1.286500
 0.956  1.276456
 0.957  1.268675
 0.958  1.263552
 0.959  1.255921
 0.960  1.250407
 0.961  1.242784
 0.962  1.237527
 0.963  1.236064
 0.964  1.235440
 0.965  1.237341
 0.966  1.230549
 0.967  1.222374
 0.968  1.206877
 0.969  1.183365
 0.970  1.154450
 0.971  1.117292
 0.972  1.100725
 0.973  1.079514
 0.974  1.073197
 0.975  1.068565
 0.976  1.063085
 0.977  1.055947
 0.978  1.051811
 0.979  1.047174
 0.980  1.040964
 0.981  1.036900
 0.982  1.032265
 0.983  1.026658
 0.984  1.022108
 0.985  1.017869
 0.986  1.013153
 0.987  1.007104
 0.988  1.002376
 0.989  0.997348
 0.990  0.993763
 0.991  0.989103
 0.992  0.986612
 0.993  0.982902
 0.994  0.978803
 0.995  0.973368
 0.996  0.969428
 0.997  0.966283
 0.998  0.962894
 0.999  0.958670
 1.000  0.955671
 1.001  0.951997
 1.002  0.948093
 1.003  0.943295
 1.004  0.939686
 1.005  0.937198
 1.006  0.934937
 1.007  0.932993
 1.008  0.928839
 1.009  0.926005
 1.010  0.922556
 1.011  0.919874
 1.012  0.916990
 1.013  0.914188
 1.014  0.913240
 1.015  0.910458
 1.016  0.907797
 1.017  0.904202
 1.018  0.900774
 1.019  0.899457
 1.020  0.899411
 1.021  0.904233
 1.022  0.907985
 1.023  0.914564
 1.024  0.916915
 1.025  0.919702
 1.026  0.923254
 1.027  0.931421
 1.028  0.936173
 1.029  0.941046
 1.030  0.944892
 1.031  0.953172
 1.032  0.966361
 1.033  0.967182
 1.034  0.973226
 1.035  0.981126
 1.036  0.987704
 1.037  1.010835
 1.038  1.012000
 1.039  1.016802
 1.040  1.131917
 1.041  1.134994
 1.042  1.188386
 1.043  0.972495
 1.044  0.996818
 1.045  0.887204
 1.046  0.888362
 1.047  0.832289
 1.048  0.819786
 1.049  0.785631
 1.050  0.809053
 1.051  0.751237
 1.052  0.753550
 1.053  0.781470
 1.054  0.649716
 1.055  0.647370
 1.056  0.644750
 1.057  0.642017
 1.058  0.639885
 1.059  0.637642
 1.060  0.635163
 1.061  0.632976
 1.062  0.630638
 1.063  0.627871
 1.064  0.625713
 1.065  0.623630
 1.066  0.621544
 1.067  0.619585
 1.068  0.617569
 1.069  0.615056
 1.070  0.612850
 1.071  0.611195
 1.072  0.609522
 1.073  0.607899
 1.074  0.606063
 1.075  0.604091
 1.076  0.601939
 1.077  0.599949
 1.078  0.598173
 1.079  0.596298
 1.080  0.594744
 1.081  0.627645
 1.082  0.664422
 1.083  0.693107
 1.084  0.711518
 1.085  0.652649
 1.086  0.683629
 1.087  0.659466
 1.088  0.623640
 1.089  0.662731
 1.090  0.715491
 1.091  0.798934
 1.092  0.856907
 1.093  0.837503
 1.094  0.930486
 1.095  0.903055
 1.096  0.976397
 1.097  0.931822
 1.098  0.898725
 1.099  0.872041
 1.100  0.849222
 1.101  0.823407
 1.102  0.816027
 1.103  0.808266
 1.104  0.799675
 1.105  0.790524
 1.106  0.785155
 1.107  0.780090
 1.108  0.774392
 1.109  0.769828
 1.110  0.766185
 1.111  0.762584
 1.112  0.758562
 1.113  0.755091
 1.114  0.751960
 1.115  0.749216
 1.116  0.747740
 1.117  0.744870
 1.118  0.742557
 1.119  0.739780
 1.120  0.737949
 1.121  0.735101
 1.122  0.732677
 1.123  0.730405
 1.124  0.728893
 1.125  0.726255
 1.126  0.724566
 1.127  0.722728
 1.128  0.721639
 1.129  0.721939
 1.130  0.719959
 1.131  0.719415
 1.132  0.716351
 1.133  0.714753
 1.134  0.713999
 1.135  0.712323
 1.136  0.709675
 1.137  0.708760
 1.138  0.707194
 1.139  0.703839
 1.140  0.706197
 1.141  0.705996
 1.142  0.706245
 1.143  0.707328
 1.144  0.702750
 1.145  0.706848
 1.146  0.701041
 1.147  0.698111
 1.148  0.697298
 1.149  0.693340
 1.150  0.694939
 1.151  0.703052
 1.152  0.694647
 1.153  0.696297
 1.154  0.708631
 1.155  0.581983
 1.156  0.434177
 1.157  0.433145
 1.158  0.432425
 1.159  0.430367
 1.160  0.412306
 1.161  0.403647
 1.162  0.396817
 1.163  0.391585
 1.164  0.391850
 1.165  0.392016
 1.166  0.392222
 1.167  0.393460
 1.168  0.393389
 1.169  0.387991
 1.170  0.386922
 1.171  0.385787
 1.172  0.383491
 1.173  0.378642
 1.174  0.373915
 1.175  0.370139
 1.176  0.370127
 1.177  0.370311
 1.178  0.370772
 1.179  0.371335
 1.180  0.370367
 1.181  0.369452
 1.182  0.368645
 1.183  0.367242
 1.184  0.360873
 1.185  0.356637
 1.186  0.352666
 1.187  0.348628
 1.188  0.347986
 1.189  0.348328
 1.190  0.349379
 1.191  0.348378
 1.192  0.347377
 1.193  0.346271
 1.194  0.345248
 1.195  0.346694
 1.196  0.348471
 1.197  0.344431
 1.198  0.338781
 1.199  0.338846
 1.200  0.339285
 1.201  0.340045
 1.202  0.339036
 1.203  0.338003
 1.204  0.336877
 1.205  0.335826
 1.206  0.335032
 1.207  0.332717
 1.208  0.329131
 1.209  0.327159
 1.210  0.327695
 1.211  0.327775
 1.212  0.325414
 1.213  0.325182
 1.214  0.324122
 1.215  0.323041
 1.216  0.322239
 1.217  0.320652
 1.218  0.316871
 1.219  0.313954
 1.220  0.314793
 1.221  0.315307
 1.222  0.314405
 1.223  0.313591
 1.224  0.312745
 1.225  0.312019
 1.226  0.309649
 1.227  0.307779
 1.228  0.303862
 1.229  0.303466
 1.230  0.304447
 1.231  0.303573
 1.232  0.302752
 1.233  0.301911
 1.234  0.301086
 1.235  0.300225
 1.236  0.299716
 1.237  0.300652
 1.238  0.302085
 1.239  0.299541
 1.240  0.298533
 1.241  0.297592
 1.242  0.296669
 1.243  0.295346
 1.244  0.290602
 1.245  0.289255
 1.246  0.290083
 1.247  0.290036
 1.248  0.289513
 1.249  0.288779
 1.250  0.288211
 1.251  0.287938
 1.252  0.288054
 1.253  0.287681
 1.254  0.286786
 1.255  0.286131
 1.256  0.284980
 1.257  0.283895
 1.258  0.276867
 1.259  0.275227
 1.260  0.274377
 1.261  0.272615
 1.262  0.285200
 1.263  0.295189
 1.264  0.302898
 1.265  0.299521
 1.266  0.298301
 1.267  0.297159
 1.268  0.297009
 1.269  0.300057
 1.270  0.299166
 1.271  0.298836
 1.272  0.299107
 1.273  0.302817
 1.274  0.298443
 1.275  0.299122
 1.276  0.300571
 1.277  0.286841
 1.278  0.289053
 1.279  0.288013
 1.280  0.284478
 1.281  0.283505
 1.282  0.286071
 1.283  0.281724
 1.284  0.255298
 1.285  0.223967
 1.286  0.222925
 1.287  0.221059
 1.288  0.226220
 1.289  0.230999
 1.290  0.232004
 1.291  0.231938
 1.292  0.231969
 1.293  0.233325
 1.294  0.233587
 1.295  0.233521
 1.296  0.233541
 1.297  0.233586
 1.298  0.233618
 1.299  0.228441
 1.300  0.229518
 1.301  0.231699
 1.302  0.231692
 1.303  0.231685
 1.304  0.231719
 1.305  0.231769
 1.306  0.231126
 1.307  0.232401
 1.308  0.233961
 1.309  0.234679
 1.310  0.234586
 1.311  0.237131
 1.312  0.238956
 1.313  0.238665
 1.314  0.238345
 1.315  0.238219
 1.316  0.238288
 1.317  0.238361
 1.318  0.237112
 1.319  0.234300
 1.320  0.233490
 1.321  0.234144
 1.322  0.239477
 1.323  0.240613
 1.324  0.240744
 1.325  0.240913
 1.326  0.241104
 1.327  0.241909
 1.328  0.242854
 1.329  0.242685
 1.330  0.242730
 1.331  0.243343
 1.332  0.247572
 1.333  0.247593
 1.334  0.246678
 1.335  0.244928
 1.336  0.240925
 1.337  0.240994
 1.338  0.241122
 1.339  0.241298
 1.340  0.239957
 1.341  0.240140
 1.342  0.240722
 1.343  0.241215
 1.344  0.241151
 1.345  0.241225
 1.346  0.242353
 1.347  0.244443
 1.348  0.248956
 1.349  0.253398
 1.350  0.253713
 1.351  0.253909
 1.352  0.254205
 1.353  0.254629
 1.354  0.255208
 1.355  0.257562
 1.356  0.256814
 1.357  0.256687
 1.358  0.255577
 1.359  0.255526
 1.360  0.245063
 1.361  0.245566
 1.362  0.253177
 1.363  0.257032
 1.364  0.257087
 1.365  0.257141
 1.366  0.257204
 1.367  0.257642
 1.368  0.258540
 1.369  0.261679
 1.370  0.264666
 1.371  0.267642
 1.372  0.263401
 1.373  0.256142
 1.374  0.244625
 1.375  0.230898
 1.376  0.232223
 1.377  0.233628
 1.378  0.234081
 1.379  0.235543
 1.380  0.244397
 1.381  0.259037
 1.382  0.262328
 1.383  0.266974
 1.384  0.272034
 1.385  0.280274
 1.386  0.295797
 1.387  0.308535
 1.388  0.303048
 1.389  0.290404
 1.390  0.282662
 1.391  0.280615
 1.392  0.278422
 1.393  0.275722
 1.394  0.271746
 1.395  0.268195
 1.396  0.266376
 1.397  0.265537
 1.398  0.264535
 1.399  0.263548
 1.400  0.262208
 1.401  0.259745
 1.402  0.259371
 1.403  0.258455
 1.404  0.258072
 1.405  0.257663
 1.406  0.257253
 1.407  0.256688
 1.408  0.256016
 1.409  0.254776
 1.410  0.254585
 1.411  0.254486
 1.412  0.254479
 1.413  0.254477
 1.414  0.258369
 1.415  0.265935
 1.416  0.266606
 1.417  0.267063
 1.418  0.267702
 1.419  0.267553
 1.420  0.268689
 1.421  0.269816
 1.422  0.271053
 1.423  0.272469
 1.424  0.274005
 1.425  0.276601
 1.426  0.279378
 1.427  0.285268
 1.428  0.297573
 1.429  0.294024
 1.430  0.290032
 1.431  0.285599
 1.432  0.278870
 1.433  0.272848
 1.434  0.271617
 1.435  0.270275
 1.436  0.268863
 1.437  0.267547
 1.438  0.266232
 1.439  0.264700
 1.440  0.262801
 1.441  0.260888
 1.442  0.260195
 1.443  0.259483
 1.444  0.258799
 1.445  0.257904
 1.446  0.257155
 1.447  0.256402
 1.448  0.255553
 1.449  0.254670
 1.450  0.253264
 1.451  0.252791
 1.452  0.252220
 1.453  0.251601
 1.454  0.250938
 1.455  0.250336
 1.456  0.249839
 1.457  0.249381
 1.458  0.248878
 1.459  0.248180
 1.460  0.247423
 1.461  0.246600
 1.462  0.246080
 1.463  0.245548
 1.464  0.244977
 1.465  0.244540
 1.466  0.244094
 1.467  0.243671
 1.468  0.243286
 1.469  0.242918
 1.470  0.242613
 1.471  0.241906
 1.472  0.241243
 1.473  0.240685
 1.474  0.240235
 1.475  0.239790
 1.476  0.239354
 1.477  0.238924
 1.478  0.238494
 1.479  0.238062
 1.480  0.237650
 1.481  0.237236
 1.482  0.236866
 1.483  0.236409
 1.484  0.236017
 1.485  0.235649
 1.486  0.235326
 1.487  0.234893
 1.488  0.234448
 1.489  0.234024
 1.490  0.233596
 1.491  0.233165
 1.492  0.232763
 1.493  0.232392
 1.494  0.232181
 1.495  0.231753
 1.496  0.231339
 1.497  0.230926
 1.498  0.230525
 1.499  0.230139
 1.500  0.229762
 1.501  0.229414
 1.502  0.229119
 1.503  0.228836
 1.504  0.228503
 1.505  0.228342
 1.506  0.227900
 1.507  0.227464
 1.508  0.227049
 1.509  0.226648
 1.510  0.226254
 1.511  0.225863
 1.512  0.225503
 1.513  0.225159
 1.514  0.224856
 1.515  0.224633
 1.516  0.224459
 1.517  0.224091
 1.518  0.223751
 1.519  0.223478
 1.520  0.223061
 1.521  0.222663
 1.522  0.222285
 1.523  0.221942
 1.524  0.221629
 1.525  0.221435
 1.526  0.221411
 1.527  0.220844
 1.528  0.220409
 1.529  0.220008
 1.530  0.219637
 1.531  0.219292
 1.532  0.218992
 1.533  0.218780
 1.534  0.218644
 1.535  0.218836
 1.536  0.218410
 1.537  0.217902
 1.538  0.217331
 1.539  0.216935
 1.540  0.216597
 1.541  0.216354
 1.542  0.216010
 1.543  0.215796
 1.544  0.215982
 1.545  0.215477
 1.546  0.215042
 1.547  0.214619
 1.548  0.214392
 1.549  0.213975
 1.550  0.213778
 1.551  0.213504
 1.552  0.213519
 1.553  0.213342
 1.554  0.212882
 1.555  0.212582
 1.556  0.212058
 1.557  0.211649
 1.558  0.211256
 1.559  0.211047
 1.560  0.211319
 1.561  0.210954
 1.562  0.210545
 1.563  0.210040
 1.564  0.209624
 1.565  0.209462
 1.566  0.209350
 1.567  0.209860
 1.568  0.209371
 1.569  0.208666
 1.570  0.208021
 1.571  0.207506
 1.572  0.207316
 1.573  0.207856
 1.574  0.207622
 1.575  0.206927
 1.576  0.206249
 1.577  0.205890
 1.578  0.206094
 1.579  0.206801
 1.580  0.206059
 1.581  0.205272
 1.582  0.204597
 1.583  0.204896
 1.584  0.205003
 1.585  0.204516
 1.586  0.203650
 1.587  0.203624
 1.588  0.203318
 1.589  0.203876
 1.590  0.202475
 1.591  0.202919
 1.592  0.202200
 1.593  0.202648
 1.594  0.202166
 1.595  0.201411
 1.596  0.201935
 1.597  0.201913
 1.598  0.200417
 1.599  0.201884
 1.600  0.200053
 1.601  0.199348
 1.602  0.194307
 1.603  0.106630
 1.604  0.106511
 1.605  0.106414
 1.606  0.106349
 1.607  0.106382
 1.608  0.106312
 1.609  0.106121
 1.610  0.105933
 1.611  0.105744
 1.612  0.105547
 1.613  0.105386
 1.614  0.105238
 1.615  0.105095
 1.616  0.104962
 1.617  0.104839
 1.618  0.104743
 1.619  0.104681
 1.620  0.104741
 1.621  0.104645
 1.622  0.104440
 1.623  0.104256
 1.624  0.104074
 1.625  0.103905
 1.626  0.103740
 1.627  0.103587
 1.628  0.103447
 1.629  0.103314
 1.630  0.103201
 1.631  0.103129
 1.632  0.103134
 1.633  0.103195
 1.634  0.102988
 1.635  0.102793
 1.636  0.102604
 1.637  0.102418
 1.638  0.102255
 1.639  0.102094
 1.640  0.101959
 1.641  0.101835
 1.642  0.101734
 1.643  0.101667
 1.644  0.101734
 1.645  0.101727
 1.646  0.101513
 1.647  0.101308
 1.648  0.101119
 1.649  0.100942
 1.650  0.100802
 1.651  0.100637
 1.652  0.100500
 1.653  0.100383
 1.654  0.100315
 1.655  0.100343
 1.656  0.100446
 1.657  0.100226
 1.658  0.100025
 1.659  0.099846
 1.660  0.099650
 1.661  0.099469
 1.662  0.099307
 1.663  0.099169
 1.664  0.099076
 1.665  0.099049
 1.666  0.099371
 1.667  0.099190
 1.668  0.098939
 1.669  0.098691
 1.670  0.098483
 1.671  0.098290
 1.672  0.098121
 1.673  0.097990
 1.674  0.097917
 1.675  0.097972
 1.676  0.098295
 1.677  0.098012
 1.678  0.097745
 1.679  0.097494
 1.680  0.097271
 1.681  0.097103
 1.682  0.096974
 1.683  0.096951
 1.684  0.096872
 1.685  0.097005
 1.686  0.097024
 1.687  0.096727
 1.688  0.096482
 1.689  0.096239
 1.690  0.096232
 1.691  0.096025
 1.692  0.095883
 1.693  0.095839
 1.694  0.096257
 1.695  0.095932
 1.696  0.095671
 1.697  0.095555
 1.698  0.095285
 1.699  0.095086
 1.700  0.094901
 1.701  0.094881
 1.702  0.095395
 1.703  0.095108
 1.704  0.094970
 1.705  0.094601
 1.706  0.094267
 1.707  0.094089
 1.708  0.093974
 1.709  0.094347
 1.710  0.094683
 1.711  0.094213
 1.712  0.093752
 1.713  0.093414
 1.714  0.093218
 1.715  0.093322
 1.716  0.094342
 1.717  0.093686
 1.718  0.093183
 1.719  0.092704
 1.720  0.092535
 1.721  0.092981
 1.722  0.093721
 1.723  0.092856
 1.724  0.092353
 1.725  0.091894
 1.726  0.092432
 1.727  0.092724
 1.728  0.092470
 1.729  0.091720
 1.730  0.091542
 1.731  0.091774
 1.732  0.092665
 1.733  0.091414
 1.734  0.091192
 1.735  0.091031
 1.736  0.092153
 1.737  0.090775
 1.738  0.091006
 1.739  0.091690
 1.740  0.090832
 1.741  0.089873
 1.742  0.091259
 1.743  0.090098
 1.744  0.091126
 1.745  0.084039
 1.746  0.000000
