-0.095  0.000000  0.000000
-0.094  0.073398  0.000079
-0.093  0.078049  0.000168
-0.092  0.082814  0.000251
-0.091  0.178584  0.000489
-0.090  0.174058  0.000634
-0.089  0.172535  0.000775
-0.088  0.176083  0.000935
-0.087  0.173973  0.001063
-0.086  0.174473  0.001201
-0.085  0.174943  0.001343
-0.084  0.175313  0.001480
-0.083  0.174983  0.001611
-0.082  0.175243  0.001748
-0.081  0.176200  0.001892
-0.080  0.176052  0.002020
-0.079  0.176838  0.002161
-0.078  0.175956  0.002283
-0.077  0.176892  0.002426
-0.076  0.177322  0.002561
-0.075  0.177301  0.002692
-0.074  0.177592  0.002832
-0.073  0.177023  0.002957
-0.072  0.177905  0.003100
-0.071  0.178030  0.003227
-0.070  0.178681  0.003366
-0.069  0.179351  0.003510
-0.068  0.178778  0.003632
-0.067  0.179288  0.003774
-0.066  0.179333  0.003904
-0.065  0.179505  0.004037
-0.064  0.180315  0.004185
-0.063  0.180331  0.004317
-0.062  0.180333  0.004448
-0.061  0.180448  0.004581
-0.060  0.180842  0.004720
-0.059  0.180973  0.004852
-0.058  0.181685  0.005001
-0.057  0.181717  0.005134
-0.056  0.182264  0.005280
-0.055  0.181894  0.005400
-0.054  0.182183  0.005539
-0.053  0.182513  0.005679
-0.052  0.182928  0.005822
-0.051  0.183214  0.005963
-0.050  0.272267  0.367418
-0.049  0.271309  0.362179
-0.048  0.271384  0.362399
-0.047  0.273960  0.371217
-0.046  0.272689  0.364087
-0.045  0.275217  0.372353
-0.044  0.273877  0.365372
-0.043  0.275881  0.371680
-0.042  0.275035  0.366866
-0.041  0.276365  0.370049
-0.040  0.276890  0.371124
-0.039  0.277170  0.370039
-0.038  0.278244  0.372505
-0.037  0.278595  0.371646
-0.036  0.279033  0.372384
-0.035  0.279865  0.374213
-0.034  0.280652  0.375334
-0.033  0.280820  0.373720
-0.032  0.281780  0.375931
-0.031  0.282574  0.376874
-0.030  0.282929  0.376422
-0.029  0.283542  0.376549
-0.028  0.284292  0.378573
-0.027  0.284976  0.380020
-0.026  0.285274  0.379010
-0.025  0.285937  0.379240
-0.024  0.287020  0.380922
-0.023  0.287650  0.381802
-0.022  0.288311  0.382449
-0.021  0.288826  0.382339
-0.020  0.289370  0.383194
-0.019  0.289875  0.383873
-0.018  0.290577  0.384695
-0.017  0.291432  0.385670
-0.016  0.292224  0.386276
-0.015  0.292990  0.386719
-0.014  0.293642  0.387299
-0.013  0.294270  0.387870
-0.012  0.295107  0.389015
-0.011  0.295663  0.390168
-0.010  0.296168  0.390419
-0.009  0.296820  0.390879
-0.008  0.297548  0.391363
-0.007  0.298423  0.392288
-0.006  0.299458  0.393678
-0.005  0.300223  0.394111
-0.004  0.300910  0.395090
-0.003  0.301463  0.395428
-0.002  0.301975  0.395863
-0.001  0.302732  0.396935
 0.000  0.303536  0.397898
 0.001  0.304233  0.398392
 0.002  0.305159  0.399535
 0.003  0.306007  0.400282
 0.004  0.306791  0.400697
 0.005  0.307742  0.401673
 0.006  0.308318  0.402398
 0.007  0.309006  0.402993
 0.008  0.442745  0.791860
 0.009  0.442036  0.787942
 0.010  0.445186  0.794732
 0.011  0.442121  0.783488
 0.012  0.444233  0.787315
 0.013  0.445965  0.789619
 0.014  0.446807  0.789657
 0.015  0.448628  0.792261
 0.016  0.449653  0.792993
 0.017  0.451235  0.795482
 0.018  0.452944  0.798251
 0.019  0.453478  0.797432
 0.020  0.455909  0.801863
 0.021  0.457120  0.802758
 0.022  0.457733  0.801838
 0.023  0.460134  0.806043
 0.024  0.461465  0.807265
 0.025  0.462355  0.807159
 0.026  0.464404  0.810407
 0.027  0.466067  0.812660
 0.028  0.466734  0.812210
 0.029  0.468192  0.813786
 0.030  0.469801  0.815811
 0.031  0.471939  0.819236
 0.032  0.472988  0.819496
 0.033  0.474549  0.821208
 0.034  0.476171  0.823116
 0.035  0.478255  0.826168
 0.036  0.479502  0.826850
 0.037  0.480775  0.827624
 0.038  0.482389  0.829629
 0.039  0.484342  0.832561
 0.040  0.485859  0.834136
 0.041  0.487355  0.835622
 0.042  0.488922  0.837178
 0.043  0.490763  0.839440
 0.044  0.492759  0.842127
 0.045  0.493969  0.842647
 0.046  0.495719  0.844648
 0.047  0.497763  0.847468
 0.048  0.499531  0.849399
 0.049  0.501171  0.851158
 0.050  0.502511  0.852103
 0.051  0.504330  0.854285
 0.052  0.506299  0.856853
 0.053  0.508429  0.859783
 0.054  0.510099  0.861386
 0.055  0.511641  0.862640
 0.056  0.513460  0.864598
 0.057  0.515394  0.866855
 0.058  0.517401  0.869295
 0.059  0.519509  0.872010
 0.060  0.521027  0.873173
 0.061  0.522894  0.875280
 0.062  0.524897  0.877751
 0.063  0.527043  0.880490
 0.064  0.529088  0.882885
 0.065  0.530859  0.884532
 0.066  0.532841  0.886689
 0.067  0.534733  0.888623
 0.068  0.536888  0.891230
 0.069  0.539066  0.893909
 0.070  0.541272  0.896682
 0.071  0.543105  0.898505
 0.072  0.545331  0.901166
 0.073  0.547611  0.903874
 0.074  0.549644  0.905939
 0.075  0.551799  0.908385
 0.076  0.554002  0.910997
 0.077  0.556103  0.913238
 0.078  0.558452  0.916061
 0.079  0.560857  0.919062
 0.080  0.563235  0.921984
 0.081  0.565364  0.924220
 0.082  0.567869  0.927229
 0.083  0.570059  0.929520
 0.084  0.572466  0.932207
 0.085  0.574893  0.934983
 0.086  0.577469  0.938143
 0.087  0.580168  0.941578
 0.088  0.582744  0.944789
 0.089  0.584962  0.947087
 0.090  0.587407  0.949686
 0.091  0.590201  0.953019
 0.092  0.592921  0.956320
 0.093  0.595556  0.959442
 0.094  0.598208  0.962525
 0.095  0.600747  0.965454
 0.096  0.604302  0.970240
 0.097  0.607077  0.973365
 0.098  0.609681  0.976155
 0.099  0.612203  0.978799
 0.100  0.615153  0.982361
 0.101  0.618776  0.987256
 0.102  0.622014  0.991397
 0.103  0.624786  0.994472
 0.104  0.627570  0.997459
 0.105  0.631148  1.001954
 0.106  0.634638  1.006324
 0.107  0.638048  1.010519
 0.108  0.641073  1.013924
 0.109  0.644878  1.018768
 0.110  0.648129  1.022471
 0.111  0.651762  1.026940
 0.112  0.655336  1.031345
 0.113  0.659362  1.036602
 0.114  0.663217  1.041459
 0.115  0.666766  1.045676
 0.116  0.671201  1.051449
 0.117  0.675619  1.056837
 0.118  0.679673  1.061604
 0.119  0.683285  1.065749
 0.120  0.687188  1.070498
 0.121  0.692993  1.078446
 0.122  0.697767  1.084673
 0.123  0.701856  1.089737
 0.124  0.705718  1.094468
 0.125  0.712861  1.104312
 0.126  0.717711  1.110042
 0.127  0.721985  1.114720
 0.128  0.727618  1.121938
 0.129  0.734795  1.131815
 0.130  0.740138  1.138694
 0.131  0.745618  1.145836
 0.132  0.753702  1.157224
 0.133  0.760132  1.165404
 0.134  0.765394  1.171767
 0.135  0.774311  1.184166
 0.136  0.782311  1.194355
 0.137  0.789576  1.203725
 0.138  0.798563  1.215869
 0.139  0.808657  1.229850
 0.140  0.818953  1.244199
 0.141  0.829860  1.259125
 0.142  0.840149  1.272901
 0.143  0.852419  1.289981
 0.144  0.866264  1.309627
 0.145  0.882305  1.331841
 0.146  0.898173  1.353427
 0.147  0.918624  1.382768
 0.148  0.945183  1.421528
 0.149  0.971075  1.458989
 0.150  1.007232  1.510403
 0.151  1.061849  1.590867
 0.152  1.141265  1.707506
 0.153  1.647614  2.464215
 0.154  1.137353  1.698779
 0.155  1.063920  1.585200
 0.156  1.006640  1.497055
 0.157  0.977852  1.450937
 0.158  0.950237  1.407636
 0.159  0.927315  1.371811
 0.160  0.911574  1.346294
 0.161  0.896213  1.321482
 0.162  0.880309  1.296650
 0.163  0.870283  1.279691
 0.164  0.860355  1.263116
 0.165  0.849670  1.245840
 0.166  0.839583  1.229603
 0.167  0.832778  1.217360
 0.168  0.825537  1.204266
 0.169  0.818687  1.192656
 0.170  0.810399  1.179542
 0.171  0.805674  1.170855
 0.172  0.801143  1.162284
 0.173  0.796420  1.153772
 0.174  0.790983  1.144518
 0.175  0.785108  1.134686
 0.176  0.781646  1.127965
 0.177  0.778123  1.121253
 0.178  0.774350  1.113540
 0.179  0.770512  1.106757
 0.180  0.766404  1.099586
 0.181  0.763306  1.093624
 0.182  0.761035  1.088631
 0.183  0.758689  1.083616
 0.184  0.756108  1.078340
 0.185  0.752634  1.072047
 0.186  0.749955  1.066731
 0.187  0.747659  1.061763
 0.188  0.745909  1.057668
 0.189  0.743980  1.053321
 0.190  0.742032  1.049321
 0.191  0.739370  1.044494
 0.192  0.737735  1.040625
 0.193  0.736391  1.037107
 0.194  0.735272  1.033907
 0.195  0.734011  1.030588
 0.196  0.732702  1.027113
 0.197  0.731066  1.023279
 0.198  0.729449  1.019731
 0.199  0.727980  1.016298
 0.200  0.727183  1.013609
 0.201  0.726389  1.011220
 0.202  0.725514  1.008846
 0.203  0.725035  1.006455
 0.204  0.723962  1.003432
 0.205  0.723251  1.000942
 0.206  0.722246  0.998138
 0.207  0.721745  0.995665
 0.208  0.721488  0.993940
 0.209  0.721301  0.992154
 0.210  0.720902  0.990293
 0.211  0.720010  0.987867
 0.212  0.719512  0.985920
 0.213  0.718992  0.983977
 0.214  0.719605  0.982726
 0.215  0.719760  0.981295
 0.216  0.719742  0.979735
 0.217  0.719555  0.977990
 0.218  0.719191  0.976007
 0.219  0.719411  0.974934
 0.220  0.719494  0.973734
 0.221  0.719590  0.972545
 0.222  0.719873  0.971707
 0.223  0.720407  0.970742
 0.224  0.721153  0.969703
 0.225  0.721664  0.968688
 0.226  0.721636  0.967221
 0.227  0.721975  0.966187
 0.228  0.722205  0.965209
 0.229  0.723198  0.964829
 0.230  0.724029  0.964547
 0.231  0.724774  0.964115
 0.232  0.725407  0.963782
 0.233  0.726570  0.963387
 0.234  0.727314  0.962526
 0.235  0.728341  0.961982
 0.236  0.728890  0.960997
 0.237  0.730181  0.961292
 0.238  0.731269  0.961289
 0.239  0.732684  0.961534
 0.240  0.733741  0.961354
 0.241  0.734646  0.961094
 0.242  0.736215  0.961179
 0.243  0.737522  0.961259
 0.244  0.739123  0.961213
 0.245  0.740640  0.961335
 0.246  0.742565  0.962253
 0.247  0.744111  0.962658
 0.248  0.745469  0.962751
 0.249  0.747373  0.963514
 0.250  0.749229  0.963903
 0.251  0.750989  0.964086
 0.252  0.752656  0.964508
 0.253  0.754864  0.965131
 0.254  0.757493  0.966463
 0.255  0.759894  0.967783
 0.256  0.761945  0.968725
 0.257  0.763818  0.969483
 0.258  0.766354  0.970760
 0.259  0.769236  0.971724
 0.260  0.771594  0.972583
 0.261  0.773555  0.973193
 0.262  0.777250  0.975142
 0.263  0.780383  0.977029
 0.264  0.783078  0.978352
 0.265  0.785780  0.979850
 0.266  0.789013  0.981354
 0.267  0.792881  0.983629
 0.268  0.795961  0.985078
 0.269  0.798915  0.986596
 0.270  0.803565  0.989037
 0.271  0.807466  0.991466
 0.272  0.811042  0.993911
 0.273  0.814910  0.996068
 0.274  0.819175  0.998038
 0.275  0.823779  1.001014
 0.276  0.827677  1.003160
 0.277  0.833239  1.006313
 0.278  0.838509  1.009264
 0.279  0.842854  1.011680
 0.280  0.848657  1.014981
 0.281  0.854024  1.018509
 0.282  0.859794  1.022465
 0.283  0.865878  1.026682
 0.284  0.872890  1.030935
 0.285  0.879052  1.034517
 0.286  0.886197  1.038111
 0.287  0.893234  1.041671
 0.288  0.899197  1.044754
 0.289  0.908593  1.051470
 0.290  0.917646  1.057642
 0.291  0.926438  1.063129
 0.292  0.937231  1.068974
 0.293  0.945640  1.073841
 0.294  0.955338  1.079979
 0.295  0.967012  1.087670
 0.296  0.980013  1.094949
 0.297  0.995363  1.103069
 0.298  1.007077  1.109908
 0.299  1.021932  1.119598
 0.300  1.039277  1.130785
 0.301  1.062986  1.142845
 0.302  1.079952  1.152217
 0.303  1.101004  1.164723
 0.304  1.134208  1.183216
 0.305  1.165404  1.199784
 0.306  1.198842  1.219167
 0.307  1.255052  1.249333
 0.308  1.314898  1.281638
 0.309  1.460610  1.360496
 0.310  1.430694  1.345995
 0.311  1.693175  1.480857
 0.312  1.444337  1.357079
 0.313  1.334308  1.302695
 0.314  1.266082  1.268011
 0.315  1.214751  1.246134
 0.316  1.164356  1.222668
 0.317  1.134714  1.210303
 0.318  1.102125  1.196017
 0.319  1.079235  1.186544
 0.320  1.054728  1.176204
 0.321  1.037523  1.170209
 0.322  1.013840  1.160212
 0.323  1.000595  1.156016
 0.324  0.980196  1.147312
 0.325  0.971039  1.145075
 0.326  0.951136  1.136651
 0.327  0.940814  1.134461
 0.328  0.929218  1.131593
 0.329  0.913533  1.126123
 0.330  0.906417  1.125853
 0.331  0.892835  1.121115
 0.332  0.882244  1.118148
 0.333  0.876013  1.118150
 0.334  0.864086  1.114669
 0.335  0.854770  1.112978
 0.336  0.850674  1.115132
 0.337  0.838627  1.111652
 0.338  0.831321  1.111020
 0.339  0.825706  1.111744
 0.340  0.815449  1.109179
 0.341  0.808000  1.108432
 0.342  0.802335  1.108934
 0.343  0.794634  1.109395
 0.344  0.787555  1.109698
 0.345  0.782315  1.111045
 0.346  0.775413  1.111192
 0.347  0.768726  1.111311
 0.348  0.763161  1.112151
 0.349  0.758261  1.113536
 0.350  0.750935  1.113818
 0.351  0.745411  1.116748
 0.352  0.741871  1.120257
 0.353  0.735593  1.121575
 0.354  0.729417  1.122740
 0.355  0.724260  1.124652
 0.356  0.719522  1.126314
 0.357  0.714103  1.129278
 0.358  0.709222  1.133072
 0.359  0.705030  1.137145
 0.360  0.699986  1.139562
 0.361  0.695138  1.142282
 0.362  0.690030  1.144817
 0.363  0.686051  1.149672
 0.364  0.681552  1.154081
 0.365  0.677206  1.158435
 0.366  0.672836  1.163800
 0.367  0.668768  1.168382
 0.368  0.664534  1.172797
 0.369  0.659979  1.178129
 0.370  0.656051  1.184608
 0.371  0.652248  1.190626
 0.372  0.648170  1.196599
 0.373  0.643917  1.203218
 0.374  0.639899  1.209464
 0.375  0.635975  1.217243
 0.376  0.631970  1.225919
 0.377  0.629071  1.235709
 0.378  0.624591  1.242725
 0.379  0.620295  1.250580
 0.380  0.616587  1.259474
 0.381  0.613670  1.272400
 0.382  0.610556  1.285547
 0.383  0.606401  1.294939
 0.384  0.601335  1.303630
 0.385  0.596702  1.313756
 0.386  0.594706  1.333612
 0.387  0.592188  1.346835
 0.388  0.587622  1.358530
 0.389  0.583402  1.375639
 0.390  0.578474  1.385167
 0.391  0.575611  1.404318
 0.392  0.571714  1.422174
 0.393  0.567363  1.435099
 0.394  0.562796  1.450405
 0.395  0.558437  1.458905
 0.396  0.554525  1.474237
 0.397  0.549487  1.487098
 0.398  0.545224  1.492193
 0.399  0.542481  1.501114
 0.400  0.537013  1.503050
 0.401  0.531694  1.504630
 0.402  0.527247  1.507596
 0.403  0.525218  1.508651
 0.404  0.520886  1.511625
 0.405  0.517273  1.510029
 0.406  0.513239  1.508496
 0.407  0.509862  1.507219
 0.408  0.506146  1.511499
 0.409  0.502771  1.508671
 0.410  0.499044  1.507161
 0.411  0.497287  1.508575
 0.412  0.492930  1.517477
 0.413  0.489228  1.509393
 0.414  0.486238  1.505626
 0.415  0.484721  1.518678
 0.416  0.481038  1.515483
 0.417  0.476199  1.514440
 0.418  0.474050  1.519657
 0.419  0.473879  1.523003
 0.420  0.468945  1.523767
 0.421  0.465028  1.525434
 0.422  0.463087  1.529974
 0.423  0.462493  1.535888
 0.424  0.457606  1.538359
 0.425  0.453392  1.539908
 0.426  0.449942  1.544677
 0.427  0.450340  1.552402
 0.428  0.446868  1.557038
 0.429  0.443071  1.561096
 0.430  0.440689  1.564826
 0.431  0.438367  1.572355
 0.432  0.433884  1.576438
 0.433  0.430982  1.583524
 0.434  0.431445  1.593481
 0.435  0.427638  1.599289
 0.436  0.423278  1.604619
 0.437  0.443615  1.909678
 0.438  0.444260  1.952823
 0.439  0.440514  1.956429
 0.440  0.441186  1.980257
 0.441  0.440632  1.993370
 0.442  0.438166  2.006255
 0.443  0.435534  2.020246
 0.444  0.434344  2.041145
 0.445  0.430693  2.051529
 0.446  0.431349  2.072992
 0.447  0.428883  2.086087
 0.448  0.426365  2.105840
 0.449  0.423873  2.124192
 0.450  0.420630  2.141189
 0.451  0.418972  2.161162
 0.452  0.414938  2.178092
 0.453  0.415626  2.206865
 0.454  0.410363  2.223916
 0.455  0.407734  2.248255
 0.456  0.402745  2.268117
 0.457  0.399353  2.293325
 0.458  0.395408  2.318313
 0.459  0.391676  2.346070
 0.460  0.386776  2.375541
 0.461  0.381287  2.405805
 0.462  0.375160  2.436721
 0.463  0.367851  2.466915
 0.464  0.360386  2.495616
 0.465  0.349038  2.515257
 0.466  0.335669  2.526500
 0.467  0.319964  2.520446
 0.468  0.302016  2.475117
 0.469  0.284613  2.402111
 0.470  0.269472  2.311405
 0.471  0.257423  2.216276
 0.472  0.248800  2.120112
 0.473  0.243651  2.047081
 0.474  0.241212  1.977499
 0.475  0.238434  1.919203
 0.476  0.237012  1.872202
 0.477  0.236200  1.831269
 0.478  0.236284  1.795803
 0.479  0.237217  1.764297
 0.480  0.237000  1.740711
 0.481  0.237317  1.715931
 0.482  0.238572  1.695597
 0.483  0.240062  1.675909
 0.484  0.240513  1.658080
 0.485  0.241423  1.644710
 0.486  0.242890  1.629780
 0.487  0.244705  1.619406
 0.488  0.245100  1.607271
 0.489  0.246603  1.599313
 0.490  0.248669  1.589134
 0.491  0.249260  1.581565
 0.492  0.250617  1.573683
 0.493  0.252842  1.569129
 0.494  0.253590  1.562102
 0.495  0.255512  1.560850
 0.496  0.256812  1.552853
 0.497  0.258555  1.552967
 0.498  0.259976  1.545943
 0.499  0.260828  1.541475
 0.500  0.263630  1.546371
 0.501  0.266289  1.551504
 0.502  0.267563  1.550833
 0.503  0.268069  1.543092
 0.504  0.271252  1.546733
 0.505  0.150447  0.809600
 0.506  0.152397  0.815896
 0.507  0.154368  0.822057
 0.508  0.156364  0.827986
 0.509  0.158390  0.834787
 0.510  0.160377  0.840789
 0.511  0.162457  0.847694
 0.512  0.164550  0.853873
 0.513  0.166717  0.860850
 0.514  0.168860  0.867603
 0.515  0.171026  0.874620
 0.516  0.173169  0.881241
 0.517  0.175307  0.887510
 0.518  0.177613  0.895221
 0.519  0.179902  0.902230
 0.520  0.182245  0.910123
 0.521  0.184538  0.917010
 0.522  0.186956  0.924721
 0.523  0.189385  0.932273
 0.524  0.191950  0.940952
 0.525  0.194402  0.948531
 0.526  0.196863  0.956271
 0.527  0.199362  0.964356
 0.528  0.202023  0.973196
 0.529  0.204736  0.981801
 0.530  0.207348  0.989585
 0.531  0.210091  0.998971
 0.532  0.212944  1.008061
 0.533  0.215851  1.017293
 0.534  0.218732  1.026073
 0.535  0.221722  1.036357
 0.536  0.224699  1.046225
 0.537  0.227734  1.055905
 0.538  0.230871  1.066064
 0.539  0.234073  1.076810
 0.540  0.237373  1.087942
 0.541  0.240570  1.097999
 0.542  0.244202  1.109987
 0.543  0.247764  1.121541
 0.544  0.251429  1.134105
 0.545  0.254865  1.144788
 0.546  0.258803  1.158573
 0.547  0.262831  1.172480
 0.548  0.266669  1.184989
 0.549  0.270663  1.198719
 0.550  0.274944  1.213264
 0.551  0.279415  1.228583
 0.552  0.283975  1.243954
 0.553  0.288593  1.259298
 0.554  0.293689  1.277208
 0.555  0.298703  1.294709
 0.556  0.303559  1.311121
 0.557  0.309239  1.331303
 0.558  0.315094  1.352541
 0.559  0.320849  1.372890
 0.560  0.326940  1.393930
 0.561  0.333789  1.419550
 0.562  0.340648  1.444066
 0.563  0.348489  1.472753
 0.564  0.356382  1.501439
 0.565  0.365059  1.534123
 0.566  0.373977  1.566830
 0.567  0.389306  1.632421
 0.568  0.412059  1.731562
 0.569  0.439265  1.851872
 0.570  0.463194  1.949549
 0.571  0.494076  2.083486
 0.572  0.525190  2.209019
 0.573  0.566122  2.382428
 0.574  0.622832  2.625232
 0.575  0.715243  3.013450
 0.576  0.835427  3.530727
 0.577  0.870936  3.746691
 0.578  0.740266  3.136730
 0.579  0.681068  2.861998
 0.580  0.643001  2.706651
 0.581  0.621063  2.606880
 0.582  0.575354  2.341449
 0.583  0.553963  2.212516
 0.584  0.535009  2.123068
 0.585  0.523542  2.051898
 0.586  0.511011  1.977835
 0.587  0.499603  1.919107
 0.588  0.491641  1.871410
 0.589  0.482909  1.818253
 0.590  0.475087  1.776272
 0.591  0.470540  1.750528
 0.592  0.465526  1.721734
 0.593  0.459413  1.688339
 0.594  0.455209  1.657646
 0.595  0.450283  1.622457
 0.596  0.446298  1.592993
 0.597  0.442276  1.570538
 0.598  0.439297  1.552882
 0.599  0.436811  1.531408
 0.600  0.432818  1.497895
 0.601  0.429434  1.474336
 0.602  0.427711  1.465119
 0.603  0.427013  1.459569
 0.604  0.425003  1.444328
 0.605  0.422448  1.426803
 0.606  0.420522  1.410547
 0.607  0.419227  1.395840
 0.608  0.527945  1.836321
 0.609  0.511504  1.766225
 0.610  0.508133  1.747593
 0.611  0.488802  1.674850
 0.612  0.458872  1.549993
 0.613  0.437485  1.461083
 0.614  0.437261  1.452547
 0.615  0.431141  1.423919
 0.616  0.426859  1.399757
 0.617  0.427185  1.400457
 0.618  0.427814  1.404970
 0.619  0.425284  1.390968
 0.620  0.423454  1.379833
 0.621  0.422011  1.371228
 0.622  0.418612  1.348869
 0.623  0.416887  1.338419
 0.624  0.415211  1.325494
 0.625  0.415768  1.324660
 0.626  0.415201  1.317364
 0.627  0.414245  1.309737
 0.628  0.412870  1.301392
 0.629  0.411710  1.292293
 0.630  0.411081  1.281508
 0.631  0.409828  1.265810
 0.632  0.408560  1.256211
 0.633  0.407906  1.251924
 0.634  0.407607  1.251131
 0.635  0.407496  1.249830
 0.636  0.407171  1.242930
 0.637  0.406646  1.235286
 0.638  0.406807  1.234158
 0.639  0.406707  1.234634
 0.640  0.406428  1.232834
 0.641  0.404857  1.215240
 0.642  0.405068  1.203354
 0.643  0.403857  1.190712
 0.644  0.403487  1.183442
 0.645  0.403259  1.177510
 0.646  0.402574  1.169853
 0.647  0.402524  1.167344
 0.648  0.402332  1.163612
 0.649  0.401984  1.159654
 0.650  0.401713  1.156730
 0.651  0.401829  1.155058
 0.652  0.402357  1.158936
 0.653  0.402848  1.162060
 0.654  0.403358  1.165386
 0.655  0.403086  1.156738
 0.656  0.402904  1.148428
 0.657  0.402897  1.145051
 0.658  0.402247  1.132853
 0.659  0.402039  1.123577
 0.660  0.406564  1.156419
 0.661  0.415206  1.225304
 0.662  0.411535  1.188713
 0.663  0.413046  1.201681
 0.664  0.413562  1.203102
 0.665  0.414982  1.219593
 0.666  0.414774  1.218179
 0.667  0.413445  1.206698
 0.668  0.414367  1.217230
 0.669  0.414451  1.212640
 0.670  0.413723  1.203017
 0.671  0.413360  1.196051
 0.672  0.414067  1.197182
 0.673  0.414630  1.193554
 0.674  0.414302  1.188294
 0.675  0.413865  1.183801
 0.676  0.413553  1.173378
 0.677  0.413995  1.171614
 0.678  0.414611  1.175469
 0.679  0.414443  1.140182
 0.680  0.414338  1.122899
 0.681  0.414186  1.093633
 0.682  0.414419  1.067217
 0.683  0.415033  1.061890
 0.684  0.415446  1.067455
 0.685  0.415180  1.063624
 0.686  0.415144  1.061227
 0.687  0.415119  1.058617
 0.688  0.415529  1.058394
 0.689  0.415754  1.058015
 0.690  0.415711  1.053691
 0.691  0.415820  1.056320
 0.692  0.416285  1.060013
 0.693  0.416672  1.063081
 0.694  0.416830  1.062868
 0.695  0.416857  1.061894
 0.696  0.417141  1.060589
 0.697  0.417100  1.054456
 0.698  0.417557  1.057794
 0.699  0.418020  1.061800
 0.700  0.418268  1.062008
 0.701  0.418341  1.060672
 0.702  0.418467  1.059834
 0.703  0.418339  1.053716
 0.704  0.418563  1.059011
 0.705  0.419015  1.058600
 0.706  0.419307  1.058322
 0.707  0.419649  1.061080
 0.708  0.420161  1.069768
 0.709  0.420633  1.075909
 0.710  0.420547  1.076249
 0.711  0.420713  1.073557
 0.712  0.420858  1.071486
 0.713  0.421507  1.078407
 0.714  0.422090  1.087398
 0.715  0.422496  1.090285
 0.716  0.422377  1.091613
 0.717  0.422450  1.086615
 0.718  0.422760  1.087641
 0.719  0.422893  1.088384
 0.720  0.422901  1.090350
 0.721  0.423113  1.095406
 0.722  0.423357  1.107442
 0.723  0.423621  1.112932
 0.724  0.424037  1.117426
 0.725  0.424387  1.124745
 0.726  0.424788  1.137546
 0.727  0.424854  1.138674
 0.728  0.424617  1.131920
 0.729  0.424524  1.132682
 0.730  0.425016  1.139440
 0.731  0.425302  1.172492
 0.732  0.425648  1.187269
 0.733  0.425773  1.168549
 0.734  0.425778  1.151852
 0.735  0.425818  1.140940
 0.736  0.425980  1.132579
 0.737  0.426121  1.124797
 0.738  0.426661  1.119949
 0.739  0.426994  1.115227
 0.740  0.427197  1.110746
 0.741  0.427411  1.107950
 0.742  0.427607  1.105111
 0.743  0.427813  1.102163
 0.744  0.428064  1.099432
 0.745  0.428347  1.096994
 0.746  0.428678  1.094204
 0.747  0.428898  1.092119
 0.748  0.429019  1.090021
 0.749  0.429222  1.088245
 0.750  0.429501  1.087313
 0.751  0.429641  1.086146
 0.752  0.429789  1.085768
 0.753  0.430058  1.084976
 0.754  0.430284  1.083791
 0.755  0.430413  1.082361
 0.756  0.430599  1.080987
 0.757  0.430686  1.079968
 0.758  0.430747  1.078927
 0.759  0.430778  1.077770
 0.760  0.430795  1.076485
 0.761  0.431082  1.075942
 0.762  0.431044  1.074522
 0.763  0.431044  1.072978
 0.764  0.430995  1.071078
 0.765  0.430915  1.068754
 0.766  0.430869  1.067083
 0.767  0.430776  1.065293
 0.768  0.430654  1.063557
 0.769  0.430572  1.061721
 0.770  0.430516  1.060496
 0.771  0.430416  1.058990
 0.772  0.430286  1.057046
 0.773  0.430031  1.054808
 0.774  0.429825  1.054127
 0.775  0.429567  1.053132
 0.776  0.429412  1.052595
 0.777  0.429341  1.052271
 0.778  0.429192  1.052489
 0.779  0.429046  1.053935
 0.780  0.428857  1.055326
 0.781  0.428634  1.056663
 0.782  0.428410  1.058666
 0.783  0.428117  1.060719
 0.784  0.428001  1.062992
 0.785  0.427794  1.065077
 0.786  0.427548  1.067400
 0.787  0.427252  1.069423
 0.788  0.426933  1.071982
 0.789  0.426536  1.073904
 0.790  0.426026  1.075914
 0.791  0.425776  1.079177
 0.792  0.425331  1.079736
 0.793  0.424825  1.080211
 0.794  0.424316  1.080608
 0.795  0.423764  1.080911
 0.796  0.423150  1.081200
 0.797  0.422397  1.080923
 0.798  0.421689  1.080703
 0.799  0.421110  1.080470
 0.800  0.420489  1.080492
 0.801  0.419839  1.080935
 0.802  0.419126  1.081280
 0.803  0.418273  1.081430
 0.804  0.417539  1.081825
 0.805  0.416735  1.082137
 0.806  0.416068  1.083085
 0.807  0.415362  1.084618
 0.808  0.414560  1.088031
 0.809  0.413796  1.087695
 0.810  0.412988  1.087257
 0.811  0.412078  1.086211
 0.812  0.410947  1.084325
 0.813  0.409949  1.082822
 0.814  0.408925  1.081189
 0.815  0.408076  1.079936
 0.816  0.407182  1.078578
 0.817  0.406233  1.077232
 0.818  0.405177  1.075611
 0.819  0.403903  1.073487
 0.820  0.402874  1.071794
 0.821  0.401983  1.070460
 0.822  0.401040  1.068940
 0.823  0.400040  1.067504
 0.824  0.398863  1.065583
 0.825  0.397809  1.063918
 0.826  0.396919  1.062692
 0.827  0.395948  1.061278
 0.828  0.394854  1.059527
 0.829  0.393808  1.058024
 0.830  0.392499  1.055830
 0.831  0.391711  1.054803
 0.832  0.390893  1.053670
 0.833  0.390028  1.052362
 0.834  0.389066  1.050781
 0.835  0.387976  1.048740
 0.836  0.386513  1.045761
 0.837  0.385754  1.044856
 0.838  0.385010  1.043910
 0.839  0.384241  1.042854
 0.840  0.383423  1.041634
 0.841  0.382514  1.040140
 0.842  0.381275  1.037757
 0.843  0.380586  1.036719
 0.844  0.379685  1.035113
 0.845  0.378953  1.033968
 0.846  0.378257  1.032906
 0.847  0.377508  1.031643
 0.848  0.376585  1.029859
 0.849  0.375765  1.028268
 0.850  0.375231  1.027358
 0.851  0.374661  1.026280
 0.852  0.373985  1.025057
 0.853  0.373167  1.023358
 0.854  0.372560  1.022279
 0.855  0.371597  1.020083
 0.856  0.371256  1.019605
 0.857  0.370879  1.018997
 0.858  0.370503  1.018317
 0.859  0.370103  1.017513
 0.860  0.369620  1.016456
 0.861  0.369044  1.015047
 0.862  0.368151  1.012559
 0.863  0.367875  1.011902
 0.864  0.367735  1.011647
 0.865  0.367586  1.011206
 0.866  0.367426  1.010629
 0.867  0.367255  1.010074
 0.868  0.367006  1.009254
 0.869  0.366679  1.008083
 0.870  0.366197  1.006309
 0.871  0.366003  1.005314
 0.872  0.366111  1.005286
 0.873  0.366215  1.005225
 0.874  0.366329  1.005175
 0.875  0.366430  1.004882
 0.876  0.366534  1.004473
 0.877  0.366567  1.003723
 0.878  0.366490  1.002531
 0.879  0.366792  1.002474
 0.880  0.367045  1.002180
 0.881  0.367240  1.001520
 0.882  0.367689  1.001752
 0.883  0.368137  1.001955
 0.884  0.368701  1.002263
 0.885  0.369200  1.002148
 0.886  0.369438  1.000993
 0.887  0.370159  1.001471
 0.888  0.370902  1.001900
 0.889  0.371655  1.002244
 0.890  0.372392  1.002415
 0.891  0.373209  1.002418
 0.892  0.374283  1.003251
 0.893  0.375346  1.004072
 0.894  0.376389  1.004567
 0.895  0.377262  1.004119
 0.896  0.378565  1.005129
 0.897  0.379917  1.006124
 0.898  0.381510  1.007392
 0.899  0.383205  1.008677
 0.900  0.384857  1.009769
 0.901  0.386493  1.010537
 0.902  0.388241  1.011615
 0.903  0.390184  1.013234
 0.904  0.392138  1.014308
 0.905  0.394554  1.015760
 0.906  0.397254  1.018135
 0.907  0.399976  1.020434
 0.908  0.402787  1.022746
 0.909  0.405735  1.025107
 0.910  0.408773  1.027491
 0.911  0.412534  1.030650
 0.912  0.416445  1.033625
 0.913  0.420490  1.036676
 0.914  0.424859  1.039920
 0.915  0.429373  1.042971
 0.916  0.434428  1.047196
 0.917  0.441242  1.053279
 0.918  0.447979  1.059001
 0.919  0.455105  1.064901
 0.920  0.462800  1.071178
 0.921  0.471463  1.078232
 0.922  0.483653  1.088777
 0.923  0.495984  1.098410
 0.924  0.509947  1.108858
 0.925  0.528642  1.123826
 0.926  0.554220  1.144751
 0.927  0.586144  1.170436
 0.928  0.643410  1.216563
 0.929  0.794734  1.333464
 0.930  0.673786  1.243809
 0.931  0.609627  1.194684
 0.932  0.559141  1.157108
 0.933  0.525043  1.131323
 0.934  0.497916  1.110432
 0.935  0.481579  1.098667
 0.936  0.459757  1.081794
 0.937  0.448130  1.073675
 0.938  0.432205  1.061984
 0.939  0.421847  1.055732
 0.940  0.411668  1.048577
 0.941  0.400068  1.041800
 0.942  0.391909  1.036061
 0.943  0.380405  1.027249
 0.944  0.373970  1.023026
 0.945  0.365612  1.017234
 0.946  0.359456  1.012797
 0.947  0.351407  1.007281
 0.948  0.345375  1.002396
 0.949  0.336778  0.996627
 0.950  0.331732  0.993812
 0.951  0.325492  0.990487
 0.952  0.320342  0.987757
 0.953  0.314661  0.984752
 0.954  0.309190  0.983983
 0.955  0.304855  0.981645
 0.956  0.298703  0.977754
 0.957  0.293982  0.974693
 0.958  0.289821  0.973731
 0.959  0.284748  0.971173
 0.960  0.281031  0.969376
 0.961  0.276130  0.966654
 0.962  0.271607  0.965920
 0.963  0.268251  0.967813
 0.964  0.264102  0.971338
 0.965  0.260435  0.976907
 0.966  0.256698  0.973851
 0.967  0.252041  0.970334
 0.968  0.249000  0.957877
 0.969  0.245506  0.937859
 0.970  0.240816  0.913634
 0.971  0.237228  0.880064
 0.972  0.233856  0.866869
 0.973  0.230071  0.849443
 0.974  0.226957  0.846239
 0.975  0.224162  0.844403
 0.976  0.221048  0.842037
 0.977  0.217399  0.838548
 0.978  0.215028  0.836783
 0.979  0.212412  0.834763
 0.980  0.209014  0.831951
 0.981  0.206744  0.830156
 0.982  0.204202  0.828063
 0.983  0.201182  0.825476
 0.984  0.198431  0.823677
 0.985  0.196237  0.821632
 0.986  0.193895  0.819257
 0.987  0.190956  0.816148
 0.988  0.188607  0.813770
 0.989  0.186220  0.811128
 0.990  0.184087  0.809676
 0.991  0.181311  0.807791
 0.992  0.179500  0.807112
 0.993  0.177545  0.805357
 0.994  0.175430  0.803373
 0.995  0.172723  0.800645
 0.996  0.170781  0.798647
 0.997  0.169029  0.797255
 0.998  0.167103  0.795790
 0.999  0.164576  0.794095
 1.000  0.162917  0.792754
 1.001  0.161139  0.790858
 1.002  0.159279  0.788814
 1.003  0.157145  0.786150
 1.004  0.155163  0.784523
 1.005  0.153641  0.783557
 1.006  0.152058  0.782878
 1.007  0.150370  0.782623
 1.008  0.148232  0.780607
 1.009  0.146764  0.779241
 1.010  0.145112  0.777444
 1.011  0.143613  0.776261
 1.012  0.141949  0.775041
 1.013  0.140169  0.774019
 1.014  0.138774  0.774466
 1.015  0.137365  0.773093
 1.016  0.135861  0.771935
 1.017  0.134122  0.770081
 1.018  0.132450  0.768324
 1.019  0.131243  0.768214
 1.020  0.129971  0.769440
 1.021  0.128691  0.775543
 1.022  0.127251  0.780735
 1.023  0.125935  0.788629
 1.024  0.124768  0.792147
 1.025  0.123555  0.796147
 1.026  0.122271  0.800983
 1.027  0.121001  0.810420
 1.028  0.119672  0.816501
 1.029  0.118651  0.822395
 1.030  0.117580  0.827312
 1.031  0.116518  0.836654
 1.032  0.115320  0.851042
 1.033  0.113850  0.853333
 1.034  0.112844  0.860382
 1.035  0.111914  0.869211
 1.036  0.110872  0.876832
 1.037  0.109804  0.901031
 1.038  0.108606  0.903393
 1.039  0.107391  0.909412
 1.040  0.106659  1.025258
 1.041  0.105700  1.029294
 1.042  0.104615  1.083771
 1.043  0.103083  0.869412
 1.044  0.101862  0.894955
 1.045  0.100765  0.786439
 1.046  0.099866  0.788496
 1.047  0.098932  0.733357
 1.048  0.097987  0.721798
 1.049  0.096965  0.688666
 1.050  0.095888  0.713166
 1.051  0.094850  0.656387
 1.052  0.094038  0.659512
 1.053  0.093231  0.688239
 1.054  0.092328  0.557388
 1.055  0.091463  0.555907
 1.056  0.090514  0.554236
 1.057  0.089543  0.552474
 1.058  0.088773  0.551112
 1.059  0.087972  0.549670
 1.060  0.087132  0.548031
 1.061  0.086330  0.546647
 1.062  0.085499  0.545139
 1.063  0.084538  0.543333
 1.064  0.083826  0.541887
 1.065  0.083094  0.540535
 1.066  0.082360  0.539185
 1.067  0.081619  0.537966
 1.068  0.080863  0.536706
 1.069  0.080003  0.535053
 1.070  0.079185  0.533665
 1.071  0.078544  0.532651
 1.072  0.077896  0.531626
 1.073  0.077246  0.530652
 1.074  0.076573  0.529490
 1.075  0.075866  0.528225
 1.076  0.075092  0.526847
 1.077  0.074375  0.525574
 1.078  0.073741  0.524432
 1.079  0.073090  0.523208
 1.080  0.072477  0.522268
 1.081  0.071847  0.555798
 1.082  0.071190  0.593233
 1.083  0.070505  0.622603
 1.084  0.069838  0.641680
 1.085  0.069274  0.583375
 1.086  0.068720  0.614909
 1.087  0.068143  0.591323
 1.088  0.067566  0.556074
 1.089  0.066957  0.595774
 1.090  0.066346  0.649145
 1.091  0.065705  0.733230
 1.092  0.065198  0.791709
 1.093  0.064671  0.772832
 1.094  0.064160  0.866326
 1.095  0.063613  0.839442
 1.096  0.063068  0.913330
 1.097  0.062488  0.869335
 1.098  0.061815  0.836910
 1.099  0.061286  0.810754
 1.100  0.060817  0.788405
 1.101  0.060355  0.763052
 1.102  0.059924  0.756103
 1.103  0.059442  0.748824
 1.104  0.058941  0.740735
 1.105  0.058422  0.732102
 1.106  0.057828  0.727328
 1.107  0.057379  0.722712
 1.108  0.056913  0.717479
 1.109  0.056456  0.713372
 1.110  0.056017  0.710168
 1.111  0.055564  0.707020
 1.112  0.055110  0.703452
 1.113  0.054628  0.700463
 1.114  0.054101  0.697859
 1.115  0.053706  0.695510
 1.116  0.053380  0.694360
 1.117  0.052955  0.691915
 1.118  0.052526  0.690031
 1.119  0.052094  0.687686
 1.120  0.051675  0.686274
 1.121  0.051245  0.683856
 1.122  0.050739  0.681938
 1.123  0.050366  0.680040
 1.124  0.049989  0.678903
 1.125  0.049610  0.676646
 1.126  0.049232  0.675334
 1.127  0.048848  0.673879
 1.128  0.048462  0.673177
 1.129  0.048220  0.673719
 1.130  0.047791  0.672168
 1.131  0.047391  0.672024
 1.132  0.047042  0.669309
 1.133  0.046693  0.668060
 1.134  0.046338  0.667661
 1.135  0.045982  0.666341
 1.136  0.045627  0.664048
 1.137  0.045263  0.663497
 1.138  0.044887  0.662307
 1.139  0.044455  0.659384
 1.140  0.044125  0.662071
 1.141  0.043978  0.662017
 1.142  0.043799  0.662446
 1.143  0.043474  0.663854
 1.144  0.043148  0.659602
 1.145  0.042814  0.664033
 1.146  0.042478  0.658563
 1.147  0.042124  0.655987
 1.148  0.041744  0.655554
 1.149  0.041441  0.651899
 1.150  0.041125  0.653814
 1.151  0.040989  0.662064
 1.152  0.040816  0.653831
 1.153  0.040592  0.655706
 1.154  0.040380  0.668251
 1.155  0.040119  0.541864
 1.156  0.039767  0.394410
 1.157  0.039421  0.393724
 1.158  0.039139  0.393286
 1.159  0.038792  0.391575
 1.160  0.037675  0.374631
 1.161  0.037015  0.366632
 1.162  0.036452  0.360365
 1.163  0.035963  0.355623
 1.164  0.035733  0.356117
 1.165  0.035489  0.356527
 1.166  0.035226  0.356995
 1.167  0.035064  0.358396
 1.168  0.034838  0.358550
 1.169  0.034366  0.353625
 1.170  0.034103  0.352819
 1.171  0.033832  0.351955
 1.172  0.033510  0.349981
 1.173  0.033075  0.345567
 1.174  0.032645  0.341270
 1.175  0.032243  0.337896
 1.176  0.032028  0.338100
 1.177  0.031843  0.338468
 1.178  0.031672  0.339101
 1.179  0.031504  0.339831
 1.180  0.031267  0.339100
 1.181  0.031032  0.338419
 1.182  0.030798  0.337847
 1.183  0.030552  0.336690
 1.184  0.030086  0.330788
 1.185  0.029692  0.326945
 1.186  0.029351  0.323315
 1.187  0.029007  0.319621
 1.188  0.028813  0.319174
 1.189  0.028662  0.319666
 1.190  0.028541  0.320838
 1.191  0.028329  0.320049
 1.192  0.028116  0.319261
 1.193  0.027894  0.318377
 1.194  0.027673  0.317575
 1.195  0.027627  0.319067
 1.196  0.027616  0.320855
 1.197  0.027301  0.317131
 1.198  0.026899  0.311882
 1.199  0.026731  0.312115
 1.200  0.026580  0.312706
 1.201  0.026441  0.313604
 1.202  0.026225  0.312811
 1.203  0.026005  0.311998
 1.204  0.025775  0.311103
 1.205  0.025548  0.310278
 1.206  0.025355  0.309676
 1.207  0.025101  0.307616
 1.208  0.024795  0.304337
 1.209  0.024556  0.302603
 1.210  0.024419  0.303276
 1.211  0.024291  0.303484
 1.212  0.024083  0.301331
 1.213  0.023938  0.301244
 1.214  0.023732  0.300389
 1.215  0.023525  0.299517
 1.216  0.023351  0.298888
 1.217  0.023146  0.297505
 1.218  0.022853  0.294019
 1.219  0.022595  0.291360
 1.220  0.022490  0.292303
 1.221  0.022371  0.292936
 1.222  0.022192  0.292212
 1.223  0.022018  0.291573
 1.224  0.021837  0.290908
 1.225  0.021654  0.290365
 1.226  0.021436  0.288213
 1.227  0.021231  0.286548
 1.228  0.020960  0.282902
 1.229  0.020844  0.282622
 1.230  0.020768  0.283679
 1.231  0.020604  0.282969
 1.232  0.020443  0.282309
 1.233  0.020279  0.281632
 1.234  0.020117  0.280969
 1.235  0.019937  0.280288
 1.236  0.019798  0.279918
 1.237  0.019717  0.280935
 1.238  0.019656  0.282429
 1.239  0.019448  0.280093
 1.240  0.019289  0.279244
 1.241  0.019133  0.278459
 1.242  0.018978  0.277691
 1.243  0.018807  0.276539
 1.244  0.018505  0.272097
 1.245  0.018358  0.270897
 1.246  0.018285  0.271798
 1.247  0.018197  0.271839
 1.248  0.018074  0.271438
 1.249  0.017936  0.270843
 1.250  0.017804  0.270406
 1.251  0.017685  0.270253
 1.252  0.017592  0.270462
 1.253  0.017470  0.270211
 1.254  0.017325  0.269462
 1.255  0.017191  0.268941
 1.256  0.017028  0.267952
 1.257  0.016874  0.267021
 1.258  0.016503  0.260363
 1.259  0.016338  0.258889
 1.260  0.016203  0.258175
 1.261  0.016024  0.256590
 1.262  0.016228  0.268972
 1.263  0.016376  0.278813
 1.264  0.016486  0.286412
 1.265  0.016262  0.283259
 1.266  0.016107  0.282193
 1.267  0.015949  0.281210
 1.268  0.015846  0.281162
 1.269  0.015866  0.284191
 1.270  0.015735  0.283431
 1.271  0.015629  0.283207
 1.272  0.015546  0.283561
 1.273  0.015588  0.287229
 1.274  0.015366  0.283077
 1.275  0.015253  0.283869
 1.276  0.015126  0.285446
 1.277  0.014495  0.272345
 1.278  0.014514  0.274538
 1.279  0.014380  0.273632
 1.280  0.014150  0.270328
 1.281  0.014023  0.269482
 1.282  0.014032  0.272039
 1.283  0.013771  0.267954
 1.284  0.012675  0.242623
 1.285  0.011419  0.212548
 1.286  0.011325  0.211600
 1.287  0.011219  0.209841
 1.288  0.011249  0.214971
 1.289  0.011281  0.219718
 1.290  0.011226  0.220778
 1.291  0.011149  0.220789
 1.292  0.011084  0.220885
 1.293  0.011095  0.222230
 1.294  0.011040  0.222547
 1.295  0.010965  0.222555
 1.296  0.010895  0.222647
 1.297  0.010825  0.222761
 1.298  0.010754  0.222864
 1.299  0.010551  0.217890
 1.300  0.010483  0.219036
 1.301  0.010457  0.221242
 1.302  0.010388  0.221304
 1.303  0.010320  0.221365
 1.304  0.010254  0.221465
 1.305  0.010189  0.221580
 1.306  0.010087  0.221038
 1.307  0.010095  0.222305
 1.308  0.010121  0.223840
 1.309  0.010089  0.224590
 1.310  0.010039  0.224547
 1.311  0.010012  0.227120
 1.312  0.009979  0.228977
 1.313  0.009905  0.228760
 1.314  0.009832  0.228513
 1.315  0.009765  0.228454
 1.316  0.009701  0.228588
 1.317  0.009637  0.228724
 1.318  0.009538  0.227575
 1.319  0.009376  0.224924
 1.320  0.009268  0.224222
 1.321  0.009251  0.224894
 1.322  0.009339  0.230139
 1.323  0.009354  0.231259
 1.324  0.009302  0.231441
 1.325  0.009250  0.231664
 1.326  0.009197  0.231907
 1.327  0.009167  0.232742
 1.328  0.009136  0.233718
 1.329  0.009068  0.233616
 1.330  0.009004  0.233727
 1.331  0.008951  0.234391
 1.332  0.008969  0.238603
 1.333  0.008897  0.238696
 1.334  0.008781  0.237898
 1.335  0.008665  0.236263
 1.336  0.008461  0.232464
 1.337  0.008405  0.232589
 1.338  0.008352  0.232770
 1.339  0.008301  0.232997
 1.340  0.008221  0.231736
 1.341  0.008176  0.231965
 1.342  0.008143  0.232579
 1.343  0.008105  0.233110
 1.344  0.008046  0.233105
 1.345  0.007989  0.233235
 1.346  0.007997  0.234356
 1.347  0.008066  0.236377
 1.348  0.008119  0.240837
 1.349  0.008168  0.245229
 1.350  0.008117  0.245596
 1.351  0.008064  0.245845
 1.352  0.008014  0.246190
 1.353  0.007971  0.246658
 1.354  0.007932  0.247276
 1.355  0.007954  0.249608
 1.356  0.007868  0.248947
 1.357  0.007796  0.248891
 1.358  0.007672  0.247905
 1.359  0.007606  0.247920
 1.360  0.007191  0.237872
 1.361  0.007155  0.238411
 1.362  0.007262  0.245915
 1.363  0.007316  0.249716
 1.364  0.007245  0.249842
 1.365  0.007175  0.249966
 1.366  0.007104  0.250100
 1.367  0.007047  0.250595
 1.368  0.007051  0.251489
 1.369  0.007172  0.254507
 1.370  0.007225  0.257441
 1.371  0.007257  0.260385
 1.372  0.006989  0.256412
 1.373  0.006638  0.249504
 1.374  0.006165  0.238460
 1.375  0.005670  0.225227
 1.376  0.005685  0.226538
 1.377  0.005701  0.227927
 1.378  0.005659  0.228422
 1.379  0.005673  0.229870
 1.380  0.005835  0.238562
 1.381  0.006111  0.252927
 1.382  0.006163  0.256164
 1.383  0.006242  0.260732
 1.384  0.006328  0.265706
 1.385  0.006477  0.273797
 1.386  0.006770  0.289027
 1.387  0.007068  0.301467
 1.388  0.007068  0.295980
 1.389  0.006868  0.283536
 1.390  0.006705  0.275957
 1.391  0.006652  0.273963
 1.392  0.006597  0.271826
 1.393  0.006532  0.269190
 1.394  0.006443  0.265303
 1.395  0.006341  0.261854
 1.396  0.006248  0.260128
 1.397  0.006217  0.259320
 1.398  0.006184  0.258351
 1.399  0.006154  0.257394
 1.400  0.006116  0.256091
 1.401  0.006059  0.253686
 1.402  0.006032  0.253339
 1.403  0.005973  0.252482
 1.404  0.005954  0.252118
 1.405  0.005934  0.251729
 1.406  0.005914  0.251339
 1.407  0.005892  0.250796
 1.408  0.005869  0.250148
 1.409  0.005830  0.248946
 1.410  0.005808  0.248776
 1.411  0.005794  0.248692
 1.412  0.005784  0.248695
 1.413  0.005773  0.248704
 1.414  0.006007  0.252362
 1.415  0.006512  0.259423
 1.416  0.006544  0.260062
 1.417  0.006569  0.260494
 1.418  0.006596  0.261106
 1.419  0.006559  0.260994
 1.420  0.006607  0.262082
 1.421  0.006652  0.263164
 1.422  0.006701  0.264352
 1.423  0.006763  0.265706
 1.424  0.006831  0.267174
 1.425  0.006967  0.269634
 1.426  0.007117  0.272260
 1.427  0.007457  0.277811
 1.428  0.008189  0.289385
 1.429  0.007862  0.286162
 1.430  0.007522  0.282510
 1.431  0.007171  0.278428
 1.432  0.006720  0.272150
 1.433  0.006339  0.266509
 1.434  0.006234  0.265384
 1.435  0.006128  0.264147
 1.436  0.006023  0.262839
 1.437  0.005916  0.261631
 1.438  0.005810  0.260422
 1.439  0.005696  0.259004
 1.440  0.005568  0.257234
 1.441  0.005443  0.255445
 1.442  0.005378  0.254817
 1.443  0.005313  0.254170
 1.444  0.005249  0.253550
 1.445  0.005182  0.252722
 1.446  0.005118  0.252037
 1.447  0.005054  0.251348
 1.448  0.004987  0.250565
 1.449  0.004920  0.249750
 1.450  0.004830  0.248434
 1.451  0.004781  0.248010
 1.452  0.004731  0.247489
 1.453  0.004680  0.246921
 1.454  0.004629  0.246308
 1.455  0.004579  0.245757
 1.456  0.004531  0.245308
 1.457  0.004481  0.244900
 1.458  0.004432  0.244446
 1.459  0.004381  0.243800
 1.460  0.004327  0.243096
 1.461  0.004272  0.242329
 1.462  0.004229  0.241850
 1.463  0.004187  0.241361
 1.464  0.004144  0.240833
 1.465  0.004103  0.240437
 1.466  0.004062  0.240032
 1.467  0.004021  0.239650
 1.468  0.003981  0.239305
 1.469  0.003940  0.238978
 1.470  0.003899  0.238714
 1.471  0.003853  0.238053
 1.472  0.003810  0.237434
 1.473  0.003772  0.236913
 1.474  0.003735  0.236500
 1.475  0.003698  0.236091
 1.476  0.003662  0.235692
 1.477  0.003625  0.235299
 1.478  0.003589  0.234905
 1.479  0.003553  0.234509
 1.480  0.003517  0.234133
 1.481  0.003480  0.233757
 1.482  0.003442  0.233424
 1.483  0.003406  0.233003
 1.484  0.003373  0.232644
 1.485  0.003341  0.232309
 1.486  0.003309  0.232016
 1.487  0.003276  0.231616
 1.488  0.003243  0.231205
 1.489  0.003211  0.230814
 1.490  0.003178  0.230418
 1.491  0.003145  0.230020
 1.492  0.003113  0.229650
 1.493  0.003080  0.229312
 1.494  0.003047  0.229134
 1.495  0.003017  0.228736
 1.496  0.002987  0.228352
 1.497  0.002957  0.227969
 1.498  0.002928  0.227597
 1.499  0.002899  0.227241
 1.500  0.002869  0.226892
 1.501  0.002841  0.226574
 1.502  0.002812  0.226307
 1.503  0.002784  0.226053
 1.504  0.002754  0.225748
 1.505  0.002724  0.225617
 1.506  0.002697  0.225203
 1.507  0.002669  0.224795
 1.508  0.002642  0.224407
 1.509  0.002615  0.224033
 1.510  0.002588  0.223666
 1.511  0.002561  0.223302
 1.512  0.002534  0.222969
 1.513  0.002508  0.222651
 1.514  0.002482  0.222375
 1.515  0.002455  0.222178
 1.516  0.002428  0.222031
 1.517  0.002403  0.221688
 1.518  0.002379  0.221372
 1.519  0.002356  0.221122
 1.520  0.002330  0.220730
 1.521  0.002306  0.220358
 1.522  0.002281  0.220004
 1.523  0.002256  0.219686
 1.524  0.002232  0.219397
 1.525  0.002208  0.219226
 1.526  0.002185  0.219226
 1.527  0.002158  0.218686
 1.528  0.002135  0.218273
 1.529  0.002112  0.217896
 1.530  0.002090  0.217548
 1.531  0.002067  0.217225
 1.532  0.002045  0.216947
 1.533  0.002023  0.216756
 1.534  0.002002  0.216642
 1.535  0.001982  0.216854
 1.536  0.001959  0.216451
 1.537  0.001936  0.215966
 1.538  0.001912  0.215419
 1.539  0.001891  0.215044
 1.540  0.001870  0.214727
 1.541  0.001849  0.214505
 1.542  0.001828  0.214182
 1.543  0.001808  0.213989
 1.544  0.001788  0.214194
 1.545  0.001767  0.213710
 1.546  0.001747  0.213295
 1.547  0.001726  0.212893
 1.548  0.001706  0.212685
 1.549  0.001686  0.212290
 1.550  0.001668  0.212111
 1.551  0.001648  0.211856
 1.552  0.001630  0.211889
 1.553  0.001611  0.211731
 1.554  0.001591  0.211291
 1.555  0.001572  0.211009
 1.556  0.001553  0.210505
 1.557  0.001534  0.210115
 1.558  0.001515  0.209741
 1.559  0.001497  0.209550
 1.560  0.001478  0.209840
 1.561  0.001461  0.209493
 1.562  0.001443  0.209101
 1.563  0.001426  0.208615
 1.564  0.001409  0.208216
 1.565  0.001392  0.208070
 1.566  0.001376  0.207974
 1.567  0.001359  0.208500
 1.568  0.001342  0.208029
 1.569  0.001324  0.207342
 1.570  0.001307  0.206714
 1.571  0.001289  0.206217
 1.572  0.001273  0.206043
 1.573  0.001258  0.206598
 1.574  0.001242  0.206380
 1.575  0.001226  0.205701
 1.576  0.001210  0.205039
 1.577  0.001195  0.204696
 1.578  0.001180  0.204915
 1.579  0.001166  0.205636
 1.580  0.001151  0.204908
 1.581  0.001135  0.204137
 1.582  0.001120  0.203477
 1.583  0.001105  0.203791
 1.584  0.001091  0.203912
 1.585  0.001077  0.203439
 1.586  0.001062  0.202588
 1.587  0.001048  0.202576
 1.588  0.001034  0.202283
 1.589  0.001021  0.202855
 1.590  0.001008  0.201468
 1.591  0.000994  0.201924
 1.592  0.000981  0.201219
 1.593  0.000970  0.201679
 1.594  0.000958  0.201208
 1.595  0.000946  0.200465
 1.596  0.000935  0.201000
 1.597  0.000923  0.200990
 1.598  0.000912  0.199505
 1.599  0.000902  0.200982
 1.600  0.000893  0.199161
 1.601  0.000885  0.198463
 1.602  0.000881  0.193427
 1.603  0.000851  0.105779
 1.604  0.000841  0.105671
 1.605  0.000831  0.105583
 1.606  0.000821  0.105527
 1.607  0.000812  0.105570
 1.608  0.000803  0.105509
 1.609  0.000793  0.105328
 1.610  0.000783  0.105150
 1.611  0.000773  0.104972
 1.612  0.000763  0.104784
 1.613  0.000753  0.104632
 1.614  0.000744  0.104494
 1.615  0.000734  0.104361
 1.616  0.000725  0.104237
 1.617  0.000716  0.104123
 1.618  0.000707  0.104036
 1.619  0.000698  0.103983
 1.620  0.000690  0.104051
 1.621  0.000681  0.103964
 1.622  0.000672  0.103768
 1.623  0.000663  0.103593
 1.624  0.000654  0.103421
 1.625  0.000645  0.103260
 1.626  0.000636  0.103104
 1.627  0.000627  0.102959
 1.628  0.000619  0.102828
 1.629  0.000610  0.102704
 1.630  0.000602  0.102600
 1.631  0.000594  0.102536
 1.632  0.000586  0.102548
 1.633  0.000579  0.102617
 1.634  0.000570  0.102418
 1.635  0.000562  0.102231
 1.636  0.000553  0.102051
 1.637  0.000545  0.101873
 1.638  0.000537  0.101719
 1.639  0.000529  0.101565
 1.640  0.000521  0.101438
 1.641  0.000513  0.101322
 1.642  0.000505  0.101228
 1.643  0.000498  0.101170
 1.644  0.000491  0.101243
 1.645  0.000484  0.101243
 1.646  0.000476  0.101037
 1.647  0.000468  0.100840
 1.648  0.000461  0.100658
 1.649  0.000453  0.100489
 1.650  0.000446  0.100356
 1.651  0.000439  0.100199
 1.652  0.000431  0.100069
 1.653  0.000424  0.099959
 1.654  0.000417  0.099897
 1.655  0.000411  0.099932
 1.656  0.000405  0.100041
 1.657  0.000397  0.099828
 1.658  0.000390  0.099634
 1.659  0.000383  0.099463
 1.660  0.000376  0.099274
 1.661  0.000369  0.099100
 1.662  0.000362  0.098945
 1.663  0.000356  0.098813
 1.664  0.000349  0.098727
 1.665  0.000343  0.098706
 1.666  0.000338  0.099033
 1.667  0.000331  0.098859
 1.668  0.000325  0.098614
 1.669  0.000318  0.098373
 1.670  0.000312  0.098171
 1.671  0.000305  0.097985
 1.672  0.000299  0.097823
 1.673  0.000293  0.097698
 1.674  0.000287  0.097630
 1.675  0.000281  0.097691
 1.676  0.000276  0.098019
 1.677  0.000270  0.097742
 1.678  0.000264  0.097481
 1.679  0.000258  0.097236
 1.680  0.000252  0.097020
 1.681  0.000246  0.096857
 1.682  0.000240  0.096734
 1.683  0.000235  0.096716
 1.684  0.000229  0.096643
 1.685  0.000224  0.096781
 1.686  0.000219  0.096805
 1.687  0.000213  0.096513
 1.688  0.000208  0.096274
 1.689  0.000202  0.096036
 1.690  0.000197  0.096035
 1.691  0.000192  0.095833
 1.692  0.000187  0.095697
 1.693  0.000182  0.095657
 1.694  0.000177  0.096079
 1.695  0.000172  0.095760
 1.696  0.000167  0.095504
 1.697  0.000162  0.095393
 1.698  0.000157  0.095128
 1.699  0.000152  0.094935
 1.700  0.000147  0.094754
 1.701  0.000142  0.094739
 1.702  0.000139  0.095257
 1.703  0.000134  0.094974
 1.704  0.000129  0.094841
 1.705  0.000124  0.094477
 1.706  0.000120  0.094148
 1.707  0.000115  0.093974
 1.708  0.000111  0.093863
 1.709  0.000107  0.094240
 1.710  0.000103  0.094579
 1.711  0.000099  0.094114
 1.712  0.000094  0.093657
 1.713  0.000090  0.093324
 1.714  0.000086  0.093132
 1.715  0.000082  0.093240
 1.716  0.000079  0.094263
 1.717  0.000075  0.093611
 1.718  0.000071  0.093113
 1.719  0.000067  0.092637
 1.720  0.000063  0.092472
 1.721  0.000060  0.092922
 1.722  0.000057  0.093665
 1.723  0.000053  0.092803
 1.724  0.000049  0.092304
 1.725  0.000045  0.091848
 1.726  0.000042  0.092390
 1.727  0.000039  0.092684
 1.728  0.000036  0.092434
 1.729  0.000033  0.091687
 1.730  0.000030  0.091512
 1.731  0.000028  0.091747
 1.732  0.000025  0.092640
 1.733  0.000022  0.091392
 1.734  0.000020  0.091172
 1.735  0.000017  0.091013
 1.736  0.000016  0.092138
 1.737  0.000013  0.090761
 1.738  0.000012  0.090995
 1.739  0.000010  0.091680
 1.740  0.000009  0.090823
 1.741  0.000008  0.089865
 1.742  0.000008  0.091251
 1.743  0.000008  0.090091
 1.744  0.000009  0.091116
 1.745  0.000010  0.084028
 1.746  0.000000  0.000000
