0.000    0.000003    0.000000
0.150    0.000120    0.000236
0.300    0.000240    0.000472
0.440    0.000361    0.000714
0.590    0.000480    0.000954
0.740    0.000598    0.001192
0.890    0.000716    0.001430
1.040    0.000832    0.001666
1.180    0.000946    0.001902
1.330    0.001064    0.002138
1.480    0.001187    0.002375
1.630    0.001312    0.002612
1.770    0.001439    0.002852
1.920    0.001568    0.003093
2.070    0.002281    0.003418
2.220    0.003725    0.003913
2.370    0.004107    0.004424
2.510    0.004419    0.004944
2.660    0.004713    0.005466
2.810    0.005017    0.005993
2.960    0.005331    0.006524
3.110    0.005624    0.007058
3.250    0.005958    0.007599
3.400    0.006318    0.008147
3.550    0.006709    0.008704
3.700    0.007150    0.009275
3.840    0.007670    0.009864
3.990    0.008535    0.010495
4.140    0.010238    0.011224
4.290    0.077169    0.016531
4.440    0.041048    0.019258
4.580    0.017912    0.020412
4.730    0.036565    0.022692
4.880    0.021635    0.024000
5.030    0.063417    0.027719
5.180    0.049368    0.030531
5.320    0.025000    0.031917
5.470    0.031215    0.033601
5.620    0.059715    0.036735
5.770    0.039840    0.038772
5.910    0.031656    0.040352
6.060    0.056790    0.043117
6.210    0.078397    0.046841
6.360    0.067593    0.049976
6.510    0.070581    0.053174
6.650    0.039077    0.054908
6.800    0.123795    0.060279
6.950    0.064319    0.063009
7.100    0.063079    0.065629
7.250    0.069198    0.068445
7.390    0.115517    0.073056
7.540    0.087931    0.076497
7.690    0.084205    0.079727
7.840    0.104450    0.083657
7.980    0.154968    0.089386
8.130    0.159944    0.095189
8.280    0.102954    0.098858
8.430    0.101825    0.102421
8.580    0.201674    0.109355
8.720    0.106089    0.112944
8.870    0.115753    0.116794
9.020    0.096382    0.119946
9.170    0.100035    0.123164
9.320    0.064489    0.125205
9.460    0.052443    0.126840
9.610    0.045568    0.128239
9.760    0.041440    0.129492
9.910    0.040029    0.130683
10.060    0.038651    0.131817
10.200    0.039462    0.132958
10.350    0.040627    0.134116
10.500    0.042141    0.135300
10.650    0.043902    0.136516
10.790    0.045754    0.137767
10.940    0.047871    0.139058
11.090    0.050168    0.140392
11.240    0.052651    0.141774
11.390    0.055334    0.143207
11.530    0.058092    0.144694
11.680    0.061193    0.146239
11.830    0.064650    0.147851
11.980    0.068235    0.149532
12.130    0.072379    0.151292
12.270    0.077187    0.153148
12.420    0.081229    0.155077
12.570    0.087700    0.157135
12.720    0.092256    0.159275
12.860    0.099656    0.161561
13.010    0.107969    0.164009
13.160    0.114254    0.166570
13.310    0.123921    0.169317
13.460    0.132013    0.172210
13.600    0.142987    0.175312
13.750    0.153570    0.178606
13.900    0.166313    0.182136
14.050    0.180475    0.185925
14.200    0.194507    0.189966
14.340    0.210880    0.194304
14.490    0.228429    0.198955
14.640    0.250072    0.203994
14.790    0.273202    0.209443
14.930    0.297452    0.215321
15.080    0.329637    0.221769
15.230    0.359369    0.228730
15.380    0.400175    0.236406
15.530    0.439210    0.244749
15.670    0.485302    0.253885
15.820    0.544538    0.264039
15.970    0.605787    0.275229
16.120    0.703081    0.288096
16.270    0.816098    0.302893
16.410    0.953041    0.320025
16.560    1.066790    0.339029
16.710    1.127631    0.358937
16.860    1.150654    0.379070
17.010    1.111415    0.398345
17.150    1.020365    0.415896
17.300    0.904592    0.431321
17.450    0.800672    0.444857
17.600    0.717612    0.456885
17.740    0.656497    0.467802
17.890    0.604077    0.477763
18.040    0.559637    0.486914
18.190    0.520126    0.495350
18.340    0.484562    0.503144
18.480    0.454239    0.510395
18.630    0.424721    0.517120
18.780    0.398054    0.523373
18.930    0.373802    0.529198
19.080    0.351220    0.534629
19.220    0.330908    0.539708
19.370    0.309084    0.544415
19.520    0.286398    0.548743
19.670    0.262605    0.552681
19.810    0.240376    0.556261
19.960    0.217383    0.559474
20.110    0.196771    0.562360
20.260    0.180262    0.564985
20.410    0.167741    0.567410
20.550    0.159186    0.569695
20.700    0.152701    0.571871
20.850    0.148264    0.573969
21.000    0.144521    0.575999
21.150    0.139666    0.577947
21.290    0.133225    0.579793
21.440    0.124840    0.581511
21.590    0.116282    0.583099
21.740    0.108465    0.584571
21.880    0.102131    0.585948
22.030    0.096294    0.587238
22.180    0.091322    0.588452
22.330    0.087052    0.589602
22.480    0.083340    0.590696
22.620    0.080292    0.591743
22.770    0.077351    0.592745
22.920    0.074696    0.593707
23.070    0.072274    0.594631
23.220    0.070043    0.595521
23.360    0.068117    0.596381
23.510    0.066176    0.597211
23.660    0.064357    0.598014
23.810    0.062646    0.598790
23.950    0.061148    0.599543
24.100    0.059622    0.600273
24.250    0.058182    0.600981
24.400    0.056824    0.601668
24.550    0.055544    0.602335
24.690    0.054423    0.602985
24.840    0.053286    0.603618
24.990    0.052226    0.604235
25.140    0.051254    0.604836
25.290    0.050382    0.605424
25.430    0.049679    0.606000
25.580    0.049026    0.606565
25.730    0.048461    0.607121
25.880    0.047914    0.607667
26.030    0.047264    0.608203
26.170    0.046387    0.608726
26.320    0.044817    0.609228
26.470    0.042442    0.609701
26.620    0.039633    0.610140
26.760    0.037076    0.610549
26.910    0.034599    0.610928
27.060    0.032443    0.611282
27.210    0.030577    0.611614
27.360    0.028956    0.611926
27.500    0.027639    0.612222
27.650    0.026380    0.612504
27.800    0.025263    0.612772
27.950    0.024266    0.613028
28.100    0.023370    0.613273
28.240    0.022620    0.613510
28.390    0.021880    0.613737
28.540    0.021205    0.613956
28.690    0.020588    0.614168
28.830    0.020065    0.614373
28.980    0.019541    0.614572
29.130    0.019058    0.614765
29.280    0.018612    0.614953
29.430    0.018200    0.615135
29.570    0.017849    0.615313
29.720    0.017494    0.615487
29.870    0.017165    0.615656
30.020    0.016860    0.615822
30.170    0.016579    0.615984
30.310    0.016341    0.616143
30.460    0.016099    0.616299
30.610    0.015877    0.616452
30.760    0.015673    0.616602
30.900    0.015502    0.616750
31.050    0.015331    0.616896
31.200    0.015175    0.617039
31.350    0.015035    0.617181
31.500    0.014910    0.617320
31.640    0.014810    0.617459
31.790    0.014713    0.617595
31.940    0.014629    0.617730
32.090    0.014558    0.617864
32.240    0.014501    0.617997
32.380    0.014464    0.618129
32.530    0.014433    0.618259
32.680    0.014414    0.618390
32.830    0.014409    0.618519
32.970    0.014420    0.618648
33.120    0.014441    0.618777
33.270    0.014475    0.618905
33.420    0.014523    0.619033
33.570    0.014584    0.619161
33.710    0.014659    0.619290
33.860    0.014748    0.619418
34.010    0.014853    0.619547
34.160    0.014973    0.619676
34.310    0.015110    0.619806
34.450    0.015257    0.619937
34.600    0.015427    0.620068
34.750    0.015615    0.620201
34.900    0.015823    0.620335
35.050    0.016052    0.620470
35.190    0.016288    0.620606
35.340    0.016560    0.620745
35.490    0.016857    0.620885
35.640    0.017180    0.621027
35.780    0.017511    0.621171
35.930    0.017891    0.621318
36.080    0.018304    0.621468
36.230    0.018754    0.621620
36.380    0.019243    0.621777
36.520    0.019744    0.621936
36.670    0.020323    0.622100
36.820    0.020956    0.622267
36.970    0.021650    0.622440
37.120    0.022413    0.622618
37.260    0.023202    0.622802
37.410    0.024130    0.622992
37.560    0.025166    0.623190
37.710    0.026330    0.623396
37.850    0.027560    0.623611
38.000    0.029057    0.623836
38.150    0.030792    0.624074
38.300    0.032838    0.624327
38.450    0.035299    0.624598
38.590    0.038121    0.624890
38.740    0.041936    0.625209
38.890    0.046997    0.625565
39.040    0.054062    0.625974
39.190    0.064527    0.626460
39.330    0.079635    0.627057
39.480    0.105583    0.627846
39.630    0.144156    0.628919
39.780    0.184899    0.630290
39.920    0.198514    0.631757
40.070    0.182149    0.633098
40.220    0.136475    0.634099
40.370    0.107774    0.634887
40.520    0.098145    0.635601
40.660    0.098241    0.636314
40.810    0.106796    0.637086
40.960    0.127374    0.638003
41.110    0.149231    0.639074
41.260    0.166539    0.640265
41.400    0.182106    0.641562
41.550    0.196874    0.642960
41.700    0.210872    0.644452
41.850    0.225848    0.646044
41.990    0.242288    0.647746
42.140    0.267364    0.649618
42.290    0.304474    0.651742
42.440    0.351076    0.654182
42.590    0.410988    0.657029
42.730    0.481968    0.660356
42.880    0.549981    0.664140
43.030    0.579410    0.668112
43.180    0.578875    0.672067
43.330    0.573917    0.675974
43.470    0.568213    0.679830
43.620    0.553576    0.683574
43.770    0.529433    0.687142
43.920    0.503569    0.690525
44.070    0.487049    0.693785
44.210    0.479598    0.696985
44.360    0.475694    0.700149
44.510    0.500659    0.703467
44.660    0.507682    0.706820
44.800    0.477078    0.709962
44.950    0.451226    0.712923
45.100    0.434877    0.715768
45.250    0.419065    0.718500
45.400    0.414417    0.721193
45.540    0.409022    0.723842
45.690    0.400658    0.726429
45.840    0.388778    0.728931
45.990    0.381208    0.731376
46.140    0.386481    0.733847
46.280    0.406962    0.736441
46.430    0.429769    0.739172
46.580    0.388361    0.741631
46.730    0.341487    0.743787
46.870    0.295326    0.745646
47.020    0.258677    0.747269
47.170    0.233446    0.748729
47.320    0.216252    0.750077
47.470    0.202753    0.751337
47.610    0.189322    0.752510
47.760    0.172715    0.753577
47.910    0.155465    0.754534
48.060    0.143277    0.755414
48.210    0.130725    0.756214
48.350    0.117954    0.756933
48.500    0.104450    0.757569
48.650    0.092384    0.758129
48.800    0.082157    0.758625
48.940    0.074170    0.759072
49.090    0.066976    0.759475
49.240    0.060924    0.759840
49.390    0.055771    0.760173
49.540    0.051333    0.760479
49.680    0.047720    0.760762
49.830    0.044298    0.761024
49.980    0.041270    0.761268
50.130    0.038571    0.761495
50.280    0.036151    0.761707
50.420    0.034114    0.761907
50.570    0.032125    0.762094
50.720    0.030317    0.762270
50.870    0.028667    0.762437
51.020    0.027156    0.762594
51.160    0.025862    0.762743
51.310    0.024576    0.762884
51.460    0.023389    0.763018
51.610    0.022290    0.763145
51.750    0.021340    0.763267
51.900    0.020387    0.763383
52.050    0.019500    0.763494
52.200    0.018672    0.763599
52.350    0.017897    0.763700
52.490    0.017222    0.763797
52.640    0.016538    0.763889
52.790    0.015897    0.763978
52.940    0.015293    0.764063
53.090    0.014724    0.764145
53.230    0.014225    0.764224
53.380    0.013717    0.764300
53.530    0.013236    0.764373
53.680    0.012781    0.764443
53.820    0.012380    0.764511
53.970    0.011970    0.764576
54.120    0.011580    0.764639
54.270    0.011210    0.764700
54.420    0.010858    0.764759
54.560    0.010546    0.764816
54.710    0.010225    0.764871
54.860    0.009920    0.764925
55.010    0.009628    0.764976
55.160    0.009349    0.765026
55.300    0.009102    0.765075
55.450    0.008846    0.765122
55.600    0.008602    0.765168
55.750    0.008367    0.765212
55.890    0.008159    0.765255
56.040    0.007943    0.765297
56.190    0.007735    0.765337
56.340    0.007536    0.765377
56.490    0.007345    0.765415
56.630    0.007174    0.765453
56.780    0.006997    0.765489
56.930    0.006826    0.765524
57.080    0.006662    0.765559
57.230    0.006503    0.765592
57.370    0.006362    0.765625
57.520    0.006214    0.765657
57.670    0.006072    0.765688
57.820    0.005934    0.765718
57.960    0.005811    0.765748
58.110    0.005683    0.765777
58.260    0.005559    0.765805
58.410    0.005439    0.765832
58.560    0.005322    0.765859
58.700    0.005218    0.765885
58.850    0.005109    0.765911
59.000    0.005004    0.765936
