0.000    0.001166    0.000000
0.150    0.001316    0.002588
0.300    0.001526    0.004089
0.440    0.001822    0.005311
0.590    0.001642    0.006132
0.740    0.001216    0.006616
0.890    0.000794    0.006880
1.040    0.000716    0.007083
1.180    0.000595    0.007232
1.330    0.000552    0.007354
1.480    0.000573    0.007468
1.630    0.000599    0.007577
1.770    0.000626    0.007681
1.920    0.000657    0.007782
2.070    0.000795    0.007895
2.220    0.001106    0.008042
2.370    0.001202    0.008192
2.510    0.001248    0.008338
2.660    0.001317    0.008485
2.810    0.001400    0.008632
2.960    0.001497    0.008781
3.110    0.001597    0.008932
3.250    0.001737    0.009090
3.400    0.001934    0.009258
3.550    0.002209    0.009441
3.700    0.002630    0.009651
3.840    0.003318    0.009906
3.990    0.005099    0.010283
4.140    0.008957    0.010921
4.290    0.029926    0.012979
4.440    0.035703    0.015351
4.580    0.022731    0.016815
4.730    0.031428    0.018775
4.880    0.026733    0.020391
5.030    0.048238    0.023220
5.180    0.038707    0.025425
5.320    0.029061    0.027036
5.470    0.037136    0.029039
5.620    0.056216    0.031990
5.770    0.043973    0.034238
5.910    0.036940    0.036082
6.060    0.051151    0.038572
6.210    0.059877    0.041416
6.360    0.053322    0.043890
6.510    0.050096    0.046160
6.650    0.038683    0.047876
6.800    0.084368    0.051536
6.950    0.055831    0.053906
7.100    0.052819    0.056100
7.250    0.060264    0.058552
7.390    0.089720    0.062134
7.540    0.079638    0.065250
7.690    0.070196    0.067943
7.840    0.093966    0.071478
7.980    0.124400    0.076077
8.130    0.127562    0.080706
8.280    0.093414    0.084034
8.430    0.095693    0.087383
8.580    0.165947    0.093088
8.720    0.092783    0.096227
8.870    0.092313    0.099297
9.020    0.071465    0.101634
9.170    0.072411    0.103964
9.320    0.041471    0.105277
9.460    0.026609    0.106106
9.610    0.018784    0.106683
9.760    0.012619    0.107064
9.910    0.009294    0.107341
10.060    0.006530    0.107533
10.200    0.005681    0.107697
10.350    0.005119    0.107843
10.500    0.004828    0.107978
10.650    0.004699    0.108109
10.790    0.004656    0.108236
10.940    0.004670    0.108362
11.090    0.004730    0.108488
11.240    0.004831    0.108614
11.390    0.004969    0.108743
11.530    0.005134    0.108874
11.680    0.005344    0.109009
11.830    0.005642    0.109150
11.980    0.005924    0.109296
12.130    0.006413    0.109452
12.270    0.006961    0.109619
12.420    0.007446    0.109796
12.570    0.008658    0.109999
12.720    0.009104    0.110210
12.860    0.010615    0.110454
13.010    0.011843    0.110723
13.160    0.013033    0.111015
13.310    0.015031    0.111348
13.460    0.015983    0.111698
13.600    0.018058    0.112090
13.750    0.019568    0.112510
13.900    0.021539    0.112967
14.050    0.023641    0.113463
14.200    0.025695    0.113997
14.340    0.028462    0.114582
14.490    0.030988    0.115213
14.640    0.035150    0.115922
14.790    0.038866    0.116697
14.930    0.044279    0.117572
15.080    0.052141    0.118592
15.230    0.059219    0.119739
15.380    0.073262    0.121144
15.530    0.086529    0.122788
15.670    0.110096    0.124860
15.820    0.143899    0.127544
15.970    0.199136    0.131222
16.120    0.313888    0.136966
16.270    0.572355    0.147344
16.410    1.299075    0.170697
16.560    3.944452    0.240964
16.710    6.440597    0.354667
16.860    6.589484    0.469963
17.010    3.678992    0.533767
17.150    2.012670    0.568387
17.300    1.063069    0.586515
17.450    0.624699    0.597076
17.600    0.456346    0.604725
17.740    0.354605    0.610621
17.890    0.322777    0.615944
18.040    0.326286    0.621279
18.190    0.339382    0.626783
18.340    0.368957    0.632718
18.480    0.316235    0.637766
18.630    0.311043    0.642691
18.780    0.265398    0.646860
18.930    0.282436    0.651262
19.080    0.190495    0.654207
19.220    0.268153    0.658323
19.370    0.095671    0.659780
19.520    0.047194    0.660493
19.670    0.042702    0.661134
19.810    0.028086    0.661552
19.960    0.021766    0.661874
20.110    0.018888    0.662151
20.260    0.017420    0.662404
20.410    0.017424    0.662656
20.550    0.019512    0.662936
20.700    0.028369    0.663340
20.850    0.046028    0.663992
21.000    0.073022    0.665017
21.150    0.103397    0.666460
21.290    0.090247    0.667710
21.440    0.059753    0.668532
21.590    0.042147    0.669108
21.740    0.034204    0.669572
21.880    0.033995    0.670031
22.030    0.038082    0.670541
22.180    0.053990    0.671259
22.330    0.055605    0.671993
22.480    0.082618    0.673077
22.620    0.067023    0.673952
22.770    0.105220    0.675315
22.920    0.075020    0.676280
23.070    0.066301    0.677128
23.220    0.084347    0.678200
23.360    0.121589    0.679735
23.510    0.047242    0.680328
23.660    0.030754    0.680711
23.810    0.075583    0.681648
23.950    0.074425    0.682565
24.100    0.083867    0.683591
24.250    0.057988    0.684297
24.400    0.018898    0.684525
24.550    0.013013    0.684681
24.690    0.014412    0.684854
24.840    0.029965    0.685209
24.990    0.125346    0.686689
25.140    0.034275    0.687091
25.290    0.012599    0.687238
25.430    0.008065    0.687332
25.580    0.006913    0.687412
25.730    0.010067    0.687527
25.880    0.024763    0.687809
26.030    0.007371    0.687893
26.170    0.004366    0.687942
26.320    0.003389    0.687980
26.470    0.002928    0.688013
26.620    0.002646    0.688042
26.760    0.002460    0.688069
26.910    0.002307    0.688094
27.060    0.002184    0.688118
27.210    0.002081    0.688141
27.360    0.001994    0.688162
27.500    0.001923    0.688183
27.650    0.001856    0.688203
27.800    0.001796    0.688222
27.950    0.001743    0.688240
28.100    0.001694    0.688258
28.240    0.001653    0.688275
28.390    0.001613    0.688292
28.540    0.001577    0.688308
28.690    0.001543    0.688324
28.830    0.001515    0.688340
28.980    0.001487    0.688355
29.130    0.001461    0.688370
29.280    0.001437    0.688384
29.430    0.001415    0.688398
29.570    0.001397    0.688412
29.720    0.001379    0.688426
29.870    0.001362    0.688439
30.020    0.001347    0.688453
30.170    0.001334    0.688466
30.310    0.001323    0.688478
30.460    0.001312    0.688491
30.610    0.001302    0.688504
30.760    0.001294    0.688516
30.900    0.001288    0.688528
31.050    0.001282    0.688541
31.200    0.001278    0.688553
31.350    0.001274    0.688565
31.500    0.001272    0.688577
31.640    0.001271    0.688588
31.790    0.001272    0.688600
31.940    0.001273    0.688612
32.090    0.001275    0.688624
32.240    0.001279    0.688635
32.380    0.001284    0.688647
32.530    0.001290    0.688659
32.680    0.001297    0.688671
32.830    0.001306    0.688682
32.970    0.001315    0.688694
33.120    0.001327    0.688706
33.270    0.001339    0.688718
33.420    0.001354    0.688730
33.570    0.001369    0.688742
33.710    0.001386    0.688754
33.860    0.001405    0.688766
34.010    0.001426    0.688778
34.160    0.001449    0.688791
34.310    0.001473    0.688804
34.450    0.001499    0.688816
34.600    0.001528    0.688829
34.750    0.001560    0.688843
34.900    0.001594    0.688856
35.050    0.001632    0.688870
35.190    0.001669    0.688884
35.340    0.001713    0.688898
35.490    0.001760    0.688913
35.640    0.001812    0.688928
35.780    0.001864    0.688943
35.930    0.001925    0.688959
36.080    0.001992    0.688975
36.230    0.002065    0.688992
36.380    0.002145    0.689010
36.520    0.002227    0.689028
36.670    0.002324    0.689046
36.820    0.002431    0.689066
36.970    0.002551    0.689086
37.120    0.002686    0.689107
37.260    0.002828    0.689130
37.410    0.003000    0.689153
37.560    0.003198    0.689179
37.710    0.003428    0.689205
37.850    0.003681    0.689234
38.000    0.004002    0.689265
38.150    0.004396    0.689299
38.300    0.004889    0.689337
38.450    0.005526    0.689379
38.590    0.006316    0.689427
38.740    0.007500    0.689485
38.890    0.009290    0.689555
39.040    0.012271    0.689648
39.190    0.018038    0.689784
39.330    0.031019    0.690016
39.480    0.078725    0.690604
39.630    0.289736    0.692761
39.780    0.292682    0.694932
39.920    0.231879    0.696645
40.070    0.075048    0.697198
40.220    0.032058    0.697433
40.370    0.021973    0.697593
40.520    0.019331    0.697734
40.660    0.020353    0.697882
40.810    0.027554    0.698081
40.960    0.053054    0.698463
41.110    0.096709    0.699157
41.260    0.135430    0.700125
41.400    0.155340    0.701232
41.550    0.171321    0.702449
41.700    0.184665    0.703755
41.850    0.175286    0.704991
41.990    0.150785    0.706050
42.140    0.087089    0.706660
42.290    0.071729    0.707160
42.440    0.100627    0.707859
42.590    0.220428    0.709386
42.730    0.772207    0.714717
42.880    0.986321    0.721503
43.030    0.428323    0.724439
43.180    0.330083    0.726694
43.330    0.854044    0.732509
43.470    1.420864    0.742151
43.620    1.124613    0.749757
43.770    0.876428    0.755664
43.920    0.724995    0.760534
44.070    0.638517    0.764808
44.210    0.604686    0.768843
44.360    0.575115    0.772667
44.510    0.584947    0.776544
44.660    0.503473    0.779870
44.800    0.609113    0.783881
44.950    0.562541    0.787573
45.100    1.242610    0.795701
45.250    2.382139    0.811230
45.400    0.891350    0.817022
45.540    0.510814    0.820331
45.690    0.456288    0.823277
45.840    0.236809    0.824801
45.990    0.208772    0.826140
46.140    0.319038    0.828180
46.280    0.318536    0.830211
46.430    0.522390    0.833530
46.580    0.453014    0.836399
46.730    0.186748    0.837578
46.870    0.105840    0.838244
47.020    0.099222    0.838866
47.170    0.095726    0.839465
47.320    0.095329    0.840059
47.470    0.096085    0.840656
47.610    0.054968    0.840997
47.760    0.094612    0.841581
47.910    0.046619    0.841868
48.060    0.019584    0.841989
48.210    0.013128    0.842069
48.350    0.010424    0.842133
48.500    0.008694    0.842185
48.650    0.007518    0.842231
48.800    0.006643    0.842271
48.940    0.005999    0.842307
49.090    0.005434    0.842340
49.240    0.004963    0.842370
49.390    0.004563    0.842397
49.540    0.004218    0.842422
49.680    0.003936    0.842446
49.830    0.003668    0.842467
49.980    0.003431    0.842487
50.130    0.003219    0.842506
50.280    0.003029    0.842524
50.420    0.002868    0.842541
50.570    0.002710    0.842557
50.720    0.002567    0.842572
50.870    0.002436    0.842586
51.020    0.002315    0.842599
51.160    0.002212    0.842612
51.310    0.002109    0.842624
51.460    0.002014    0.842636
51.610    0.001925    0.842647
51.750    0.001848    0.842657
51.900    0.001771    0.842667
52.050    0.001700    0.842677
52.200    0.001632    0.842686
52.350    0.001569    0.842695
52.490    0.001514    0.842703
52.640    0.001458    0.842712
52.790    0.001406    0.842719
52.940    0.001356    0.842727
53.090    0.001310    0.842734
53.230    0.001268    0.842741
53.380    0.001226    0.842748
53.530    0.001187    0.842755
53.680    0.001149    0.842761
53.820    0.001115    0.842767
53.970    0.001081    0.842773
54.120    0.001049    0.842779
54.270    0.001018    0.842784
54.420    0.000989    0.842790
54.560    0.000962    0.842795
54.710    0.000935    0.842800
54.860    0.000910    0.842805
55.010    0.000885    0.842810
55.160    0.000862    0.842814
55.300    0.000840    0.842819
55.450    0.000819    0.842823
55.600    0.000798    0.842827
55.750    0.000778    0.842831
55.890    0.000760    0.842835
56.040    0.000742    0.842839
56.190    0.000724    0.842843
56.340    0.000707    0.842847
56.490    0.000691    0.842850
56.630    0.000676    0.842854
56.780    0.000661    0.842857
56.930    0.000646    0.842861
57.080    0.000632    0.842864
57.230    0.000618    0.842867
57.370    0.000606    0.842870
57.520    0.000593    0.842873
57.670    0.000581    0.842876
57.820    0.000569    0.842879
57.960    0.000558    0.842882
58.110    0.000547    0.842885
58.260    0.000536    0.842887
58.410    0.000526    0.842890
58.560    0.000515    0.842893
58.700    0.000506    0.842895
58.850    0.000497    0.842898
59.000    0.000487    0.842900
