0.000    0.000851    0.000000
0.150    0.000874    0.001718
0.300    0.000897    0.002600
0.440    0.000920    0.003217
0.590    0.000946    0.003690
0.740    0.000974    0.004079
0.890    0.001003    0.004411
1.040    0.001034    0.004704
1.180    0.001065    0.004971
1.330    0.001101    0.005215
1.480    0.001139    0.005442
1.630    0.001181    0.005656
1.770    0.001223    0.005860
1.920    0.001272    0.006055
2.070    0.001326    0.006244
2.220    0.001387    0.006429
2.370    0.001455    0.006610
2.510    0.001526    0.006789
2.660    0.001614    0.006968
2.810    0.001718    0.007148
2.960    0.001842    0.007332
3.110    0.001996    0.007521
3.250    0.002180    0.007719
3.400    0.002444    0.007931
3.550    0.002830    0.008166
3.700    0.003465    0.008443
3.840    0.004621    0.008798
3.990    0.008106    0.009397
4.140    0.022761    0.011019
4.290    0.038538    0.013669
4.440    0.024849    0.015320
4.580    0.032770    0.017431
4.730    0.026187    0.019064
4.880    0.052598    0.022243
5.030    0.041117    0.024655
5.180    0.030628    0.026399
5.320    0.037085    0.028456
5.470    0.054703    0.031406
5.620    0.049475    0.034003
5.770    0.037064    0.035898
5.910    0.047279    0.038258
6.060    0.067423    0.041540
6.210    0.056581    0.044228
6.360    0.053059    0.046689
6.510    0.039953    0.048499
6.650    0.085717    0.052302
6.800    0.057194    0.054783
6.950    0.053905    0.057071
7.100    0.063598    0.059713
7.250    0.090943    0.063414
7.390    0.092680    0.067113
7.540    0.076075    0.070090
7.690    0.087318    0.073440
7.840    0.128226    0.078264
7.980    0.123437    0.082828
8.130    0.094214    0.086246
8.280    0.092853    0.089554
8.430    0.176344    0.095725
8.580    0.099042    0.099131
8.720    0.102608    0.102602
8.870    0.075227    0.105104
9.020    0.077046    0.107624
9.170    0.051153    0.109269
9.320    0.029819    0.110213
9.460    0.021751    0.110891
9.610    0.016084    0.111385
9.760    0.012234    0.111755
9.910    0.009435    0.112036
10.060    0.008638    0.112289
10.200    0.008305    0.112529
10.350    0.008235    0.112764
10.500    0.008385    0.112999
10.650    0.008665    0.113239
10.790    0.009026    0.113486
10.940    0.009510    0.113743
11.090    0.010097    0.114011
11.240    0.010797    0.114295
11.390    0.011624    0.114596
11.530    0.012528    0.114916
11.680    0.013668    0.115261
11.830    0.015061    0.115637
11.980    0.016644    0.116047
12.130    0.018755    0.116503
12.270    0.020971    0.117007
12.420    0.023988    0.117577
12.570    0.027969    0.118233
12.720    0.032337    0.118983
12.860    0.038216    0.119860
13.010    0.045693    0.120896
13.160    0.055647    0.122143
13.310    0.069930    0.123693
13.460    0.089371    0.125652
13.600    0.118776    0.128228
13.750    0.172065    0.131920
13.900    0.289407    0.138062
14.050    0.673547    0.152204
14.200    1.825432    0.190127
14.340    3.241490    0.256810
14.490    4.081733    0.339910
14.640    3.937470    0.419251
14.790    3.231725    0.483711
14.930    2.531797    0.533736
15.080    1.890620    0.570721
15.230    1.319519    0.596280
15.380    0.891413    0.613378
15.530    0.605396    0.624877
15.670    0.426441    0.632905
15.820    0.328313    0.639028
15.970    0.389082    0.646215
16.120    0.753545    0.660005
16.270    1.245482    0.682587
16.410    1.503140    0.709609
16.560    1.252115    0.731914
16.710    1.141911    0.752074
16.860    0.781283    0.765744
17.010    0.797682    0.779578
17.150    0.733870    0.792201
17.300    0.397937    0.798987
17.450    0.225915    0.802806
17.600    0.134009    0.805052
17.740    0.088398    0.806522
17.890    0.060582    0.807521
18.040    0.044406    0.808247
18.190    0.033555    0.808791
18.340    0.026281    0.809214
18.480    0.022110    0.809567
18.630    0.019258    0.809872
18.780    0.017330    0.810144
18.930    0.015959    0.810393
19.080    0.015018    0.810625
19.220    0.014492    0.810848
19.370    0.014320    0.811066
19.520    0.014641    0.811287
19.670    0.015668    0.811522
19.810    0.017744    0.811786
19.960    0.022772    0.812123
20.110    0.034584    0.812630
20.260    0.057811    0.813472
20.410    0.104329    0.814980
20.550    0.218582    0.818118
20.700    0.811452    0.829682
20.850    0.437224    0.835868
21.000    0.108541    0.837393
21.150    0.047871    0.838060
21.290    0.028674    0.838458
21.440    0.019223    0.838722
21.590    0.014189    0.838916
21.740    0.011164    0.839068
21.880    0.009296    0.839193
22.030    0.007886    0.839298
22.180    0.006857    0.839390
22.330    0.006076    0.839470
22.480    0.005464    0.839542
22.620    0.005001    0.839607
22.770    0.004591    0.839666
22.920    0.004248    0.839721
23.070    0.003956    0.839772
23.220    0.003705    0.839819
23.360    0.003500    0.839863
23.510    0.003306    0.839904
23.660    0.003135    0.839943
23.810    0.002981    0.839980
23.950    0.002852    0.840015
24.100    0.002726    0.840049
24.250    0.002612    0.840081
24.400    0.002508    0.840111
24.550    0.002412    0.840140
24.690    0.002330    0.840168
24.840    0.002249    0.840194
24.990    0.002174    0.840220
25.140    0.002104    0.840245
25.290    0.002039    0.840269
25.430    0.001983    0.840292
25.580    0.001926    0.840314
25.730    0.001873    0.840335
25.880    0.001824    0.840356
26.030    0.001778    0.840376
26.170    0.001737    0.840396
26.320    0.001697    0.840415
26.470    0.001659    0.840433
26.620    0.001623    0.840451
26.760    0.001591    0.840469
26.910    0.001560    0.840486
27.060    0.001530    0.840503
27.210    0.001502    0.840519
27.360    0.001476    0.840535
27.500    0.001453    0.840550
27.650    0.001429    0.840566
27.800    0.001408    0.840581
27.950    0.001388    0.840595
28.100    0.001369    0.840610
28.240    0.001352    0.840624
28.390    0.001336    0.840638
28.540    0.001320    0.840651
28.690    0.001306    0.840665
28.830    0.001294    0.840678
28.980    0.001282    0.840691
29.130    0.001271    0.840704
29.280    0.001261    0.840717
29.430    0.001252    0.840729
29.570    0.001245    0.840742
29.720    0.001238    0.840754
29.870    0.001232    0.840766
30.020    0.001227    0.840778
30.170    0.001223    0.840790
30.310    0.001220    0.840802
30.460    0.001217    0.840814
30.610    0.001216    0.840825
30.760    0.001215    0.840837
30.900    0.001216    0.840849
31.050    0.001217    0.840860
31.200    0.001220    0.840872
31.350    0.001223    0.840883
31.500    0.001227    0.840895
31.640    0.001232    0.840906
31.790    0.001238    0.840918
31.940    0.001246    0.840929
32.090    0.001254    0.840941
32.240    0.001264    0.840952
32.380    0.001274    0.840964
32.530    0.001286    0.840976
32.680    0.001299    0.840987
32.830    0.001313    0.840999
32.970    0.001328    0.841011
33.120    0.001345    0.841023
33.270    0.001364    0.841035
33.420    0.001385    0.841047
33.570    0.001407    0.841060
33.710    0.001429    0.841072
33.860    0.001454    0.841085
34.010    0.001482    0.841098
34.160    0.001512    0.841111
34.310    0.001544    0.841124
34.450    0.001577    0.841137
34.600    0.001614    0.841151
34.750    0.001654    0.841165
34.900    0.001697    0.841180
35.050    0.001744    0.841194
35.190    0.001791    0.841209
35.340    0.001846    0.841225
35.490    0.001905    0.841241
35.640    0.001969    0.841257
35.780    0.002034    0.841274
35.930    0.002110    0.841291
36.080    0.002193    0.841309
36.230    0.002284    0.841328
36.380    0.002384    0.841347
36.520    0.002487    0.841367
36.670    0.002608    0.841388
36.820    0.002745    0.841410
36.970    0.002897    0.841433
37.120    0.003071    0.841457
37.260    0.003254    0.841483
37.410    0.003480    0.841511
37.560    0.003744    0.841540
37.710    0.004057    0.841572
37.850    0.004407    0.841606
38.000    0.004866    0.841644
38.150    0.005450    0.841686
38.300    0.006218    0.841734
38.450    0.007278    0.841790
38.590    0.008713    0.841856
38.740    0.011143    0.841941
38.890    0.015580    0.842059
39.040    0.025621    0.842253
39.190    0.059747    0.842703
39.330    0.229318    0.844423
39.480    0.224810    0.846103
39.630    0.193818    0.847545
39.780    0.192658    0.848974
39.920    0.085445    0.849605
40.070    0.033811    0.849854
40.220    0.023515    0.850027
40.370    0.021654    0.850185
40.520    0.024046    0.850360
40.660    0.032111    0.850593
40.810    0.063231    0.851050
40.960    0.144918    0.852094
41.110    0.292748    0.854195
41.260    0.266377    0.856099
41.400    0.123921    0.856982
41.550    0.100076    0.857693
41.700    0.094135    0.858359
41.850    0.082760    0.858942
41.990    0.073276    0.859457
42.140    0.085523    0.860056
42.290    0.147172    0.861082
42.440    0.447705    0.864194
42.590    0.979587    0.870979
42.730    0.758871    0.876218
42.880    0.460847    0.879389
43.030    0.787251    0.884786
43.180    1.899136    0.897761
43.330    1.523673    0.908134
43.470    1.252256    0.916632
43.620    1.168981    0.924538
43.770    1.292489    0.933249
43.920    1.384423    0.942548
44.070    0.443221    0.945515
44.210    0.295089    0.947484
44.360    0.328302    0.949667
44.510    0.696294    0.954282
44.660    1.697695    0.965496
44.800    1.531741    0.975582
44.950    0.781734    0.980713
45.100    0.341282    0.982945
45.250    0.176493    0.984096
45.400    0.215547    0.985496
45.540    0.137177    0.986385
45.690    0.171579    0.987493
45.840    0.182640    0.988668
45.990    0.179616    0.989820
46.140    0.200588    0.991103
46.280    0.235243    0.992602
46.430    0.277953    0.994368
46.580    0.166732    0.995424
46.730    0.079517    0.995926
46.870    0.086490    0.996470
47.020    0.097629    0.997083
47.170    0.103282    0.997729
47.320    0.081650    0.998238
47.470    0.033402    0.998445
47.610    0.017344    0.998553
47.760    0.012161    0.998628
47.910    0.009671    0.998688
48.060    0.008142    0.998738
48.210    0.007076    0.998781
48.350    0.006322    0.998819
48.500    0.005681    0.998854
48.650    0.005158    0.998885
48.800    0.004722    0.998914
48.940    0.004374    0.998940
49.090    0.004050    0.998965
49.240    0.003768    0.998987
49.390    0.003519    0.999008
49.540    0.003297    0.999028
49.680    0.003112    0.999046
49.830    0.002932    0.999064
49.980    0.002769    0.999080
50.130    0.002621    0.999095
50.280    0.002487    0.999110
50.420    0.002371    0.999124
50.570    0.002257    0.999137
50.720    0.002151    0.999149
50.870    0.002054    0.999161
51.020    0.001963    0.999173
51.160    0.001885    0.999184
51.310    0.001806    0.999194
51.460    0.001733    0.999204
51.610    0.001664    0.999213
51.750    0.001604    0.999223
51.900    0.001544    0.999231
52.050    0.001487    0.999240
52.200    0.001433    0.999248
52.350    0.001383    0.999256
52.490    0.001338    0.999263
52.640    0.001293    0.999270
52.790    0.001251    0.999277
52.940    0.001210    0.999284
53.090    0.001172    0.999291
53.230    0.001138    0.999297
53.380    0.001103    0.999303
53.530    0.001070    0.999309
53.680    0.001038    0.999315
53.820    0.001010    0.999320
53.970    0.000982    0.999326
54.120    0.000954    0.999331
54.270    0.000928    0.999336
54.420    0.000903    0.999341
54.560    0.000881    0.999346
54.710    0.000858    0.999350
54.860    0.000836    0.999355
55.010    0.000815    0.999359
55.160    0.000794    0.999363
55.300    0.000776    0.999367
55.450    0.000757    0.999371
55.600    0.000739    0.999375
55.750    0.000722    0.999379
55.890    0.000706    0.999383
56.040    0.000690    0.999387
56.190    0.000675    0.999390
56.340    0.000660    0.999394
56.490    0.000645    0.999397
56.630    0.000632    0.999400
56.780    0.000619    0.999403
56.930    0.000606    0.999407
57.080    0.000593    0.999410
57.230    0.000581    0.999413
57.370    0.000570    0.999416
57.520    0.000559    0.999418
57.670    0.000548    0.999421
57.820    0.000537    0.999424
57.960    0.000528    0.999427
58.110    0.000518    0.999429
58.260    0.000508    0.999432
58.410    0.000498    0.999434
58.560    0.000489    0.999437
58.700    0.000481    0.999439
58.850    0.000472    0.999442
59.000    0.000464    0.999444
