-0.102  0.000000
-0.101  0.182478
-0.100  0.172142
-0.099  0.170142
-0.098  0.172648
-0.097  0.172000
-0.096  0.176811
-0.095  0.175504
-0.094  0.173819
-0.093  0.176677
-0.092  0.176161
-0.091  0.174893
-0.090  0.176218
-0.089  0.176278
-0.088  0.177483
-0.087  0.176582
-0.086  0.177219
-0.085  0.178186
-0.084  0.178180
-0.083  0.179771
-0.082  0.178532
-0.081  0.179429
-0.080  0.179491
-0.079  0.180052
-0.078  0.181140
-0.077  0.180630
-0.076  0.181115
-0.075  0.181437
-0.074  0.181572
-0.073  0.182445
-0.072  0.183522
-0.071  0.182801
-0.070  0.183463
-0.069  0.183470
-0.068  0.183756
-0.067  0.184480
-0.066  0.185473
-0.065  0.185320
-0.064  0.185545
-0.063  0.185905
-0.062  0.185972
-0.061  0.186513
-0.060  0.187240
-0.059  0.188109
-0.058  0.188078
-0.057  0.188366
-0.056  0.188354
-0.055  0.188671
-0.054  0.189168
-0.053  0.189856
-0.052  0.190595
-0.051  0.191198
-0.050  0.191141
-0.049  0.191201
-0.048  0.191354
-0.047  0.191853
-0.046  0.192424
-0.045  0.193071
-0.044  0.193786
-0.043  0.194224
-0.042  0.194336
-0.041  0.194300
-0.040  0.194646
-0.039  0.195043
-0.038  0.195628
-0.037  0.196239
-0.036  0.196889
-0.035  0.197591
-0.034  0.197692
-0.033  0.197634
-0.032  0.197938
-0.031  0.198385
-0.030  0.198867
-0.029  0.199411
-0.028  0.200030
-0.027  0.200657
-0.026  0.201319
-0.025  0.201231
-0.024  0.201404
-0.023  0.201753
-0.022  0.202215
-0.021  0.202726
-0.020  0.203264
-0.019  0.203823
-0.018  0.204435
-0.017  0.205060
-0.016  0.205178
-0.015  0.205340
-0.014  0.205721
-0.013  0.206143
-0.012  0.206644
-0.011  0.207169
-0.010  0.207724
-0.009  0.208293
-0.008  0.208873
-0.007  0.209300
-0.006  0.209519
-0.005  0.209813
-0.004  0.210233
-0.003  0.210686
-0.002  0.211190
-0.001  0.211718
 0.000  0.212264
 0.001  0.212834
 0.002  0.213300
 0.003  0.213799
 0.004  0.214125
 0.005  0.214461
 0.006  0.214900
 0.007  0.215376
 0.008  0.215873
 0.009  0.216395
 0.010  0.216939
 0.011  0.217487
 0.012  0.217956
 0.013  0.218492
 0.014  0.219036
 0.015  0.219306
 0.016  0.219730
 0.017  0.220220
 0.018  1.090155
 0.019  1.180913
 0.020  1.157326
 0.021  1.146879
 0.022  1.167365
 0.023  1.158047
 0.024  1.172344
 0.025  1.165243
 0.026  1.168905
 0.027  1.173034
 0.028  1.170938
 0.029  1.174853
 0.030  1.176014
 0.031  1.181676
 0.032  1.182046
 0.033  1.183210
 0.034  1.188588
 0.035  1.189909
 0.036  1.191638
 0.037  1.193366
 0.038  1.197682
 0.039  1.201942
 0.040  1.201455
 0.041  1.204278
 0.042  1.206972
 0.043  1.210121
 0.044  1.212487
 0.045  1.215233
 0.046  1.216622
 0.047  1.219076
 0.048  1.223233
 0.049  1.227573
 0.050  1.226946
 0.051  1.228925
 0.052  1.231854
 0.053  1.236725
 0.054  1.242150
 0.055  1.241115
 0.056  1.241978
 0.057  1.245523
 0.058  1.250120
 0.059  1.254103
 0.060  1.255794
 0.061  1.256361
 0.062  1.259378
 0.063  1.263527
 0.064  1.267162
 0.065  1.269341
 0.066  1.271637
 0.067  1.274840
 0.068  1.277693
 0.069  1.281596
 0.070  1.283886
 0.071  1.285880
 0.072  1.289024
 0.073  1.292989
 0.074  1.296792
 0.075  1.299075
 0.076  1.301398
 0.077  1.304060
 0.078  1.307294
 0.079  1.311161
 0.080  1.315459
 0.081  1.318227
 0.082  1.320303
 0.083  1.323333
 0.084  1.326210
 0.085  1.330007
 0.086  1.334104
 0.087  1.336830
 0.088  1.340531
 0.089  1.344116
 0.090  1.346449
 0.091  1.349731
 0.092  1.353497
 0.093  1.356457
 0.094  1.360013
 0.095  1.364089
 0.096  1.368385
 0.097  1.371540
 0.098  1.374431
 0.099  1.377975
 0.100  1.381093
 0.101  1.384922
 0.102  1.389012
 0.103  1.393200
 0.104  1.396535
 0.105  1.400543
 0.106  1.403561
 0.107  1.407148
 0.108  1.411122
 0.109  1.415253
 0.110  1.419499
 0.111  1.423486
 0.112  1.427462
 0.113  1.431281
 0.114  1.435319
 0.115  1.438739
 0.116  1.442690
 0.117  1.447477
 0.118  1.452256
 0.119  1.455899
 0.120  1.459897
 0.121  1.464051
 0.122  1.468336
 0.123  1.473600
 0.124  1.477932
 0.125  1.482465
 0.126  1.486465
 0.127  1.490268
 0.128  1.494240
 0.129  1.499650
 0.130  1.504819
 0.131  1.509926
 0.132  1.515011
 0.133  1.519660
 0.134  1.523561
 0.135  1.528496
 0.136  1.533690
 0.137  1.538692
 0.138  1.543641
 0.139  1.548583
 0.140  1.553733
 0.141  1.560077
 0.142  1.565744
 0.143  1.570386
 0.144  1.575384
 0.145  1.580456
 0.146  1.585500
 0.147  1.592260
 0.148  1.598770
 0.149  1.604794
 0.150  1.610494
 0.151  1.615147
 0.152  1.620272
 0.153  1.627588
 0.154  1.634172
 0.155  1.640529
 0.156  1.646713
 0.157  1.652655
 0.158  1.658464
 0.159  1.667355
 0.160  1.673757
 0.161  1.680029
 0.162  1.686329
 0.163  1.692267
 0.164  1.701384
 0.165  1.709682
 0.166  1.717032
 0.167  1.724365
 0.168  1.730389
 0.169  1.739143
 0.170  1.748404
 0.171  1.756427
 0.172  1.763893
 0.173  1.771041
 0.174  1.781659
 0.175  1.792318
 0.176  1.801475
 0.177  1.808781
 0.178  1.815676
 0.179  1.828787
 0.180  1.839735
 0.181  1.849232
 0.182  1.858091
 0.183  1.868955
 0.184  1.884280
 0.185  1.895741
 0.186  1.905190
 0.187  1.913346
 0.188  1.931914
 0.189  1.944324
 0.190  1.955625
 0.191  1.969760
 0.192  1.989483
 0.193  2.003742
 0.194  2.016635
 0.195  2.039091
 0.196  2.056079
 0.197  2.069988
 0.198  2.092006
 0.199  2.115819
 0.200  2.133673
 0.201  2.161723
 0.202  2.190123
 0.203  2.210651
 0.204  2.253747
 0.205  2.282643
 0.206  2.322453
 0.207  2.363375
 0.208  2.422546
 0.209  2.473272
 0.210  2.568114
 0.211  2.677744
 0.212  2.846602
 0.213  3.271854
 0.214  3.018280
 0.215  2.725092
 0.216  2.594220
 0.217  2.525720
 0.218  2.459980
 0.219  2.400305
 0.220  2.360755
 0.221  2.321182
 0.222  2.283875
 0.223  2.258271
 0.224  2.233623
 0.225  2.203401
 0.226  2.185619
 0.227  2.168900
 0.228  2.151860
 0.229  2.130298
 0.230  2.117860
 0.231  2.105349
 0.232  2.092575
 0.233  2.078533
 0.234  2.066369
 0.235  2.057992
 0.236  2.048370
 0.237  2.039630
 0.238  2.029260
 0.239  2.020256
 0.240  2.013986
 0.241  2.007290
 0.242  2.001120
 0.243  1.993795
 0.244  1.986712
 0.245  1.983158
 0.246  1.978520
 0.247  1.973591
 0.248  1.968928
 0.249  1.963300
 0.250  1.958388
 0.251  1.956379
 0.252  1.953459
 0.253  1.950292
 0.254  1.949734
 0.255  1.946469
 0.256  1.943067
 0.257  1.941170
 0.258  1.938951
 0.259  1.938118
 0.260  1.937270
 0.261  1.935352
 0.262  1.931934
 0.263  1.934486
 0.264  1.935711
 0.265  1.936040
 0.266  1.935936
 0.267  1.935174
 0.268  1.934699
 0.269  1.933078
 0.270  1.934354
 0.271  1.935197
 0.272  1.940372
 0.273  1.943068
 0.274  1.944680
 0.275  1.945304
 0.276  1.946746
 0.277  1.949086
 0.278  1.950989
 0.279  1.952475
 0.280  1.958055
 0.281  1.963329
 0.282  1.966893
 0.283  1.968821
 0.284  1.973270
 0.285  1.977609
 0.286  1.981324
 0.287  1.984477
 0.288  1.994036
 0.289  2.000539
 0.290  2.005623
 0.291  2.010126
 0.292  2.015205
 0.293  2.021772
 0.294  2.027192
 0.295  2.038897
 0.296  2.049526
 0.297  2.057538
 0.298  2.063722
 0.299  2.070542
 0.300  2.078094
 0.301  2.087502
 0.302  2.106552
 0.303  2.119443
 0.304  2.129743
 0.305  2.139680
 0.306  2.148297
 0.307  2.159723
 0.308  2.183164
 0.309  2.202670
 0.310  2.218605
 0.311  2.232654
 0.312  2.245464
 0.313  2.277954
 0.314  2.302004
 0.315  2.321175
 0.316  2.340669
 0.317  2.371338
 0.318  2.417419
 0.319  2.450408
 0.320  2.478204
 0.321  2.539925
 0.322  2.599517
 0.323  2.642587
 0.324  2.759949
 0.325  2.856782
 0.326  3.087574
 0.327  3.729219
 0.328  3.219060
 0.329  2.942049
 0.330  2.807123
 0.331  2.709895
 0.332  2.633837
 0.333  2.583888
 0.334  2.534949
 0.335  2.488904
 0.336  2.457842
 0.337  2.423018
 0.338  2.397970
 0.339  2.371552
 0.340  2.350116
 0.341  2.325046
 0.342  2.307100
 0.343  2.285952
 0.344  2.270960
 0.345  2.254652
 0.346  2.244171
 0.347  2.231981
 0.348  2.218016
 0.349  2.206908
 0.350  2.192653
 0.351  2.182396
 0.352  2.175817
 0.353  2.166600
 0.354  2.160733
 0.355  2.153128
 0.356  2.144635
 0.357  2.138171
 0.358  2.132426
 0.359  2.127286
 0.360  2.123543
 0.361  2.118803
 0.362  2.114578
 0.363  2.111753
 0.364  2.107749
 0.365  2.108324
 0.366  2.107447
 0.367  2.105704
 0.368  2.102008
 0.369  2.098587
 0.370  2.101702
 0.371  2.105513
 0.372  2.106573
 0.373  2.108362
 0.374  2.110261
 0.375  2.109968
 0.376  2.116576
 0.377  2.122166
 0.378  2.127406
 0.379  2.131101
 0.380  2.135756
 0.381  2.145840
 0.382  2.155875
 0.383  2.164482
 0.384  2.172917
 0.385  2.185244
 0.386  2.201466
 0.387  2.216833
 0.388  2.231531
 0.389  2.249009
 0.390  2.266709
 0.391  2.295693
 0.392  2.324752
 0.393  2.356614
 0.394  2.392359
 0.395  2.444064
 0.396  2.498235
 0.397  2.550913
 0.398  2.704979
 0.399  2.848813
 0.400  3.542327
 0.401  2.889223
 0.402  2.694694
 0.403  2.614451
 0.404  2.509424
 0.405  2.436156
 0.406  2.392801
 0.407  2.351472
 0.408  2.296774
 0.409  2.297905
 0.410  2.291989
 0.411  2.296526
 0.412  2.303728
 0.413  2.315292
 0.414  2.332558
 0.415  2.347317
 0.416  2.345734
 0.417  2.353519
 0.418  2.367945
 0.419  2.372482
 0.420  2.385168
 0.421  2.394214
 0.422  2.409864
 0.423  2.415693
 0.424  2.423948
 0.425  2.431825
 0.426  2.447104
 0.427  2.457511
 0.428  2.466548
 0.429  2.483003
 0.430  2.499087
 0.431  2.510727
 0.432  2.517376
 0.433  2.532775
 0.434  2.554457
 0.435  2.570760
 0.436  2.582220
 0.437  2.590844
 0.438  2.616756
 0.439  2.638288
 0.440  2.650329
 0.441  2.665473
 0.442  2.692825
 0.443  2.719320
 0.444  2.735030
 0.445  2.752400
 0.446  2.791344
 0.447  2.812896
 0.448  2.832782
 0.449  2.860573
 0.450  2.906715
 0.451  2.932067
 0.452  2.960127
 0.453  3.004330
 0.454  3.048140
 0.455  3.087558
 0.456  3.136164
 0.457  3.198686
 0.458  3.251666
 0.459  3.324781
 0.460  3.407106
 0.461  3.494831
 0.462  3.622949
 0.463  3.753430
 0.464  3.951453
 0.465  4.236341
 0.466  4.813495
 0.467  5.216984
 0.468  4.479160
 0.469  4.180676
 0.470  3.994196
 0.471  3.846069
 0.472  3.716104
 0.473  3.670116
 0.474  0.720721
 0.475  0.726472
 0.476  0.732190
 0.477  0.739126
 0.478  0.745666
 0.479  0.751849
 0.480  0.757709
 0.481  0.764048
 0.482  0.771504
 0.483  0.778056
 0.484  0.784181
 0.485  0.790574
 0.486  0.796487
 0.487  0.803582
 0.488  0.810405
 0.489  0.816756
 0.490  0.822830
 0.491  0.828970
 0.492  0.837379
 0.493  0.844879
 0.494  0.851670
 0.495  0.858091
 0.496  0.864302
 0.497  0.871019
 0.498  0.879281
 0.499  0.886427
 0.500  0.893026
 0.501  0.899333
 0.502  0.906036
 0.503  0.914838
 0.504  0.922760
 0.505  0.930310
 0.506  0.937361
 0.507  0.944079
 0.508  0.952728
 0.509  0.960219
 0.510  0.967994
 0.511  0.975610
 0.512  0.982778
 0.513  0.992380
 0.514  1.000589
 0.515  1.008195
 0.516  1.016326
 0.517  1.024184
 0.518  1.033585
 0.519  1.042137
 0.520  1.050134
 0.521  1.057767
 0.522  1.066533
 0.523  1.077459
 0.524  1.086950
 0.525  1.095586
 0.526  1.103820
 0.527  1.112202
 0.528  1.124303
 0.529  1.133986
 0.530  1.142959
 0.531  1.151516
 0.532  1.160938
 0.533  1.173118
 0.534  1.183859
 0.535  1.193769
 0.536  1.203084
 0.537  1.214677
 0.538  1.227031
 0.539  1.237996
 0.540  1.248153
 0.541  1.258947
 0.542  1.271337
 0.543  1.284145
 0.544  1.296040
 0.545  1.307079
 0.546  1.321280
 0.547  1.333312
 0.548  1.347259
 0.549  1.359127
 0.550  1.373932
 0.551  1.387071
 0.552  1.401411
 0.553  1.414700
 0.554  1.431215
 0.555  1.446172
 0.556  1.461250
 0.557  1.476260
 0.558  1.495110
 0.559  1.510519
 0.560  1.526512
 0.561  1.545923
 0.562  1.564073
 0.563  1.580359
 0.564  1.598359
 0.565  1.622092
 0.566  1.641019
 0.567  1.658287
 0.568  1.685098
 0.569  1.706635
 0.570  1.726112
 0.571  1.754618
 0.572  1.778845
 0.573  1.800687
 0.574  1.832463
 0.575  1.859525
 0.576  1.887340
 0.577  1.922381
 0.578  1.951649
 0.579  1.987260
 0.580  2.024551
 0.581  2.062931
 0.582  2.104936
 0.583  2.147455
 0.584  2.195251
 0.585  2.247405
 0.586  2.302550
 0.587  2.366959
 0.588  2.432047
 0.589  2.511244
 0.590  2.603330
 0.591  2.699250
 0.592  2.822055
 0.593  2.984078
 0.594  3.198685
 0.595  3.614600
 0.596  5.810841
 0.597  3.627730
 0.598  3.263114
 0.599  3.027931
 0.600  2.930915
 0.601  2.794041
 0.602  2.723849
 0.603  2.628008
 0.604  2.580289
 0.605  2.515388
 0.606  2.467672
 0.607  2.424924
 0.608  2.382980
 0.609  2.346962
 0.610  2.310670
 0.611  2.284237
 0.612  2.251176
 0.613  2.222810
 0.614  2.203683
 0.615  2.179176
 0.616  2.152967
 0.617  2.135315
 0.618  2.119388
 0.619  2.099257
 0.620  2.075017
 0.621  2.063664
 0.622  2.050668
 0.623  2.034602
 0.624  2.012447
 0.625  2.003164
 0.626  1.992936
 0.627  1.980821
 0.628  1.966648
 0.629  1.952359
 0.630  1.944202
 0.631  1.934536
 0.632  1.923141
 0.633  1.914123
 0.634  1.900580
 0.635  1.892959
 0.636  1.883366
 0.637  1.877510
 0.638  1.870531
 0.639  1.861781
 0.640  1.850441
 0.641  1.843689
 0.642  1.838495
 0.643  1.832690
 0.644  1.825819
 0.645  1.815957
 0.646  1.808581
 0.647  1.804741
 0.648  1.800213
 0.649  1.794814
 0.650  1.787967
 0.651  1.782570
 0.652  1.774729
 0.653  1.770841
 0.654  1.766358
 0.655  1.761040
 0.656  1.757801
 0.657  1.753851
 0.658  1.748613
 0.659  1.742360
 0.660  1.738202
 0.661  1.735412
 0.662  1.732301
 0.663  1.728752
 0.664  1.724421
 0.665  1.718608
 0.666  1.714894
 0.667  1.712781
 0.668  1.710266
 0.669  1.707270
 0.670  1.703301
 0.671  1.700543
 0.672  1.697072
 0.673  1.692483
 0.674  1.690194
 0.675  1.687324
 0.676  1.685859
 0.677  1.683982
 0.678  1.681731
 0.679  1.678947
 0.680  1.674579
 0.681  1.671701
 0.682  1.670187
 0.683  1.668510
 0.684  1.666595
 0.685  1.665011
 0.686  1.662596
 0.687  1.660422
 0.688  1.656792
 0.689  1.655531
 0.690  1.654073
 0.691  1.651976
 0.692  1.650674
 0.693  1.649211
 0.694  1.647962
 0.695  1.646273
 0.696  1.642797
 0.697  1.641568
 0.698  1.640666
 0.699  1.639620
 0.700  1.638422
 0.701  1.636980
 0.702  1.635105
 0.703  1.633785
 0.704  1.632095
 0.705  1.630363
 0.706  1.629544
 0.707  1.628418
 0.708  1.627419
 0.709  1.626485
 0.710  1.625400
 0.711  1.624104
 0.712  1.622402
 0.713  1.620367
 0.714  1.619922
 0.715  1.619309
 0.716  1.618556
 0.717  1.617666
 0.718  1.616385
 0.719  1.615437
 0.720  1.614261
 0.721  1.612686
 0.722  1.611256
 0.723  1.610612
 0.724  1.609825
 0.725  1.609188
 0.726  1.608426
 0.727  1.607538
 0.728  1.606470
 0.729  1.605042
 0.730  1.603599
 0.731  1.602459
 0.732  1.601916
 0.733  1.601193
 0.734  1.600246
 0.735  1.599295
 0.736  1.598400
 0.737  1.597367
 0.738  1.596146
 0.739  1.594523
 0.740  1.592847
 0.741  1.592224
 0.742  1.591460
 0.743  1.590564
 0.744  1.589520
 0.745  1.588055
 0.746  1.587012
 0.747  1.585814
 0.748  1.584354
 0.749  1.582631
 0.750  1.581487
 0.751  1.580167
 0.752  1.579146
 0.753  1.578008
 0.754  1.576719
 0.755  1.575231
 0.756  1.573216
 0.757  1.571742
 0.758  1.569798
 0.759  1.568463
 0.760  1.567055
 0.761  1.565290
 0.762  1.563549
 0.763  1.562197
 0.764  1.560696
 0.765  1.559007
 0.766  1.557008
 0.767  1.554256
 0.768  1.552281
 0.769  1.550781
 0.770  1.549100
 0.771  1.547200
 0.772  1.544788
 0.773  1.542517
 0.774  1.540829
 0.775  1.538920
 0.776  1.536616
 0.777  1.533825
 0.778  1.530380
 0.779  1.528744
 0.780  1.526966
 0.781  1.524991
 0.782  1.522756
 0.783  1.520027
 0.784  1.516816
 0.785  1.514592
 0.786  1.512325
 0.787  1.509584
 0.788  1.507069
 0.789  1.503768
 0.790  1.500810
 0.791  1.498915
 0.792  1.496828
 0.793  1.494512
 0.794  1.491275
 0.795  1.487196
 0.796  1.484105
 0.797  1.481790
 0.798  1.479661
 0.799  1.477287
 0.800  1.474545
 0.801  1.470763
 0.802  1.467632
 0.803  1.465107
 0.804  1.462726
 0.805  1.460143
 0.806  1.457160
 0.807  1.453420
 0.808  1.449281
 0.809  1.447506
 0.810  1.445555
 0.811  1.443459
 0.812  1.440341
 0.813  1.436984
 0.814  1.431388
 0.815  1.429595
 0.816  1.427614
 0.817  1.425534
 0.818  1.423367
 0.819  1.420892
 0.820  1.417805
 0.821  1.412418
 0.822  1.410468
 0.823  1.408562
 0.824  1.406539
 0.825  1.404326
 0.826  1.401732
 0.827  1.398656
 0.828  1.393637
 0.829  1.392444
 0.830  1.391148
 0.831  1.388705
 0.832  1.386581
 0.833  1.384309
 0.834  1.381647
 0.835  1.377793
 0.836  1.374566
 0.837  1.373477
 0.838  1.372287
 0.839  1.370976
 0.840  1.368900
 0.841  1.366482
 0.842  1.363800
 0.843  1.359169
 0.844  1.357511
 0.845  1.356567
 0.846  1.355523
 0.847  1.354447
 0.848  1.353215
 0.849  1.351773
 0.850  1.349169
 0.851  1.345736
 0.852  1.342785
 0.853  1.342113
 0.854  1.341417
 0.855  1.340643
 0.856  1.339773
 0.857  1.338773
 0.858  1.337533
 0.859  1.335850
 0.860  1.330896
 0.861  1.330446
 0.862  1.330067
 0.863  1.329694
 0.864  1.329287
 0.865  1.328811
 0.866  1.328246
 0.867  1.327450
 0.868  1.326310
 0.869  1.324041
 0.870  1.322012
 0.871  1.322005
 0.872  1.322072
 0.873  1.322144
 0.874  1.322175
 0.875  1.322164
 0.876  1.322072
 0.877  1.321715
 0.878  1.320960
 0.879  1.318189
 0.880  1.318518
 0.881  1.319132
 0.882  1.319798
 0.883  1.320464
 0.884  1.321144
 0.885  1.321826
 0.886  1.322424
 0.887  1.322797
 0.888  1.322911
 0.889  1.322130
 0.890  1.321758
 0.891  1.323168
 0.892  1.324663
 0.893  1.326190
 0.894  1.327759
 0.895  1.329444
 0.896  1.330908
 0.897  1.332339
 0.898  1.333647
 0.899  1.334732
 0.900  1.334786
 0.901  1.336411
 0.902  1.339043
 0.903  1.341752
 0.904  1.344592
 0.905  1.347530
 0.906  1.350347
 0.907  1.353223
 0.908  1.356094
 0.909  1.359400
 0.910  1.362552
 0.911  1.365367
 0.912  1.367526
 0.913  1.372134
 0.914  1.376939
 0.915  1.381800
 0.916  1.386763
 0.917  1.391887
 0.918  1.398046
 0.919  1.404372
 0.920  1.410647
 0.921  1.417246
 0.922  1.423933
 0.923  1.430679
 0.924  1.437223
 0.925  1.445967
 0.926  1.455343
 0.927  1.467675
 0.928  1.479607
 0.929  1.492152
 0.930  1.505539
 0.931  1.520136
 0.932  1.536072
 0.933  1.553622
 0.934  1.575537
 0.935  1.600144
 0.936  1.627311
 0.937  1.659207
 0.938  1.698636
 0.939  1.747930
 0.940  1.814460
 0.941  1.926489
 0.942  2.142088
 0.943  2.301637
 0.944  1.911820
 0.945  1.821227
 0.946  1.722673
 0.947  1.651657
 0.948  1.601474
 0.949  1.557784
 0.950  1.514960
 0.951  1.476288
 0.952  1.457257
 0.953  1.426694
 0.954  1.405471
 0.955  1.383225
 0.956  1.362619
 0.957  1.343873
 0.958  1.327054
 0.959  1.309577
 0.960  1.296035
 0.961  1.277900
 0.962  1.266836
 0.963  1.251007
 0.964  1.237814
 0.965  1.227702
 0.966  1.212186
 0.967  1.204724
 0.968  1.195587
 0.969  1.182134
 0.970  1.174955
 0.971  1.166707
 0.972  1.153500
 0.973  1.147446
 0.974  1.140068
 0.975  1.130748
 0.976  1.121478
 0.977  1.114919
 0.978  1.107182
 0.979  1.096883
 0.980  1.091381
 0.981  1.085984
 0.982  1.079660
 0.983  1.069939
 0.984  1.065529
 0.985  1.060464
 0.986  1.054981
 0.987  1.047480
 0.988  1.041842
 0.989  1.037041
 0.990  1.031828
 0.991  1.025813
 0.992  1.018076
 0.993  1.013145
 0.994  1.009111
 0.995  1.005046
 0.996  0.999376
 0.997  0.993461
 0.998  0.989702
 0.999  0.985747
 1.000  0.981369
 1.001  0.976314
 1.002  0.971193
 1.003  0.968182
 1.004  0.964330
 1.005  0.960247
 1.006  0.955442
 1.007  0.949363
 1.008  0.945668
 1.009  0.941974
 1.010  0.938800
 1.011  0.935616
 1.012  0.931132
 1.013  0.926698
 1.014  0.923735
 1.015  0.920735
 1.016  0.917597
 1.017  0.914193
 1.018  0.910106
 1.019  0.906553
 1.020  0.903600
 1.021  0.900468
 1.022  0.897287
 1.023  0.893664
 1.024  0.889415
 1.025  0.885152
 1.026  0.882997
 1.027  0.880934
 1.028  0.878163
 1.029  0.875428
 1.030  0.872253
 1.031  0.867985
 1.032  0.865470
 1.033  0.863221
 1.034  0.861372
 1.035  0.858611
 1.036  0.855688
 1.037  0.852545
 1.038  0.848371
 1.039  0.846056
 1.040  0.843612
 1.041  0.841305
 1.042  0.839395
 1.043  0.836706
 1.044  0.833841
 1.045  0.830059
 1.046  0.828025
 1.047  0.826050
 1.048  0.824322
 1.049  0.822355
 1.050  0.819921
 1.051  0.817278
 1.052  0.814352
 1.053  0.811520
 1.054  0.809963
 1.055  0.808349
 1.056  0.806163
 1.057  0.803485
 1.058  0.800696
 1.059  0.798270
 1.060  0.795261
 1.061  0.793489
 1.062  0.792440
 1.063  0.790394
 1.064  0.788336
 1.065  0.786353
 1.066  0.784541
 1.067  0.782365
 1.068  0.779791
 1.069  0.778131
 1.070  0.776065
 1.071  0.774002
 1.072  0.772004
 1.073  0.770096
 1.074  0.768390
 1.075  0.766473
 1.076  0.764098
 1.077  0.761892
 1.078  0.760099
 1.079  0.758491
 1.080  0.757237
 1.081  0.755876
 1.082  0.753778
 1.083  0.751687
 1.084  0.749636
 1.085  0.747178
 1.086  0.746862
 1.087  0.745444
 1.088  0.743392
 1.089  0.741377
 1.090  0.739537
 1.091  0.737940
 1.092  0.736614
 1.093  0.734051
 1.094  0.731597
 1.095  0.730119
 1.096  0.729165
 1.097  0.729171
 1.098  0.727077
 1.099  0.724976
 1.100  0.723080
 1.101  0.721478
 1.102  0.720914
 1.103  0.718143
 1.104  0.716515
 1.105  0.715378
 1.106  0.714316
 1.107  0.713753
 1.108  0.711433
 1.109  0.709254
 1.110  0.707141
 1.111  0.706514
 1.112  0.704548
 1.113  0.703088
 1.114  0.701925
 1.115  0.700791
 1.116  0.700173
 1.117  0.697915
 1.118  0.696007
 1.119  0.694939
 1.120  0.694757
 1.121  0.693197
 1.122  0.690494
 1.123  0.689637
 1.124  0.688642
 1.125  0.686345
 1.126  0.684717
 1.127  0.686205
 1.128  0.683644
 1.129  0.681191
 1.130  0.681268
 1.131  0.678444
 1.132  0.676039
 1.133  0.678425
 1.134  0.675868
 1.135  0.672897
 1.136  0.674324
 1.137  0.670826
 1.138  0.671528
 1.139  0.670048
 1.140  0.665980
 1.141  0.666951
 1.142  0.665952
 1.143  0.665278
 1.144  0.660087
 1.145  0.664731
 1.146  0.662360
 1.147  0.668573
 1.148  0.660044
 1.149  0.529893
 1.150  0.385168
 1.151  0.384103
 1.152  0.382875
 1.153  0.382156
 1.154  0.381412
 1.155  0.380657
 1.156  0.379896
 1.157  0.379117
 1.158  0.378288
 1.159  0.377451
 1.160  0.376531
 1.161  0.375575
 1.162  0.374197
 1.163  0.373456
 1.164  0.372684
 1.165  0.371846
 1.166  0.371145
 1.167  0.370411
 1.168  0.369674
 1.169  0.368912
 1.170  0.368116
 1.171  0.367273
 1.172  0.366321
 1.173  0.365225
 1.174  0.364577
 1.175  0.363908
 1.176  0.363226
 1.177  0.362539
 1.178  0.361842
 1.179  0.361098
 1.180  0.360342
 1.181  0.359535
 1.182  0.358665
 1.183  0.357587
 1.184  0.356630
 1.185  0.356022
 1.186  0.355412
 1.187  0.354794
 1.188  0.354144
 1.189  0.353478
 1.190  0.352808
 1.191  0.352100
 1.192  0.351377
 1.193  0.350577
 1.194  0.349607
 1.195  0.348813
 1.196  0.348221
 1.197  0.347608
 1.198  0.346985
 1.199  0.346356
 1.200  0.345712
 1.201  0.345021
 1.202  0.344275
 1.203  0.343585
 1.204  0.342851
 1.205  0.341979
 1.206  0.341156
 1.207  0.340600
 1.208  0.340044
 1.209  0.339483
 1.210  0.338898
 1.211  0.338295
 1.212  0.337687
 1.213  0.337054
 1.214  0.336400
 1.215  0.335708
 1.216  0.334933
 1.217  0.334030
 1.218  0.333492
 1.219  0.332937
 1.220  0.332357
 1.221  0.331767
 1.222  0.331216
 1.223  0.330642
 1.224  0.330049
 1.225  0.329453
 1.226  0.328794
 1.227  0.328110
 1.228  0.327157
 1.229  0.326650
 1.230  0.326141
 1.231  0.325632
 1.232  0.325117
 1.233  0.324576
 1.234  0.324025
 1.235  0.323470
 1.236  0.322885
 1.237  0.322289
 1.238  0.321640
 1.239  0.320915
 1.240  0.320143
 1.241  0.319663
 1.242  0.319171
 1.243  0.318668
 1.244  0.318165
 1.245  0.317659
 1.246  0.317134
 1.247  0.316592
 1.248  0.316047
 1.249  0.315450
 1.250  0.314838
 1.251  0.313947
 1.252  0.313484
 1.253  0.313021
 1.254  0.312557
 1.255  0.312090
 1.256  0.311603
 1.257  0.311107
 1.258  0.310613
 1.259  0.310087
 1.260  0.309545
 1.261  0.308981
 1.262  0.308346
 1.263  0.307575
 1.264  0.307135
 1.265  0.306690
 1.266  0.306229
 1.267  0.305767
 1.268  0.305305
 1.269  0.304835
 1.270  0.304344
 1.271  0.303849
 1.272  0.303330
 1.273  0.302781
 1.274  0.302151
 1.275  0.301495
 1.276  0.301090
 1.277  0.300687
 1.278  0.300252
 1.279  0.299806
 1.280  0.299345
 1.281  0.298878
 1.282  0.298411
 1.283  0.297916
 1.284  0.297417
 1.285  0.296870
 1.286  0.296245
 1.287  0.295652
 1.288  0.295248
 1.289  0.294836
 1.290  0.294418
 1.291  0.294001
 1.292  0.293585
 1.293  0.293161
 1.294  0.292730
 1.295  0.292337
 1.296  0.291832
 1.297  0.291312
 1.298  0.290685
 1.299  0.290123
 1.300  0.289722
 1.301  0.289322
 1.302  0.288921
 1.303  0.288507
 1.304  0.288083
 1.305  0.287656
 1.306  0.287228
 1.307  0.286776
 1.308  0.286323
 1.309  0.285820
 1.310  0.285219
 1.311  0.284750
 1.312  0.284401
 1.313  0.284076
 1.314  0.283720
 1.315  0.283312
 1.316  0.282904
 1.317  0.282482
 1.318  0.282050
 1.319  0.281617
 1.320  0.281150
 1.321  0.280673
 1.322  0.280097
 1.323  0.279591
 1.324  0.279226
 1.325  0.278863
 1.326  0.278500
 1.327  0.278129
 1.328  0.277751
 1.329  0.277378
 1.330  0.277012
 1.331  0.276653
 1.332  0.276297
 1.333  0.275807
 1.334  0.275233
 1.335  0.274752
 1.336  0.274387
 1.337  0.274017
 1.338  0.273642
 1.339  0.273269
 1.340  0.272896
 1.341  0.272512
 1.342  0.272119
 1.343  0.271728
 1.344  0.271309
 1.345  0.270884
 1.346  0.270379
 1.347  0.269923
 1.348  0.269622
 1.349  0.269357
 1.350  0.269092
 1.351  0.268714
 1.352  0.268328
 1.353  0.267942
 1.354  0.267555
 1.355  0.267149
 1.356  0.266740
 1.357  0.266296
 1.358  0.265795
 1.359  0.265325
 1.360  0.264997
 1.361  0.264664
 1.362  0.264332
 1.363  0.264003
 1.364  0.263682
 1.365  0.263359
 1.366  0.263044
 1.367  0.262800
 1.368  0.262439
 1.369  0.262008
 1.370  0.261507
 1.371  0.261025
 1.372  0.260685
 1.373  0.260348
 1.374  0.260010
 1.375  0.259664
 1.376  0.259315
 1.377  0.258967
 1.378  0.258621
 1.379  0.258260
 1.380  0.257902
 1.381  0.257515
 1.382  0.257093
 1.383  0.256695
 1.384  0.256464
 1.385  0.256296
 1.386  0.255945
 1.387  0.255594
 1.388  0.255245
 1.389  0.254885
 1.390  0.254520
 1.391  0.254155
 1.392  0.253771
 1.393  0.253381
 1.394  0.252929
 1.395  0.252501
 1.396  0.252205
 1.397  0.251910
 1.398  0.251623
 1.399  0.251334
 1.400  0.251058
 1.401  0.250818
 1.402  0.250679
 1.403  0.250298
 1.404  0.249915
 1.405  0.249500
 1.406  0.249025
 1.407  0.248624
 1.408  0.248308
 1.409  0.247991
 1.410  0.247675
 1.411  0.247362
 1.412  0.247054
 1.413  0.246734
 1.414  0.246422
 1.415  0.246115
 1.416  0.245791
 1.417  0.245492
 1.418  0.245080
 1.419  0.244984
 1.420  0.244655
 1.421  0.244327
 1.422  0.243997
 1.423  0.243662
 1.424  0.243331
 1.425  0.243000
 1.426  0.242663
 1.427  0.242323
 1.428  0.241977
 1.429  0.241608
 1.430  0.241155
 1.431  0.240896
 1.432  0.240640
 1.433  0.240394
 1.434  0.240185
 1.435  0.240093
 1.436  0.239844
 1.437  0.239491
 1.438  0.239141
 1.439  0.238781
 1.440  0.238414
 1.441  0.238012
 1.442  0.237588
 1.443  0.237296
 1.444  0.237008
 1.445  0.236722
 1.446  0.236440
 1.447  0.236163
 1.448  0.235901
 1.449  0.235650
 1.450  0.235420
 1.451  0.235279
 1.452  0.235053
 1.453  0.234593
 1.454  0.234242
 1.455  0.233929
 1.456  0.233615
 1.457  0.233307
 1.458  0.233001
 1.459  0.232691
 1.460  0.232389
 1.461  0.232089
 1.462  0.231790
 1.463  0.231489
 1.464  0.231179
 1.465  0.230862
 1.466  0.230700
 1.467  0.230752
 1.468  0.230422
 1.469  0.230088
 1.470  0.229755
 1.471  0.229432
 1.472  0.229102
 1.473  0.228771
 1.474  0.228445
 1.475  0.228097
 1.476  0.227699
 1.477  0.227438
 1.478  0.227188
 1.479  0.226945
 1.480  0.226736
 1.481  0.226560
 1.482  0.226482
 1.483  0.226336
 1.484  0.225988
 1.485  0.225628
 1.486  0.225271
 1.487  0.224836
 1.488  0.224537
 1.489  0.224247
 1.490  0.223961
 1.491  0.223679
 1.492  0.223415
 1.493  0.223154
 1.494  0.222914
 1.495  0.222697
 1.496  0.222527
 1.497  0.222625
 1.498  0.222200
 1.499  0.221856
 1.500  0.221530
 1.501  0.221207
 1.502  0.220900
 1.503  0.220595
 1.504  0.220291
 1.505  0.219999
 1.506  0.219709
 1.507  0.219439
 1.508  0.219166
 1.509  0.218882
 1.510  0.218732
 1.511  0.218688
 1.512  0.218645
 1.513  0.218299
 1.514  0.217962
 1.515  0.217627
 1.516  0.217294
 1.517  0.216981
 1.518  0.216663
 1.519  0.216348
 1.520  0.216024
 1.521  0.215777
 1.522  0.215553
 1.523  0.215360
 1.524  0.215213
 1.525  0.215255
 1.526  0.215116
 1.527  0.214755
 1.528  0.214400
 1.529  0.214053
 1.530  0.213682
 1.531  0.213384
 1.532  0.213091
 1.533  0.212805
 1.534  0.212541
 1.535  0.212297
 1.536  0.212095
 1.537  0.211940
 1.538  0.211895
 1.539  0.211944
 1.540  0.211564
 1.541  0.211199
 1.542  0.210859
 1.543  0.210530
 1.544  0.210206
 1.545  0.209912
 1.546  0.209621
 1.547  0.209349
 1.548  0.209109
 1.549  0.208925
 1.550  0.208796
 1.551  0.208866
 1.552  0.208793
 1.553  0.208421
 1.554  0.208051
 1.555  0.207699
 1.556  0.207368
 1.557  0.207044
 1.558  0.206751
 1.559  0.206478
 1.560  0.206254
 1.561  0.206041
 1.562  0.205916
 1.563  0.205925
 1.564  0.206012
 1.565  0.205614
 1.566  0.205233
 1.567  0.204871
 1.568  0.204540
 1.569  0.204240
 1.570  0.203957
 1.571  0.203681
 1.572  0.203416
 1.573  0.203237
 1.574  0.203155
 1.575  0.203378
 1.576  0.203181
 1.577  0.202776
 1.578  0.202424
 1.579  0.202123
 1.580  0.201761
 1.581  0.201419
 1.582  0.201111
 1.583  0.200865
 1.584  0.200662
 1.585  0.200574
 1.586  0.200972
 1.587  0.200777
 1.588  0.200389
 1.589  0.199965
 1.590  0.199568
 1.591  0.199180
 1.592  0.198856
 1.593  0.198559
 1.594  0.198348
 1.595  0.198261
 1.596  0.198491
 1.597  0.198742
 1.598  0.198229
 1.599  0.197739
 1.600  0.197315
 1.601  0.196929
 1.602  0.196598
 1.603  0.196333
 1.604  0.196232
 1.605  0.196191
 1.606  0.196324
 1.607  0.196447
 1.608  0.195921
 1.609  0.195423
 1.610  0.194986
 1.611  0.194705
 1.612  0.194614
 1.613  0.194299
 1.614  0.194103
 1.615  0.194216
 1.616  0.194533
 1.617  0.193978
 1.618  0.193490
 1.619  0.193129
 1.620  0.192969
 1.621  0.192537
 1.622  0.192224
 1.623  0.192123
 1.624  0.192986
 1.625  0.192460
 1.626  0.191982
 1.627  0.191747
 1.628  0.191129
 1.629  0.190724
 1.630  0.190345
 1.631  0.190343
 1.632  0.191388
 1.633  0.191009
 1.634  0.190484
 1.635  0.189751
 1.636  0.189133
 1.637  0.188808
 1.638  0.188714
 1.639  0.189711
 1.640  0.189927
 1.641  0.188973
 1.642  0.188082
 1.643  0.187478
 1.644  0.187213
 1.645  0.187680
 1.646  0.189110
 1.647  0.187929
 1.648  0.186911
 1.649  0.186118
 1.650  0.185893
 1.651  0.187036
 1.652  0.187767
 1.653  0.186273
 1.654  0.185285
 1.655  0.184940
 1.656  0.185492
 1.657  0.187225
 1.658  0.185113
 1.659  0.184176
 1.660  0.184847
 1.661  0.184252
 1.662  0.185337
 1.663  0.183242
 1.664  0.184249
 1.665  0.183468
 1.666  0.184191
 1.667  0.183526
 1.668  0.182229
 1.669  0.183677
 1.670  0.184291
 1.671  0.181362
 1.672  0.183780
 1.673  0.178282
 1.674  0.184400
 1.675  0.184647
 1.676  0.000000
