-0.102  0.000000  0.000000
-0.101  0.182049  0.000430
-0.100  0.171573  0.000569
-0.099  0.169422  0.000719
-0.098  0.171770  0.000878
-0.097  0.170979  0.001021
-0.096  0.175619  0.001192
-0.095  0.174184  0.001320
-0.094  0.172372  0.001448
-0.093  0.175067  0.001610
-0.092  0.174422  0.001739
-0.091  0.173031  0.001862
-0.090  0.174209  0.002009
-0.089  0.174138  0.002140
-0.088  0.175198  0.002285
-0.087  0.174176  0.002407
-0.086  0.174673  0.002547
-0.085  0.175495  0.002690
-0.084  0.175361  0.002819
-0.083  0.176797  0.002974
-0.082  0.175447  0.003085
-0.081  0.176200  0.003229
-0.080  0.176135  0.003356
-0.079  0.176558  0.003494
-0.078  0.177498  0.003642
-0.077  0.176868  0.003762
-0.076  0.177215  0.003901
-0.075  0.177403  0.004034
-0.074  0.177408  0.004163
-0.073  0.178136  0.004310
-0.072  0.179060  0.004463
-0.071  0.178227  0.004574
-0.070  0.178745  0.004718
-0.069  0.178627  0.004843
-0.068  0.178780  0.004976
-0.067  0.179359  0.005121
-0.066  0.180199  0.005275
-0.065  0.179921  0.005399
-0.064  0.180013  0.005532
-0.063  0.180236  0.005669
-0.062  0.180176  0.005796
-0.061  0.180575  0.005938
-0.060  0.181153  0.006087
-0.059  0.181868  0.006241
-0.058  0.181710  0.006369
-0.057  0.181861  0.006505
-0.056  0.181724  0.006629
-0.055  0.181906  0.006765
-0.054  0.182260  0.006908
-0.053  0.182798  0.007058
-0.052  0.183383  0.007212
-0.051  0.183837  0.007361
-0.050  0.183654  0.007487
-0.049  0.183586  0.007615
-0.048  0.183607  0.007746
-0.047  0.183961  0.007892
-0.046  0.184383  0.008041
-0.045  0.184877  0.008194
-0.044  0.185436  0.008350
-0.043  0.185727  0.008497
-0.042  0.185706  0.008629
-0.041  0.185547  0.008753
-0.040  0.185752  0.008894
-0.039  0.186005  0.009038
-0.038  0.186438  0.009191
-0.037  0.186894  0.009345
-0.036  0.187386  0.009503
-0.035  0.187928  0.009663
-0.034  0.187896  0.009797
-0.033  0.187713  0.009920
-0.032  0.187876  0.010062
-0.031  0.188174  0.010211
-0.030  0.188505  0.010362
-0.029  0.188893  0.010517
-0.028  0.189353  0.010677
-0.027  0.189819  0.010838
-0.026  0.190318  0.011001
-0.025  0.190106  0.011125
-0.024  0.190142  0.011261
-0.023  0.190345  0.011408
-0.022  0.190654  0.011561
-0.021  0.191008  0.011718
-0.020  0.191388  0.011876
-0.019  0.191787  0.012036
-0.018  0.192235  0.012200
-0.017  0.192694  0.012366
-0.016  0.192677  0.012501
-0.015  0.192700  0.012640
-0.014  0.192929  0.012792
-0.013  0.193196  0.012947
-0.012  0.193538  0.013106
-0.011  0.193901  0.013268
-0.010  0.194292  0.013433
-0.009  0.194694  0.013598
-0.008  0.195108  0.013765
-0.007  0.195378  0.013922
-0.006  0.195452  0.014067
-0.005  0.195596  0.014217
-0.004  0.195859  0.014375
-0.003  0.196151  0.014535
-0.002  0.196490  0.014699
-0.001  0.196852  0.014866
 0.000  0.197230  0.015034
 0.001  0.197629  0.015205
 0.002  0.197932  0.015368
 0.003  0.198265  0.015534
 0.004  0.198436  0.015689
 0.005  0.198615  0.015846
 0.006  0.198891  0.016009
 0.007  0.199200  0.016176
 0.008  0.199529  0.016345
 0.009  0.199879  0.016515
 0.010  0.200250  0.016689
 0.011  0.200625  0.016863
 0.012  0.200926  0.017030
 0.013  0.201288  0.017204
 0.014  0.201656  0.017379
 0.015  0.201771  0.017535
 0.016  0.202029  0.017702
 0.017  0.202346  0.017874
 0.018  0.380376  0.709779
 0.019  0.399191  0.781722
 0.020  0.394746  0.762580
 0.021  0.393035  0.753844
 0.022  0.397704  0.769661
 0.023  0.396309  0.761738
 0.024  0.399794  0.772550
 0.025  0.398881  0.766362
 0.026  0.400038  0.768867
 0.027  0.401418  0.771616
 0.028  0.401511  0.769427
 0.029  0.402936  0.771917
 0.030  0.403725  0.772289
 0.031  0.405472  0.776204
 0.032  0.406195  0.775851
 0.033  0.407027  0.776183
 0.034  0.408735  0.779853
 0.035  0.409678  0.780231
 0.036  0.410693  0.780945
 0.037  0.411533  0.781832
 0.038  0.413027  0.784655
 0.039  0.414553  0.787389
 0.040  0.415076  0.786379
 0.041  0.416280  0.787998
 0.042  0.417514  0.789458
 0.043  0.418824  0.791297
 0.044  0.419989  0.792498
 0.045  0.421223  0.794010
 0.046  0.422204  0.794418
 0.047  0.423386  0.795689
 0.048  0.424872  0.798361
 0.049  0.426439  0.801134
 0.050  0.426962  0.799984
 0.051  0.428041  0.800885
 0.052  0.429341  0.802513
 0.053  0.431081  0.805644
 0.054  0.432949  0.809201
 0.055  0.433431  0.807684
 0.056  0.434294  0.807684
 0.057  0.435756  0.809768
 0.058  0.437455  0.812665
 0.059  0.439046  0.815058
 0.060  0.440047  0.815747
 0.061  0.440847  0.815514
 0.062  0.442201  0.817178
 0.063  0.443853  0.819675
 0.064  0.445395  0.821767
 0.065  0.446596  0.822746
 0.066  0.447806  0.823831
 0.067  0.449234  0.825606
 0.068  0.450599  0.827094
 0.069  0.452200  0.829396
 0.070  0.453458  0.830428
 0.071  0.454606  0.831275
 0.072  0.456021  0.833003
 0.073  0.457630  0.835359
 0.074  0.459281  0.837511
 0.075  0.460583  0.838493
 0.076  0.461860  0.839538
 0.077  0.463209  0.840851
 0.078  0.464692  0.842603
 0.079  0.466321  0.844840
 0.080  0.468052  0.847407
 0.081  0.469448  0.848779
 0.082  0.470689  0.849614
 0.083  0.472155  0.851178
 0.084  0.473600  0.852610
 0.085  0.475304  0.854703
 0.086  0.477046  0.857059
 0.087  0.478478  0.858351
 0.088  0.480129  0.860402
 0.089  0.481756  0.862359
 0.090  0.483087  0.863362
 0.091  0.484639  0.865092
 0.092  0.486305  0.867192
 0.093  0.487793  0.868664
 0.094  0.489424  0.870589
 0.095  0.491248  0.872841
 0.096  0.493149  0.875236
 0.097  0.494739  0.876801
 0.098  0.496259  0.878172
 0.099  0.497933  0.880042
 0.100  0.499523  0.881569
 0.101  0.501270  0.883651
 0.102  0.503076  0.885936
 0.103  0.504905  0.888295
 0.104  0.506525  0.890010
 0.105  0.508314  0.892228
 0.106  0.509911  0.893650
 0.107  0.511759  0.895389
 0.108  0.513645  0.897477
 0.109  0.515545  0.899708
 0.110  0.517456  0.902043
 0.111  0.519319  0.904167
 0.112  0.521166  0.906296
 0.113  0.522989  0.908292
 0.114  0.524856  0.910462
 0.115  0.526568  0.912172
 0.116  0.528409  0.914281
 0.117  0.530483  0.916995
 0.118  0.532670  0.919586
 0.119  0.534573  0.921326
 0.120  0.536555  0.923342
 0.121  0.538548  0.925502
 0.122  0.540553  0.927783
 0.123  0.542828  0.930772
 0.124  0.544860  0.933073
 0.125  0.546929  0.935537
 0.126  0.548868  0.937596
 0.127  0.550758  0.939510
 0.128  0.552687  0.941554
 0.129  0.555147  0.944503
 0.130  0.557470  0.947349
 0.131  0.559827  0.950098
 0.132  0.562192  0.952819
 0.133  0.564395  0.955265
 0.134  0.566395  0.957165
 0.135  0.568723  0.959773
 0.136  0.571096  0.962594
 0.137  0.573396  0.965296
 0.138  0.575669  0.967972
 0.139  0.577937  0.970646
 0.140  0.580377  0.973356
 0.141  0.583135  0.976941
 0.142  0.585715  0.980029
 0.143  0.588098  0.982287
 0.144  0.590568  0.984816
 0.145  0.593004  0.987452
 0.146  0.595407  0.990093
 0.147  0.598348  0.993912
 0.148  0.601208  0.997562
 0.149  0.603904  1.000891
 0.150  0.606499  1.003995
 0.151  0.608940  1.006208
 0.152  0.611451  1.008821
 0.153  0.614672  1.012916
 0.154  0.617624  1.016549
 0.155  0.620597  1.019932
 0.156  0.623536  1.023177
 0.157  0.626335  1.026320
 0.158  0.629066  1.029398
 0.159  0.632895  1.034460
 0.160  0.635893  1.037864
 0.161  0.638813  1.041216
 0.162  0.641810  1.044519
 0.163  0.644689  1.047578
 0.164  0.648626  1.052759
 0.165  0.652272  1.057410
 0.166  0.655572  1.061460
 0.167  0.659011  1.065354
 0.168  0.662081  1.068308
 0.169  0.666041  1.073102
 0.170  0.670142  1.078263
 0.171  0.673784  1.082643
 0.172  0.677214  1.086680
 0.173  0.680610  1.090431
 0.174  0.685242  1.096416
 0.175  0.689860  1.102458
 0.176  0.693927  1.107548
 0.177  0.697453  1.111328
 0.178  0.700801  1.114875
 0.179  0.706605  1.122182
 0.180  0.711517  1.128218
 0.181  0.715853  1.133379
 0.182  0.719924  1.138168
 0.183  0.724704  1.144252
 0.184  0.731213  1.153068
 0.185  0.736340  1.159401
 0.186  0.740782  1.164408
 0.187  0.744786  1.168560
 0.188  0.752642  1.179273
 0.189  0.758154  1.186170
 0.190  0.763367  1.192258
 0.191  0.769673  1.200087
 0.192  0.778055  1.211428
 0.193  0.784336  1.219407
 0.194  0.790078  1.226557
 0.195  0.799558  1.239533
 0.196  0.807335  1.248744
 0.197  0.813718  1.256270
 0.198  0.823192  1.268815
 0.199  0.833322  1.282497
 0.200  0.841096  1.292577
 0.201  0.852906  1.308817
 0.202  0.865186  1.324937
 0.203  0.874224  1.336427
 0.204  0.892141  1.361607
 0.205  0.904451  1.378192
 0.206  0.921869  1.400584
 0.207  0.939355  1.424020
 0.208  0.963963  1.458582
 0.209  0.985272  1.487999
 0.210  1.024355  1.543759
 0.211  1.069482  1.608262
 0.212  1.138775  1.707828
 0.213  1.312483  1.959372
 0.214  1.210682  1.807598
 0.215  1.094501  1.630591
 0.216  1.041079  1.553140
 0.217  1.014129  1.511591
 0.218  0.988146  1.471834
 0.219  0.964449  1.435856
 0.220  0.949287  1.411467
 0.221  0.933844  1.387338
 0.222  0.919187  1.364687
 0.223  0.909599  1.348672
 0.224  0.900741  1.332882
 0.225  0.888952  1.314449
 0.226  0.882602  1.303018
 0.227  0.876448  1.292452
 0.228  0.870206  1.281654
 0.229  0.861807  1.268491
 0.230  0.857486  1.260373
 0.231  0.853070  1.252280
 0.232  0.848495  1.244080
 0.233  0.843216  1.235317
 0.234  0.839008  1.227361
 0.235  0.836491  1.221501
 0.236  0.833460  1.214910
 0.237  0.830473  1.209158
 0.238  0.826685  1.202575
 0.239  0.823650  1.196606
 0.240  0.821788  1.192198
 0.241  0.819696  1.187594
 0.242  0.817620  1.183500
 0.243  0.815050  1.178745
 0.244  0.812904  1.173808
 0.245  0.812362  1.170796
 0.246  0.811309  1.167211
 0.247  0.810077  1.163514
 0.248  0.808734  1.160194
 0.249  0.806987  1.156313
 0.250  0.805580  1.152808
 0.251  0.805208  1.151171
 0.252  0.804543  1.148916
 0.253  0.803782  1.146510
 0.254  0.804657  1.145077
 0.255  0.804075  1.142394
 0.256  0.803384  1.139683
 0.257  0.803441  1.137729
 0.258  0.803312  1.135639
 0.259  0.803392  1.134727
 0.260  0.803669  1.133601
 0.261  0.803404  1.131948
 0.262  0.802405  1.129529
 0.263  0.804640  1.129846
 0.264  0.806175  1.129536
 0.265  0.807169  1.128871
 0.266  0.807924  1.128012
 0.267  0.808349  1.126825
 0.268  0.808557  1.126142
 0.269  0.808479  1.124598
 0.270  0.809732  1.124622
 0.271  0.810728  1.124469
 0.272  0.814378  1.125994
 0.273  0.816563  1.126504
 0.274  0.818144  1.126535
 0.275  0.819196  1.126109
 0.276  0.820269  1.126477
 0.277  0.821888  1.127197
 0.278  0.823358  1.127631
 0.279  0.824668  1.127807
 0.280  0.828759  1.129296
 0.281  0.832390  1.130939
 0.282  0.834956  1.131937
 0.283  0.836659  1.132162
 0.284  0.839277  1.133993
 0.285  0.841768  1.135841
 0.286  0.844049  1.137275
 0.287  0.846079  1.138398
 0.288  0.852157  1.141880
 0.289  0.856355  1.144183
 0.290  0.859870  1.145753
 0.291  0.863015  1.147111
 0.292  0.866353  1.148852
 0.293  0.869818  1.151954
 0.294  0.872904  1.154288
 0.295  0.880139  1.158758
 0.296  0.886530  1.162996
 0.297  0.891433  1.166105
 0.298  0.895358  1.168364
 0.299  0.899537  1.171005
 0.300  0.904208  1.173886
 0.301  0.909173  1.178329
 0.302  0.920761  1.185792
 0.303  0.928458  1.190985
 0.304  0.934834  1.194909
 0.305  0.940713  1.198967
 0.306  0.945887  1.202410
 0.307  0.953149  1.206574
 0.308  0.967315  1.215850
 0.309  0.978210  1.224460
 0.310  0.987447  1.231157
 0.311  0.995631  1.237023
 0.312  1.003145  1.242319
 0.313  1.023595  1.254358
 0.314  1.038202  1.263802
 0.315  1.049961  1.271214
 0.316  1.061286  1.279383
 0.317  1.080437  1.290901
 0.318  1.108073  1.309346
 0.319  1.127990  1.322417
 0.320  1.144746  1.333458
 0.321  1.184134  1.355791
 0.322  1.221020  1.378498
 0.323  1.247823  1.394764
 0.324  1.321964  1.437986
 0.325  1.382320  1.474462
 0.326  1.530755  1.556819
 0.327  1.946165  1.783055
 0.328  1.611770  1.607290
 0.329  1.430149  1.511900
 0.330  1.340616  1.466507
 0.331  1.274899  1.434996
 0.332  1.222975  1.410862
 0.333  1.188072  1.395816
 0.334  1.154134  1.380815
 0.335  1.122195  1.366709
 0.336  1.099926  1.357916
 0.337  1.075425  1.347594
 0.338  1.056582  1.341388
 0.339  1.036280  1.335272
 0.340  1.019798  1.330317
 0.341  1.001384  1.323661
 0.342  0.987457  1.319643
 0.343  0.971401  1.314551
 0.344  0.959237  1.311723
 0.345  0.945584  1.309067
 0.346  0.934923  1.309248
 0.347  0.923874  1.308107
 0.348  0.911994  1.306022
 0.349  0.901927  1.304981
 0.350  0.890199  1.302454
 0.351  0.880736  1.301660
 0.352  0.871963  1.303854
 0.353  0.862143  1.304456
 0.354  0.854689  1.306044
 0.355  0.846468  1.306660
 0.356  0.837645  1.306990
 0.357  0.830027  1.308145
 0.358  0.822165  1.310261
 0.359  0.813673  1.313614
 0.360  0.806706  1.316836
 0.361  0.799340  1.319463
 0.362  0.792498  1.322079
 0.363  0.786475  1.325279
 0.364  0.779787  1.327962
 0.365  0.773054  1.335270
 0.366  0.766971  1.340476
 0.367  0.760725  1.344979
 0.368  0.753527  1.348481
 0.369  0.746530  1.352057
 0.370  0.742131  1.359571
 0.371  0.736677  1.368835
 0.372  0.730726  1.375847
 0.373  0.725298  1.383064
 0.374  0.720097  1.390164
 0.375  0.713635  1.396333
 0.376  0.708214  1.408361
 0.377  0.703114  1.419052
 0.378  0.698269  1.429137
 0.379  0.692544  1.438557
 0.380  0.687272  1.448484
 0.381  0.682674  1.463165
 0.382  0.677660  1.478215
 0.383  0.672216  1.492266
 0.384  0.666808  1.506109
 0.385  0.663204  1.522040
 0.386  0.658580  1.542886
 0.387  0.653070  1.563763
 0.388  0.647486  1.584045
 0.389  0.642985  1.606025
 0.390  0.637758  1.628951
 0.391  0.632639  1.663053
 0.392  0.628591  1.696161
 0.393  0.624765  1.731849
 0.394  0.619810  1.772549
 0.395  0.614499  1.829566
 0.396  0.608985  1.889250
 0.397  0.602375  1.948538
 0.398  0.598225  2.106754
 0.399  0.592597  2.256216
 0.400  0.586551  2.955776
 0.401  0.580150  2.309072
 0.402  0.575308  2.119386
 0.403  0.571322  2.043128
 0.404  0.564296  1.945129
 0.405  0.559626  1.876530
 0.406  0.556893  1.835908
 0.407  0.552233  1.799239
 0.408  0.541854  1.754920
 0.409  0.538714  1.759192
 0.410  0.536427  1.755562
 0.411  0.532584  1.763942
 0.412  0.531271  1.772457
 0.413  0.529925  1.785366
 0.414  0.530733  1.801825
 0.415  0.528407  1.818910
 0.416  0.525070  1.820664
 0.417  0.523892  1.829627
 0.418  0.526463  1.841482
 0.419  0.524168  1.848314
 0.420  0.523124  1.862044
 0.421  0.521248  1.872966
 0.422  0.522163  1.887701
 0.423  0.519749  1.895944
 0.424  0.517927  1.906020
 0.425  0.515839  1.915985
 0.426  0.515773  1.931331
 0.427  0.513734  1.943777
 0.428  0.511259  1.955288
 0.429  0.511140  1.971863
 0.430  0.512205  1.986882
 0.431  0.510813  1.999914
 0.432  0.506670  2.010706
 0.433  0.505527  2.027248
 0.434  0.507562  2.046895
 0.435  0.506933  2.063827
 0.436  0.503282  2.078938
 0.437  0.499278  2.091567
 0.438  0.502305  2.114451
 0.439  0.502973  2.135315
 0.440  0.499057  2.151272
 0.441  0.496016  2.169457
 0.442  0.497949  2.194875
 0.443  0.499165  2.220155
 0.444  0.495358  2.239672
 0.445  0.491938  2.260462
 0.446  0.496673  2.294670
 0.447  0.493980  2.318915
 0.448  0.490017  2.342764
 0.449  0.488053  2.372520
 0.450  0.493113  2.413602
 0.451  0.489220  2.442847
 0.452  0.485835  2.474292
 0.453  0.486653  2.517677
 0.454  0.486719  2.561421
 0.455  0.483636  2.603922
 0.456  0.482635  2.653529
 0.457  0.484265  2.714421
 0.458  0.480475  2.771191
 0.459  0.480848  2.843933
 0.460  0.481139  2.925967
 0.461  0.478769  3.016062
 0.462  0.482842  3.140106
 0.463  0.479093  3.274337
 0.464  0.481598  3.469855
 0.465  0.481737  3.754603
 0.466  0.486893  4.326602
 0.467  0.493268  4.723716
 0.468  0.501547  3.977612
 0.469  0.501710  3.678966
 0.470  0.505294  3.488903
 0.471  0.506477  3.339592
 0.472  0.503743  3.212361
 0.473  0.512213  3.157903
 0.474  0.122864  0.597857
 0.475  0.124277  0.602194
 0.476  0.125702  0.606488
 0.477  0.127172  0.611954
 0.478  0.128662  0.617003
 0.479  0.130133  0.621716
 0.480  0.131570  0.626138
 0.481  0.133343  0.630705
 0.482  0.135078  0.636426
 0.483  0.136662  0.641394
 0.484  0.138204  0.645977
 0.485  0.139835  0.650739
 0.486  0.141383  0.655104
 0.487  0.142969  0.660613
 0.488  0.144547  0.665858
 0.489  0.146108  0.670647
 0.490  0.147659  0.675171
 0.491  0.149288  0.679682
 0.492  0.151396  0.685983
 0.493  0.153205  0.691674
 0.494  0.154952  0.696719
 0.495  0.156616  0.701475
 0.496  0.158279  0.706022
 0.497  0.159975  0.711044
 0.498  0.161842  0.717438
 0.499  0.163599  0.722828
 0.500  0.165308  0.727718
 0.501  0.166992  0.732341
 0.502  0.168955  0.737081
 0.503  0.171016  0.743822
 0.504  0.173006  0.749753
 0.505  0.174976  0.755334
 0.506  0.176857  0.760504
 0.507  0.178690  0.765388
 0.508  0.180646  0.772082
 0.509  0.182533  0.777685
 0.510  0.184531  0.783463
 0.511  0.186526  0.789083
 0.512  0.188471  0.794307
 0.513  0.190871  0.801510
 0.514  0.193006  0.807583
 0.515  0.195055  0.813140
 0.516  0.197238  0.819088
 0.517  0.199384  0.824800
 0.518  0.201600  0.831985
 0.519  0.203743  0.838395
 0.520  0.205847  0.844287
 0.521  0.207919  0.849847
 0.522  0.210259  0.856274
 0.523  0.212913  0.864546
 0.524  0.215410  0.871541
 0.525  0.217744  0.877842
 0.526  0.220025  0.883795
 0.527  0.222363  0.889839
 0.528  0.225146  0.899157
 0.529  0.227631  0.906355
 0.530  0.230041  0.912918
 0.531  0.232393  0.919123
 0.532  0.234823  0.926115
 0.533  0.237739  0.935379
 0.534  0.240724  0.943135
 0.535  0.243443  0.950326
 0.536  0.246056  0.957028
 0.537  0.248874  0.965803
 0.538  0.251981  0.975050
 0.539  0.254873  0.983123
 0.540  0.257635  0.990518
 0.541  0.260469  0.998478
 0.542  0.263474  1.007864
 0.543  0.266750  1.017395
 0.544  0.270028  1.026012
 0.545  0.273157  1.033922
 0.546  0.276589  1.044691
 0.547  0.279763  1.053550
 0.548  0.283424  1.063835
 0.549  0.286680  1.072446
 0.550  0.290277  1.083656
 0.551  0.293674  1.093397
 0.552  0.297428  1.103983
 0.553  0.301008  1.113692
 0.554  0.304966  1.126249
 0.555  0.309004  1.137168
 0.556  0.313044  1.148206
 0.557  0.317106  1.159153
 0.558  0.321612  1.173499
 0.559  0.325650  1.184869
 0.560  0.329913  1.196599
 0.561  0.334716  1.211207
 0.562  0.339287  1.224786
 0.563  0.343587  1.236772
 0.564  0.348350  1.250009
 0.565  0.354144  1.267949
 0.566  0.359148  1.281872
 0.567  0.363864  1.294424
 0.568  0.370336  1.314762
 0.569  0.375855  1.330780
 0.570  0.381025  1.345086
 0.571  0.387918  1.366701
 0.572  0.394074  1.384771
 0.573  0.399807  1.400880
 0.574  0.407444  1.425019
 0.575  0.414358  1.445167
 0.576  0.421530  1.465811
 0.577  0.430118  1.492263
 0.578  0.437659  1.513990
 0.579  0.446311  1.540949
 0.580  0.455637  1.568913
 0.581  0.465038  1.597893
 0.582  0.475376  1.629560
 0.583  0.485859  1.661596
 0.584  0.497502  1.697750
 0.585  0.510142  1.737263
 0.586  0.523712  1.778839
 0.587  0.539227  1.827731
 0.588  0.555088  1.876959
 0.589  0.573893  1.937351
 0.590  0.595757  2.007574
 0.591  0.618720  2.080531
 0.592  0.647464  2.174592
 0.593  0.685246  2.298832
 0.594  0.734925  2.463760
 0.595  0.829776  2.784824
 0.596  1.323774  4.487067
 0.597  0.837024  2.790706
 0.598  0.757093  2.506021
 0.599  0.706115  2.321816
 0.600  0.685637  2.245278
 0.601  0.656539  2.137502
 0.602  0.641823  2.082026
 0.603  0.621955  2.006052
 0.604  0.612154  1.968135
 0.605  0.598405  1.916984
 0.606  0.589499  1.878173
 0.607  0.580562  1.844362
 0.608  0.572534  1.810446
 0.609  0.565853  1.781109
 0.610  0.558043  1.752627
 0.611  0.553448  1.730789
 0.612  0.547557  1.703619
 0.613  0.541434  1.681377
 0.614  0.538206  1.665477
 0.615  0.533983  1.645193
 0.616  0.529098  1.623869
 0.617  0.525903  1.609412
 0.618  0.523354  1.596034
 0.619  0.519933  1.579324
 0.620  0.515348  1.559670
 0.621  0.513622  1.550042
 0.622  0.511517  1.539151
 0.623  0.508705  1.525897
 0.624  0.504887  1.507559
 0.625  0.503518  1.499646
 0.626  0.501985  1.490951
 0.627  0.500043  1.480777
 0.628  0.497644  1.469004
 0.629  0.495813  1.456546
 0.630  0.494647  1.449554
 0.631  0.493059  1.441477
 0.632  0.491008  1.432133
 0.633  0.489897  1.424226
 0.634  0.488168  1.412411
 0.635  0.487001  1.405958
 0.636  0.485241  1.398125
 0.637  0.484806  1.392705
 0.638  0.484078  1.386453
 0.639  0.483013  1.378768
 0.640  0.481408  1.369033
 0.641  0.480357  1.363332
 0.642  0.479854  1.358640
 0.643  0.479211  1.353479
 0.644  0.478330  1.347488
 0.645  0.476696  1.339261
 0.646  0.476176  1.332405
 0.647  0.476023  1.328718
 0.648  0.475640  1.324573
 0.649  0.475008  1.319806
 0.650  0.473973  1.313994
 0.651  0.473582  1.308988
 0.652  0.472899  1.301830
 0.653  0.472540  1.298302
 0.654  0.471990  1.294368
 0.655  0.471196  1.289844
 0.656  0.471245  1.286556
 0.657  0.471122  1.282729
 0.658  0.470762  1.277850
 0.659  0.470163  1.272197
 0.660  0.469609  1.268593
 0.661  0.469547  1.265865
 0.662  0.469407  1.262895
 0.663  0.469170  1.259582
 0.664  0.468755  1.255666
 0.665  0.468051  1.250557
 0.666  0.468193  1.246701
 0.667  0.468280  1.244501
 0.668  0.468242  1.242024
 0.669  0.468066  1.239204
 0.670  0.467593  1.235708
 0.671  0.467578  1.232965
 0.672  0.467466  1.229606
 0.673  0.467222  1.225261
 0.674  0.467101  1.223092
 0.675  0.466852  1.220472
 0.676  0.467118  1.218741
 0.677  0.467245  1.216738
 0.678  0.467280  1.214450
 0.679  0.467211  1.211736
 0.680  0.466893  1.207686
 0.681  0.466729  1.204973
 0.682  0.466811  1.203377
 0.683  0.466843  1.201667
 0.684  0.466817  1.199778
 0.685  0.467026  1.197985
 0.686  0.466940  1.195657
 0.687  0.467046  1.193375
 0.688  0.467002  1.189790
 0.689  0.467082  1.188449
 0.690  0.467093  1.186981
 0.691  0.466889  1.185087
 0.692  0.466978  1.183696
 0.693  0.467036  1.182175
 0.694  0.467269  1.180693
 0.695  0.467422  1.178850
 0.696  0.467314  1.175483
 0.697  0.467320  1.174248
 0.698  0.467449  1.173217
 0.699  0.467538  1.172083
 0.700  0.467579  1.170844
 0.701  0.467552  1.169428
 0.702  0.467404  1.167701
 0.703  0.467532  1.166253
 0.704  0.467745  1.164350
 0.705  0.467823  1.162540
 0.706  0.467896  1.161648
 0.707  0.467858  1.160560
 0.708  0.467869  1.159550
 0.709  0.467912  1.158573
 0.710  0.467924  1.157477
 0.711  0.467894  1.156210
 0.712  0.467792  1.154610
 0.713  0.467882  1.152485
 0.714  0.468005  1.151917
 0.715  0.468066  1.151243
 0.716  0.468078  1.150478
 0.717  0.468041  1.149625
 0.718  0.467875  1.148510
 0.719  0.467845  1.147593
 0.720  0.467772  1.146489
 0.721  0.467656  1.145030
 0.722  0.467736  1.143520
 0.723  0.467705  1.142907
 0.724  0.467600  1.142225
 0.725  0.467547  1.141641
 0.726  0.467457  1.140969
 0.727  0.467326  1.140211
 0.728  0.467147  1.139323
 0.729  0.466870  1.138172
 0.730  0.466683  1.136916
 0.731  0.466664  1.135795
 0.732  0.466561  1.135355
 0.733  0.466387  1.134806
 0.734  0.466129  1.134117
 0.735  0.465867  1.133428
 0.736  0.465635  1.132765
 0.737  0.465366  1.132001
 0.738  0.465059  1.131087
 0.739  0.464687  1.129836
 0.740  0.464385  1.128462
 0.741  0.464148  1.128076
 0.742  0.463853  1.127607
 0.743  0.463509  1.127055
 0.744  0.463111  1.126409
 0.745  0.462565  1.125490
 0.746  0.462175  1.124837
 0.747  0.461748  1.124065
 0.748  0.461279  1.123075
 0.749  0.460862  1.121770
 0.750  0.460345  1.121142
 0.751  0.459757  1.120410
 0.752  0.459271  1.119876
 0.753  0.458742  1.119266
 0.754  0.458166  1.118552
 0.755  0.457526  1.117705
 0.756  0.456712  1.116504
 0.757  0.456119  1.115623
 0.758  0.455523  1.114275
 0.759  0.454879  1.113584
 0.760  0.454170  1.112885
 0.761  0.453336  1.111955
 0.762  0.452503  1.111046
 0.763  0.451805  1.110393
 0.764  0.451062  1.109635
 0.765  0.450260  1.108747
 0.766  0.449369  1.107640
 0.767  0.448255  1.106001
 0.768  0.447463  1.104818
 0.769  0.446647  1.104134
 0.770  0.445767  1.103333
 0.771  0.444816  1.102384
 0.772  0.443693  1.101096
 0.773  0.442616  1.099900
 0.774  0.441744  1.099086
 0.775  0.440819  1.098102
 0.776  0.439745  1.096870
 0.777  0.438593  1.095232
 0.778  0.437136  1.093244
 0.779  0.436209  1.092535
 0.780  0.435238  1.091728
 0.781  0.434204  1.090788
 0.782  0.433088  1.089667
 0.783  0.431816  1.088211
 0.784  0.430390  1.086425
 0.785  0.429269  1.085324
 0.786  0.428173  1.084151
 0.787  0.427012  1.082573
 0.788  0.425772  1.081297
 0.789  0.424285  1.079483
 0.790  0.422911  1.077899
 0.791  0.421882  1.077033
 0.792  0.420802  1.076026
 0.793  0.419655  1.074857
 0.794  0.418172  1.073103
 0.795  0.416466  1.070730
 0.796  0.415099  1.069006
 0.797  0.414016  1.067774
 0.798  0.412895  1.066767
 0.799  0.411705  1.065583
 0.800  0.410408  1.064137
 0.801  0.408800  1.061962
 0.802  0.407398  1.060234
 0.803  0.406134  1.058973
 0.804  0.404956  1.057770
 0.805  0.403738  1.056405
 0.806  0.402436  1.054724
 0.807  0.400920  1.052500
 0.808  0.399232  1.050049
 0.809  0.398257  1.049248
 0.810  0.397243  1.048312
 0.811  0.396182  1.047277
 0.812  0.394770  1.045571
 0.813  0.393328  1.043657
 0.814  0.391264  1.040125
 0.815  0.390318  1.039277
 0.816  0.389351  1.038263
 0.817  0.388352  1.037182
 0.818  0.387301  1.036066
 0.819  0.386174  1.034718
 0.820  0.384885  1.032920
 0.821  0.382911  1.029507
 0.822  0.381914  1.028554
 0.823  0.380960  1.027603
 0.824  0.379993  1.026546
 0.825  0.378994  1.025332
 0.826  0.377924  1.023808
 0.827  0.376717  1.021939
 0.828  0.374972  1.018665
 0.829  0.374274  1.018170
 0.830  0.373557  1.017591
 0.831  0.372449  1.016256
 0.832  0.371492  1.015089
 0.833  0.370521  1.013788
 0.834  0.369468  1.012179
 0.835  0.368125  1.009668
 0.836  0.366982  1.007584
 0.837  0.366374  1.007103
 0.838  0.365749  1.006538
 0.839  0.365104  1.005872
 0.840  0.364214  1.004686
 0.841  0.363250  1.003232
 0.842  0.362261  1.001540
 0.843  0.360809  0.998360
 0.844  0.360126  0.997385
 0.845  0.359634  0.996933
 0.846  0.359135  0.996389
 0.847  0.358625  0.995822
 0.848  0.358089  0.995126
 0.849  0.357515  0.994258
 0.850  0.356588  0.992581
 0.851  0.355513  0.990223
 0.852  0.354592  0.988193
 0.853  0.354233  0.987880
 0.854  0.353889  0.987528
 0.855  0.353540  0.987103
 0.856  0.353182  0.986591
 0.857  0.352808  0.985966
 0.858  0.352391  0.985141
 0.859  0.351889  0.983961
 0.860  0.350564  0.980331
 0.861  0.350335  0.980111
 0.862  0.350145  0.979922
 0.863  0.349980  0.979714
 0.864  0.349826  0.979462
 0.865  0.349668  0.979143
 0.866  0.349504  0.978742
 0.867  0.349313  0.978137
 0.868  0.349065  0.977245
 0.869  0.348593  0.975449
 0.870  0.348099  0.973913
 0.871  0.348107  0.973899
 0.872  0.348165  0.973907
 0.873  0.348247  0.973897
 0.874  0.348335  0.973840
 0.875  0.348431  0.973733
 0.876  0.348525  0.973547
 0.877  0.348599  0.973116
 0.878  0.348611  0.972349
 0.879  0.348230  0.969959
 0.880  0.348429  0.970088
 0.881  0.348758  0.970374
 0.882  0.349125  0.970673
 0.883  0.349512  0.970953
 0.884  0.349929  0.971215
 0.885  0.350359  0.971467
 0.886  0.350803  0.971621
 0.887  0.351235  0.971562
 0.888  0.351640  0.971271
 0.889  0.351905  0.970225
 0.890  0.352233  0.969525
 0.891  0.352957  0.970211
 0.892  0.353740  0.970923
 0.893  0.354555  0.971635
 0.894  0.355404  0.972354
 0.895  0.356279  0.973165
 0.896  0.357186  0.973722
 0.897  0.358120  0.974219
 0.898  0.359057  0.974590
 0.899  0.359989  0.974744
 0.900  0.360799  0.973987
 0.901  0.361933  0.974477
 0.902  0.363291  0.975751
 0.903  0.364702  0.977049
 0.904  0.366185  0.978407
 0.905  0.367703  0.979827
 0.906  0.369285  0.981062
 0.907  0.370933  0.982290
 0.908  0.372616  0.983478
 0.909  0.374523  0.984877
 0.910  0.376462  0.986089
 0.911  0.378404  0.986963
 0.912  0.380285  0.987241
 0.913  0.382689  0.989445
 0.914  0.385164  0.991775
 0.915  0.387750  0.994050
 0.916  0.390469  0.996294
 0.917  0.393298  0.998589
 0.918  0.396590  1.001457
 0.919  0.400044  1.004328
 0.920  0.403542  1.007105
 0.921  0.407284  1.009962
 0.922  0.411156  1.012778
 0.923  0.415201  1.015478
 0.924  0.419416  1.017807
 0.925  0.424194  1.021773
 0.926  0.429345  1.025998
 0.927  0.435816  1.031858
 0.928  0.442322  1.037285
 0.929  0.449230  1.042922
 0.930  0.456660  1.048879
 0.931  0.464812  1.055324
 0.932  0.473753  1.062319
 0.933  0.483553  1.070069
 0.934  0.495779  1.079757
 0.935  0.509666  1.090478
 0.936  0.525414  1.101897
 0.937  0.543887  1.115320
 0.938  0.566242  1.132394
 0.939  0.594384  1.153545
 0.940  0.632635  1.181825
 0.941  0.696406  1.230083
 0.942  0.821470  1.320618
 0.943  0.912492  1.389145
 0.944  0.681927  1.229893
 0.945  0.626149  1.195078
 0.946  0.567425  1.155248
 0.947  0.525170  1.126487
 0.948  0.495184  1.106290
 0.949  0.469321  1.088463
 0.950  0.444485  1.070474
 0.951  0.421574  1.054713
 0.952  0.409607  1.047650
 0.953  0.391742  1.034952
 0.954  0.379073  1.026398
 0.955  0.366022  1.017203
 0.956  0.353997  1.008622
 0.957  0.343084  1.000789
 0.958  0.333267  0.993788
 0.959  0.323266  0.986310
 0.960  0.315336  0.980699
 0.961  0.305257  0.972643
 0.962  0.298971  0.967865
 0.963  0.290549  0.960458
 0.964  0.283555  0.954259
 0.965  0.277708  0.949993
 0.966  0.269348  0.942838
 0.967  0.264891  0.939833
 0.968  0.259668  0.935920
 0.969  0.252407  0.929728
 0.970  0.248245  0.926709
 0.971  0.243698  0.923009
 0.972  0.236960  0.916540
 0.973  0.233509  0.913937
 0.974  0.229525  0.910543
 0.975  0.224744  0.906004
 0.976  0.220055  0.901422
 0.977  0.216623  0.898296
 0.978  0.212831  0.894351
 0.979  0.207748  0.889135
 0.980  0.204772  0.886609
 0.981  0.201855  0.884129
 0.982  0.198572  0.881088
 0.983  0.193910  0.876029
 0.984  0.191474  0.874055
 0.985  0.188775  0.871689
 0.986  0.185875  0.869105
 0.987  0.182179  0.865301
 0.988  0.179398  0.862444
 0.989  0.177031  0.860010
 0.990  0.174525  0.857303
 0.991  0.171745  0.854068
 0.992  0.168366  0.849710
 0.993  0.166238  0.846907
 0.994  0.164111  0.845000
 0.995  0.161886  0.843161
 0.996  0.159285  0.840091
 0.997  0.156613  0.836848
 0.998  0.154765  0.834937
 0.999  0.152850  0.832897
 1.000  0.150781  0.830588
 1.001  0.148469  0.827844
 1.002  0.146093  0.825100
 1.003  0.144422  0.823761
 1.004  0.142702  0.821627
 1.005  0.140916  0.819331
 1.006  0.138908  0.816534
 1.007  0.136493  0.812870
 1.008  0.134980  0.810688
 1.009  0.133417  0.808557
 1.010  0.131876  0.806924
 1.011  0.130202  0.805414
 1.012  0.128339  0.802792
 1.013  0.126509  0.800189
 1.014  0.125169  0.798567
 1.015  0.123812  0.796923
 1.016  0.122382  0.795216
 1.017  0.120915  0.793278
 1.018  0.119208  0.790898
 1.019  0.117575  0.788978
 1.020  0.116371  0.787230
 1.021  0.115117  0.785351
 1.022  0.113857  0.783431
 1.023  0.112483  0.781181
 1.024  0.110969  0.778446
 1.025  0.109390  0.775762
 1.026  0.108316  0.774681
 1.027  0.107231  0.773703
 1.028  0.106109  0.772055
 1.029  0.104946  0.770482
 1.030  0.103725  0.768528
 1.031  0.102188  0.765797
 1.032  0.101161  0.764309
 1.033  0.100177  0.763044
 1.034  0.099171  0.762201
 1.035  0.098153  0.760458
 1.036  0.097096  0.758592
 1.037  0.095980  0.756565
 1.038  0.094572  0.753798
 1.039  0.093685  0.752371
 1.040  0.092763  0.750849
 1.041  0.091826  0.749478
 1.042  0.090916  0.748478
 1.043  0.089970  0.746735
 1.044  0.088974  0.744868
 1.045  0.087731  0.742328
 1.046  0.086939  0.741086
 1.047  0.086142  0.739908
 1.048  0.085333  0.738990
 1.049  0.084502  0.737852
 1.050  0.083675  0.736246
 1.051  0.082790  0.734487
 1.052  0.081820  0.732532
 1.053  0.080859  0.730661
 1.054  0.080138  0.729825
 1.055  0.079395  0.728954
 1.056  0.078650  0.727514
 1.057  0.077879  0.725606
 1.058  0.077078  0.723618
 1.059  0.076278  0.721992
 1.060  0.075324  0.719937
 1.061  0.074618  0.718871
 1.062  0.073970  0.718470
 1.063  0.073318  0.717076
 1.064  0.072648  0.715688
 1.065  0.071973  0.714380
 1.066  0.071287  0.713254
 1.067  0.070568  0.711796
 1.068  0.069648  0.710143
 1.069  0.069056  0.709075
 1.070  0.068461  0.707605
 1.071  0.067854  0.706149
 1.072  0.067246  0.704757
 1.073  0.066635  0.703462
 1.074  0.065992  0.702398
 1.075  0.065325  0.701149
 1.076  0.064631  0.699467
 1.077  0.063951  0.697942
 1.078  0.063416  0.696683
 1.079  0.062882  0.695609
 1.080  0.062347  0.694889
 1.081  0.061793  0.694082
 1.082  0.061240  0.692538
 1.083  0.060670  0.691016
 1.084  0.060086  0.689550
 1.085  0.059369  0.687809
 1.086  0.058886  0.687976
 1.087  0.058402  0.687043
 1.088  0.057905  0.685487
 1.089  0.057406  0.683972
 1.090  0.056908  0.682629
 1.091  0.056389  0.681551
 1.092  0.055857  0.680757
 1.093  0.055299  0.678752
 1.094  0.054694  0.676902
 1.095  0.054257  0.675861
 1.096  0.053820  0.675345
 1.097  0.053383  0.675787
 1.098  0.052941  0.674137
 1.099  0.052487  0.672490
 1.100  0.052032  0.671048
 1.101  0.051561  0.669917
 1.102  0.051073  0.669841
 1.103  0.050516  0.667627
 1.104  0.050118  0.666397
 1.105  0.049719  0.665659
 1.106  0.049313  0.665002
 1.107  0.048902  0.664850
 1.108  0.048492  0.662941
 1.109  0.048071  0.661183
 1.110  0.047632  0.659508
 1.111  0.047198  0.659316
 1.112  0.046686  0.657863
 1.113  0.046318  0.656770
 1.114  0.045957  0.655968
 1.115  0.045592  0.655199
 1.116  0.045229  0.654944
 1.117  0.044862  0.653054
 1.118  0.044490  0.651518
 1.119  0.044117  0.650822
 1.120  0.043728  0.651029
 1.121  0.043324  0.649873
 1.122  0.042888  0.647606
 1.123  0.042556  0.647081
 1.124  0.042224  0.646418
 1.125  0.041889  0.644456
 1.126  0.041550  0.643167
 1.127  0.041213  0.644992
 1.128  0.040863  0.642782
 1.129  0.040521  0.640670
 1.130  0.040170  0.641098
 1.131  0.039795  0.638648
 1.132  0.039426  0.636613
 1.133  0.039132  0.639293
 1.134  0.038828  0.637040
 1.135  0.038526  0.634371
 1.136  0.038226  0.636098
 1.137  0.037921  0.632905
 1.138  0.037619  0.633908
 1.139  0.037305  0.632743
 1.140  0.036983  0.628997
 1.141  0.036638  0.630313
 1.142  0.036309  0.629643
 1.143  0.036031  0.629248
 1.144  0.035755  0.624332
 1.145  0.035485  0.629246
 1.146  0.035193  0.627167
 1.147  0.034917  0.633656
 1.148  0.034637  0.625407
 1.149  0.034358  0.495535
 1.150  0.034009  0.351159
 1.151  0.033714  0.350389
 1.152  0.033400  0.349475
 1.153  0.033157  0.348999
 1.154  0.032913  0.348499
 1.155  0.032669  0.347988
 1.156  0.032425  0.347471
 1.157  0.032181  0.346936
 1.158  0.031932  0.346356
 1.159  0.031684  0.345767
 1.160  0.031428  0.345104
 1.161  0.031169  0.344406
 1.162  0.030859  0.343338
 1.163  0.030634  0.342822
 1.164  0.030409  0.342275
 1.165  0.030182  0.341663
 1.166  0.029961  0.341184
 1.167  0.029738  0.340674
 1.168  0.029515  0.340159
 1.169  0.029290  0.339622
 1.170  0.029063  0.339053
 1.171  0.028832  0.338442
 1.172  0.028589  0.337732
 1.173  0.028331  0.336894
 1.174  0.028129  0.336448
 1.175  0.027926  0.335982
 1.176  0.027722  0.335504
 1.177  0.027519  0.335020
 1.178  0.027317  0.334525
 1.179  0.027110  0.333988
 1.180  0.026904  0.333438
 1.181  0.026694  0.332841
 1.182  0.026479  0.332185
 1.183  0.026247  0.331340
 1.184  0.026026  0.330604
 1.185  0.025842  0.330180
 1.186  0.025659  0.329753
 1.187  0.025476  0.329318
 1.188  0.025290  0.328854
 1.189  0.025104  0.328374
 1.190  0.024918  0.327890
 1.191  0.024730  0.327370
 1.192  0.024541  0.326836
 1.193  0.024345  0.326232
 1.194  0.024133  0.325474
 1.195  0.023941  0.324871
 1.196  0.023772  0.324449
 1.197  0.023602  0.324006
 1.198  0.023432  0.323553
 1.199  0.023263  0.323093
 1.200  0.023093  0.322619
 1.201  0.022921  0.322100
 1.202  0.022747  0.321527
 1.203  0.022575  0.321010
 1.204  0.022399  0.320453
 1.205  0.022210  0.319769
 1.206  0.022028  0.319127
 1.207  0.021874  0.318726
 1.208  0.021720  0.318324
 1.209  0.021567  0.317917
 1.210  0.021412  0.317486
 1.211  0.021256  0.317039
 1.212  0.021101  0.316586
 1.213  0.020945  0.316109
 1.214  0.020787  0.315613
 1.215  0.020627  0.315081
 1.216  0.020460  0.314472
 1.217  0.020284  0.313746
 1.218  0.020142  0.313350
 1.219  0.020000  0.312938
 1.220  0.019857  0.312500
 1.221  0.019715  0.312052
 1.222  0.019574  0.311641
 1.223  0.019433  0.311210
 1.224  0.019290  0.310759
 1.225  0.019148  0.310305
 1.226  0.019001  0.309793
 1.227  0.018854  0.309257
 1.228  0.018684  0.308473
 1.229  0.018553  0.308096
 1.230  0.018424  0.307718
 1.231  0.018295  0.307337
 1.232  0.018166  0.306951
 1.233  0.018036  0.306541
 1.234  0.017905  0.306119
 1.235  0.017776  0.305694
 1.236  0.017644  0.305241
 1.237  0.017513  0.304776
 1.238  0.017378  0.304263
 1.239  0.017238  0.303677
 1.240  0.017096  0.303047
 1.241  0.016977  0.302686
 1.242  0.016858  0.302313
 1.243  0.016739  0.301929
 1.244  0.016621  0.301544
 1.245  0.016503  0.301156
 1.246  0.016384  0.300750
 1.247  0.016264  0.300328
 1.248  0.016145  0.299902
 1.249  0.016022  0.299428
 1.250  0.015900  0.298939
 1.251  0.015757  0.298190
 1.252  0.015647  0.297837
 1.253  0.015538  0.297483
 1.254  0.015429  0.297128
 1.255  0.015321  0.296769
 1.256  0.015212  0.296391
 1.257  0.015103  0.296004
 1.258  0.014994  0.295619
 1.259  0.014884  0.295203
 1.260  0.014774  0.294771
 1.261  0.014663  0.294318
 1.262  0.014548  0.293798
 1.263  0.014423  0.293151
 1.264  0.014323  0.292812
 1.265  0.014224  0.292466
 1.266  0.014123  0.292106
 1.267  0.014023  0.291745
 1.268  0.013923  0.291382
 1.269  0.013823  0.291012
 1.270  0.013723  0.290621
 1.271  0.013622  0.290226
 1.272  0.013521  0.289809
 1.273  0.013418  0.289363
 1.274  0.013311  0.288840
 1.275  0.013202  0.288293
 1.276  0.013111  0.287979
 1.277  0.013020  0.287667
 1.278  0.012928  0.287323
 1.279  0.012836  0.286970
 1.280  0.012744  0.286601
 1.281  0.012652  0.286226
 1.282  0.012560  0.285851
 1.283  0.012467  0.285449
 1.284  0.012374  0.285043
 1.285  0.012279  0.284590
 1.286  0.012180  0.284065
 1.287  0.012083  0.283569
 1.288  0.011999  0.283249
 1.289  0.011914  0.282922
 1.290  0.011829  0.282588
 1.291  0.011745  0.282256
 1.292  0.011661  0.281924
 1.293  0.011577  0.281584
 1.294  0.011493  0.281237
 1.295  0.011410  0.280927
 1.296  0.011324  0.280508
 1.297  0.011237  0.280075
 1.298  0.011145  0.279540
 1.299  0.011057  0.279066
 1.300  0.010979  0.278743
 1.301  0.010901  0.278421
 1.302  0.010824  0.278097
 1.303  0.010746  0.277761
 1.304  0.010668  0.277415
 1.305  0.010590  0.277066
 1.306  0.010513  0.276716
 1.307  0.010434  0.276342
 1.308  0.010356  0.275967
 1.309  0.010276  0.275544
 1.310  0.010191  0.275028
 1.311  0.010113  0.274637
 1.312  0.010042  0.274360
 1.313  0.009971  0.274104
 1.314  0.009900  0.273819
 1.315  0.009828  0.273483
 1.316  0.009757  0.273147
 1.317  0.009685  0.272797
 1.318  0.009613  0.272437
 1.319  0.009542  0.272076
 1.320  0.009468  0.271681
 1.321  0.009395  0.271278
 1.322  0.009318  0.270779
 1.323  0.009245  0.270346
 1.324  0.009178  0.270048
 1.325  0.009112  0.269751
 1.326  0.009047  0.269453
 1.327  0.008981  0.269148
 1.328  0.008915  0.268837
 1.329  0.008849  0.268529
 1.330  0.008784  0.268228
 1.331  0.008719  0.267934
 1.332  0.008654  0.267643
 1.333  0.008586  0.267221
 1.334  0.008514  0.266719
 1.335  0.008447  0.266305
 1.336  0.008386  0.266001
 1.337  0.008325  0.265692
 1.338  0.008263  0.265379
 1.339  0.008202  0.265066
 1.340  0.008142  0.264755
 1.341  0.008081  0.264431
 1.342  0.008020  0.264099
 1.343  0.007959  0.263769
 1.344  0.007897  0.263411
 1.345  0.007836  0.263048
 1.346  0.007771  0.262608
 1.347  0.007709  0.262214
 1.348  0.007653  0.261969
 1.349  0.007598  0.261759
 1.350  0.007544  0.261548
 1.351  0.007487  0.261226
 1.352  0.007431  0.260897
 1.353  0.007374  0.260568
 1.354  0.007318  0.260237
 1.355  0.007261  0.259887
 1.356  0.007205  0.259535
 1.357  0.007147  0.259149
 1.358  0.007088  0.258708
 1.359  0.007030  0.258295
 1.360  0.006978  0.258019
 1.361  0.006926  0.257738
 1.362  0.006874  0.257459
 1.363  0.006822  0.257181
 1.364  0.006770  0.256911
 1.365  0.006719  0.256639
 1.366  0.006668  0.256376
 1.367  0.006618  0.256182
 1.368  0.006566  0.255873
 1.369  0.006514  0.255494
 1.370  0.006459  0.255048
 1.371  0.006405  0.254620
 1.372  0.006356  0.254329
 1.373  0.006308  0.254040
 1.374  0.006260  0.253750
 1.375  0.006212  0.253452
 1.376  0.006163  0.253152
 1.377  0.006115  0.252851
 1.378  0.006068  0.252554
 1.379  0.006020  0.252240
 1.380  0.005972  0.251930
 1.381  0.005923  0.251592
 1.382  0.005874  0.251220
 1.383  0.005825  0.250870
 1.384  0.005782  0.250683
 1.385  0.005739  0.250557
 1.386  0.005694  0.250251
 1.387  0.005649  0.249945
 1.388  0.005605  0.249640
 1.389  0.005560  0.249325
 1.390  0.005515  0.249005
 1.391  0.005471  0.248684
 1.392  0.005426  0.248345
 1.393  0.005381  0.248000
 1.394  0.005335  0.247594
 1.395  0.005289  0.247211
 1.396  0.005248  0.246956
 1.397  0.005207  0.246703
 1.398  0.005166  0.246457
 1.399  0.005125  0.246208
 1.400  0.005085  0.245973
 1.401  0.005045  0.245773
 1.402  0.005006  0.245672
 1.403  0.004965  0.245334
 1.404  0.004923  0.244991
 1.405  0.004881  0.244619
 1.406  0.004838  0.244187
 1.407  0.004797  0.243827
 1.408  0.004758  0.243550
 1.409  0.004720  0.243271
 1.410  0.004681  0.242994
 1.411  0.004643  0.242719
 1.412  0.004605  0.242448
 1.413  0.004567  0.242167
 1.414  0.004529  0.241893
 1.415  0.004492  0.241623
 1.416  0.004454  0.241338
 1.417  0.004416  0.241076
 1.418  0.004376  0.240704
 1.419  0.004343  0.240641
 1.420  0.004307  0.240348
 1.421  0.004271  0.240056
 1.422  0.004235  0.239762
 1.423  0.004199  0.239463
 1.424  0.004164  0.239167
 1.425  0.004128  0.238871
 1.426  0.004093  0.238570
 1.427  0.004057  0.238265
 1.428  0.004022  0.237955
 1.429  0.003986  0.237622
 1.430  0.003949  0.237206
 1.431  0.003916  0.236980
 1.432  0.003883  0.236756
 1.433  0.003851  0.236544
 1.434  0.003819  0.236366
 1.435  0.003788  0.236305
 1.436  0.003756  0.236088
 1.437  0.003723  0.235768
 1.438  0.003690  0.235451
 1.439  0.003657  0.235124
 1.440  0.003624  0.234790
 1.441  0.003590  0.234422
 1.442  0.003557  0.234031
 1.443  0.003526  0.233770
 1.444  0.003495  0.233513
 1.445  0.003465  0.233258
 1.446  0.003434  0.233006
 1.447  0.003404  0.232759
 1.448  0.003374  0.232527
 1.449  0.003344  0.232306
 1.450  0.003314  0.232105
 1.451  0.003286  0.231993
 1.452  0.003257  0.231796
 1.453  0.003225  0.231368
 1.454  0.003195  0.231047
 1.455  0.003166  0.230763
 1.456  0.003137  0.230478
 1.457  0.003109  0.230198
 1.458  0.003080  0.229921
 1.459  0.003052  0.229639
 1.460  0.003023  0.229366
 1.461  0.002995  0.229094
 1.462  0.002967  0.228823
 1.463  0.002939  0.228550
 1.464  0.002911  0.228268
 1.465  0.002883  0.227979
 1.466  0.002857  0.227843
 1.467  0.002834  0.227918
 1.468  0.002807  0.227615
 1.469  0.002780  0.227308
 1.470  0.002753  0.227002
 1.471  0.002727  0.226705
 1.472  0.002700  0.226402
 1.473  0.002674  0.226097
 1.474  0.002648  0.225797
 1.475  0.002621  0.225475
 1.476  0.002594  0.225104
 1.477  0.002570  0.224868
 1.478  0.002545  0.224643
 1.479  0.002521  0.224425
 1.480  0.002497  0.224239
 1.481  0.002473  0.224087
 1.482  0.002450  0.224032
 1.483  0.002427  0.223909
 1.484  0.002402  0.223586
 1.485  0.002378  0.223250
 1.486  0.002353  0.222918
 1.487  0.002327  0.222508
 1.488  0.002304  0.222233
 1.489  0.002281  0.221966
 1.490  0.002258  0.221704
 1.491  0.002235  0.221444
 1.492  0.002212  0.221203
 1.493  0.002189  0.220965
 1.494  0.002167  0.220747
 1.495  0.002145  0.220552
 1.496  0.002123  0.220404
 1.497  0.002104  0.220521
 1.498  0.002080  0.220120
 1.499  0.002058  0.219798
 1.500  0.002036  0.219494
 1.501  0.002014  0.219192
 1.502  0.001993  0.218907
 1.503  0.001971  0.218624
 1.504  0.001950  0.218341
 1.505  0.001929  0.218070
 1.506  0.001908  0.217801
 1.507  0.001887  0.217552
 1.508  0.001866  0.217299
 1.509  0.001846  0.217037
 1.510  0.001826  0.216905
 1.511  0.001808  0.216881
 1.512  0.001789  0.216856
 1.513  0.001769  0.216530
 1.514  0.001749  0.216213
 1.515  0.001728  0.215898
 1.516  0.001708  0.215586
 1.517  0.001689  0.215292
 1.518  0.001669  0.214994
 1.519  0.001650  0.214698
 1.520  0.001630  0.214394
 1.521  0.001612  0.214166
 1.522  0.001593  0.213960
 1.523  0.001575  0.213785
 1.524  0.001557  0.213656
 1.525  0.001540  0.213715
 1.526  0.001523  0.213593
 1.527  0.001504  0.213250
 1.528  0.001486  0.212914
 1.529  0.001467  0.212586
 1.530  0.001449  0.212233
 1.531  0.001431  0.211953
 1.532  0.001414  0.211677
 1.533  0.001396  0.211409
 1.534  0.001379  0.211162
 1.535  0.001362  0.210935
 1.536  0.001345  0.210750
 1.537  0.001329  0.210612
 1.538  0.001313  0.210583
 1.539  0.001298  0.210646
 1.540  0.001281  0.210284
 1.541  0.001264  0.209935
 1.542  0.001247  0.209612
 1.543  0.001231  0.209300
 1.544  0.001214  0.208992
 1.545  0.001198  0.208714
 1.546  0.001182  0.208439
 1.547  0.001166  0.208183
 1.548  0.001150  0.207959
 1.549  0.001135  0.207790
 1.550  0.001120  0.207676
 1.551  0.001106  0.207760
 1.552  0.001092  0.207701
 1.553  0.001076  0.207345
 1.554  0.001061  0.206990
 1.555  0.001046  0.206653
 1.556  0.001031  0.206338
 1.557  0.001016  0.206029
 1.558  0.001001  0.205750
 1.559  0.000986  0.205491
 1.560  0.000972  0.205282
 1.561  0.000958  0.205083
 1.562  0.000944  0.204971
 1.563  0.000931  0.204994
 1.564  0.000919  0.205093
 1.565  0.000904  0.204710
 1.566  0.000890  0.204343
 1.567  0.000876  0.203995
 1.568  0.000862  0.203678
 1.569  0.000849  0.203392
 1.570  0.000835  0.203122
 1.571  0.000822  0.202859
 1.572  0.000809  0.202607
 1.573  0.000796  0.202441
 1.574  0.000783  0.202372
 1.575  0.000772  0.202605
 1.576  0.000760  0.202422
 1.577  0.000747  0.202030
 1.578  0.000734  0.201690
 1.579  0.000721  0.201402
 1.580  0.000709  0.201053
 1.581  0.000696  0.200723
 1.582  0.000684  0.200427
 1.583  0.000672  0.200194
 1.584  0.000660  0.200002
 1.585  0.000648  0.199925
 1.586  0.000639  0.200333
 1.587  0.000627  0.200150
 1.588  0.000615  0.199774
 1.589  0.000603  0.199361
 1.590  0.000592  0.198977
 1.591  0.000580  0.198600
 1.592  0.000568  0.198288
 1.593  0.000557  0.198002
 1.594  0.000546  0.197802
 1.595  0.000536  0.197726
 1.596  0.000526  0.197965
 1.597  0.000517  0.198226
 1.598  0.000505  0.197724
 1.599  0.000494  0.197245
 1.600  0.000483  0.196832
 1.601  0.000473  0.196456
 1.602  0.000462  0.196136
 1.603  0.000452  0.195881
 1.604  0.000442  0.195789
 1.605  0.000433  0.195758
 1.606  0.000424  0.195900
 1.607  0.000415  0.196032
 1.608  0.000405  0.195517
 1.609  0.000394  0.195028
 1.610  0.000384  0.194601
 1.611  0.000375  0.194330
 1.612  0.000366  0.194248
 1.613  0.000356  0.193943
 1.614  0.000347  0.193755
 1.615  0.000339  0.193877
 1.616  0.000331  0.194202
 1.617  0.000322  0.193656
 1.618  0.000312  0.193178
 1.619  0.000304  0.192826
 1.620  0.000295  0.192673
 1.621  0.000287  0.192250
 1.622  0.000278  0.191946
 1.623  0.000270  0.191853
 1.624  0.000263  0.192723
 1.625  0.000255  0.192205
 1.626  0.000247  0.191736
 1.627  0.000239  0.191509
 1.628  0.000230  0.190898
 1.629  0.000222  0.190502
 1.630  0.000214  0.190131
 1.631  0.000207  0.190136
 1.632  0.000201  0.191187
 1.633  0.000194  0.190815
 1.634  0.000186  0.190297
 1.635  0.000179  0.189572
 1.636  0.000171  0.188962
 1.637  0.000164  0.188644
 1.638  0.000158  0.188556
 1.639  0.000152  0.189558
 1.640  0.000146  0.189781
 1.641  0.000139  0.188833
 1.642  0.000132  0.187950
 1.643  0.000126  0.187353
 1.644  0.000119  0.187094
 1.645  0.000114  0.187566
 1.646  0.000109  0.189001
 1.647  0.000103  0.187826
 1.648  0.000097  0.186814
 1.649  0.000091  0.186027
 1.650  0.000086  0.185808
 1.651  0.000081  0.186955
 1.652  0.000077  0.187690
 1.653  0.000072  0.186201
 1.654  0.000066  0.185218
 1.655  0.000062  0.184879
 1.656  0.000057  0.185435
 1.657  0.000054  0.187171
 1.658  0.000050  0.185063
 1.659  0.000046  0.184130
 1.660  0.000042  0.184805
 1.661  0.000039  0.184214
 1.662  0.000037  0.185300
 1.663  0.000033  0.183209
 1.664  0.000030  0.184219
 1.665  0.000028  0.183440
 1.666  0.000027  0.184164
 1.667  0.000026  0.183501
 1.668  0.000025  0.182204
 1.669  0.000026  0.183651
 1.670  0.000025  0.184265
 1.671  0.000026  0.181335
 1.672  0.000030  0.183750
 1.673  0.000034  0.178247
 1.674  0.000044  0.184357
 1.675  0.000061  0.184586
 1.676  0.000000  0.000000
