0.000    0.001843    0.000000
0.150    0.001885    0.003708
0.300    0.001930    0.005606
0.440    0.001973    0.006929
0.590    0.002021    0.007939
0.740    0.002071    0.008765
0.890    0.002123    0.009468
1.040    0.002177    0.010086
1.180    0.002230    0.010643
1.330    0.002289    0.011151
1.480    0.002352    0.011620
1.630    0.002417    0.012057
1.770    0.002481    0.012471
1.920    0.002553    0.012863
2.070    0.002630    0.013238
2.220    0.002711    0.013598
2.370    0.002798    0.013946
2.510    0.002885    0.014286
2.660    0.002986    0.014617
2.810    0.003096    0.014942
2.960    0.003219    0.015263
3.110    0.003358    0.015581
3.250    0.003509    0.015900
3.400    0.003707    0.016221
3.550    0.003970    0.016551
3.700    0.004369    0.016900
3.840    0.005070    0.017289
3.990    0.007298    0.017829
4.140    0.017254    0.019058
4.290    0.019080    0.020370
4.440    0.013243    0.021250
4.580    0.013694    0.022132
4.730    0.016846    0.023183
4.880    0.019618    0.024369
5.030    0.015522    0.025279
5.180    0.018092    0.026309
5.320    0.018210    0.027319
5.470    0.024753    0.028654
5.620    0.021449    0.029780
5.770    0.016154    0.030606
5.910    0.027029    0.031955
6.060    0.024912    0.033168
6.210    0.022463    0.034235
6.360    0.021417    0.035228
6.510    0.027555    0.036477
6.650    0.030006    0.037808
6.800    0.026291    0.038949
6.950    0.027987    0.040137
7.100    0.032251    0.041477
7.250    0.043776    0.043258
7.390    0.033000    0.044575
7.540    0.034020    0.045906
7.690    0.052312    0.047913
7.840    0.048338    0.049732
7.980    0.046058    0.051434
8.130    0.042798    0.052987
8.280    0.065760    0.055330
8.430    0.048720    0.057035
8.580    0.046794    0.058644
8.720    0.038087    0.059933
8.870    0.038823    0.061224
9.020    0.034641    0.062357
9.170    0.028545    0.063275
9.320    0.028130    0.064165
9.460    0.028741    0.065062
9.610    0.030335    0.065993
9.760    0.032885    0.066987
9.910    0.036648    0.068078
10.060    0.041467    0.069294
10.200    0.047158    0.070658
10.350    0.054957    0.072224
10.500    0.065219    0.074056
10.650    0.079141    0.076248
10.790    0.097270    0.078908
10.940    0.125909    0.082303
11.090    0.172256    0.086885
11.240    0.257846    0.093652
11.390    0.461798    0.105613
11.530    1.148487    0.134997
11.680    2.911047    0.208521
11.830    4.348561    0.316960
11.980    4.921393    0.438146
12.130    5.061797    0.561248
12.270    4.587458    0.671542
12.420    3.861112    0.763251
12.570    3.641964    0.848722
12.720    2.921319    0.916473
12.860    2.243007    0.967926
13.010    1.854248    1.009971
13.160    1.413667    1.041660
13.310    1.229650    1.068914
13.460    0.954083    1.089825
13.600    0.666905    1.104291
13.750    0.544011    1.115962
13.900    0.480548    1.126161
14.050    0.337589    1.133249
14.200    0.264516    1.138744
14.340    0.272863    1.144357
14.490    0.294538    1.150354
14.640    0.335222    1.157109
14.790    0.427457    1.165635
14.930    0.520719    1.175924
15.080    0.678823    1.189203
15.230    1.094842    1.210410
15.380    1.905153    1.246952
15.530    3.121592    1.306248
15.670    4.097383    1.383385
15.820    3.383103    1.446470
15.970    2.588735    1.494290
16.120    2.335767    1.537035
16.270    3.591309    1.602151
16.410    2.658591    1.649944
16.560    1.738577    1.680915
16.710    1.163721    1.701459
16.860    0.773563    1.714994
17.010    0.507171    1.723790
17.150    0.330525    1.729475
17.300    0.207561    1.733015
17.450    0.138243    1.735352
17.600    0.095787    1.736957
17.740    0.079042    1.738272
17.890    0.065374    1.739350
18.040    0.059355    1.740320
18.190    0.057152    1.741247
18.340    0.057701    1.742175
18.480    0.061661    1.743160
18.630    0.070460    1.744275
18.780    0.087011    1.745642
18.930    0.118469    1.747488
19.080    0.184263    1.750337
19.220    0.332781    1.755445
19.370    0.877879    1.768815
19.520    4.317824    1.834069
19.670    3.071889    1.880139
19.810    0.820916    1.892364
19.960    0.326052    1.897183
20.110    0.165876    1.899616
20.260    0.103200    1.901119
20.410    0.071683    1.902155
20.550    0.054393    1.902936
20.700    0.042476    1.903541
20.850    0.034426    1.904028
21.000    0.028703    1.904431
21.150    0.024469    1.904773
21.290    0.021424    1.905070
21.440    0.018846    1.905329
21.590    0.016779    1.905558
21.740    0.015092    1.905763
21.880    0.013778    1.905949
22.030    0.012586    1.906117
22.180    0.011571    1.906271
22.330    0.010698    1.906413
22.480    0.009939    1.906543
22.620    0.009316    1.906664
22.770    0.008725    1.906777
22.920    0.008200    1.906883
23.070    0.007730    1.906982
23.220    0.007308    1.907075
23.360    0.006951    1.907162
23.510    0.006604    1.907245
23.660    0.006287    1.907324
23.810    0.005998    1.907398
23.950    0.005750    1.907469
24.100    0.005504    1.907536
24.250    0.005278    1.907600
24.400    0.005069    1.907662
24.550    0.004875    1.907720
24.690    0.004706    1.907777
24.840    0.004538    1.907830
24.990    0.004381    1.907882
25.140    0.004234    1.907932
25.290    0.004097    1.907980
25.430    0.003976    1.908026
25.580    0.003855    1.908070
25.730    0.003741    1.908113
25.880    0.003634    1.908155
26.030    0.003533    1.908195
26.170    0.003444    1.908233
26.320    0.003355    1.908271
26.470    0.003270    1.908307
26.620    0.003189    1.908343
26.760    0.003119    1.908377
26.910    0.003047    1.908411
27.060    0.002979    1.908443
27.210    0.002915    1.908475
27.360    0.002854    1.908505
27.500    0.002800    1.908535
27.650    0.002745    1.908565
27.800    0.002694    1.908593
27.950    0.002645    1.908621
28.100    0.002599    1.908649
28.240    0.002558    1.908675
28.390    0.002517    1.908701
28.540    0.002478    1.908727
28.690    0.002441    1.908752
28.830    0.002409    1.908777
28.980    0.002376    1.908801
29.130    0.002346    1.908825
29.280    0.002317    1.908848
29.430    0.002290    1.908871
29.570    0.002267    1.908894
29.720    0.002244    1.908916
29.870    0.002223    1.908938
30.020    0.002203    1.908959
30.170    0.002185    1.908981
30.310    0.002170    1.909002
30.460    0.002155    1.909023
30.610    0.002142    1.909043
30.760    0.002131    1.909064
30.900    0.002121    1.909084
31.050    0.002113    1.909104
31.200    0.002107    1.909124
31.350    0.002102    1.909144
31.500    0.002099    1.909164
31.640    0.002097    1.909183
31.790    0.002097    1.909203
31.940    0.002099    1.909222
32.090    0.002103    1.909241
32.240    0.002108    1.909261
32.380    0.002115    1.909280
32.530    0.002124    1.909299
32.680    0.002136    1.909318
32.830    0.002149    1.909338
32.970    0.002163    1.909357
33.120    0.002181    1.909377
33.270    0.002201    1.909396
33.420    0.002224    1.909416
33.570    0.002249    1.909435
33.710    0.002276    1.909455
33.860    0.002307    1.909475
34.010    0.002341    1.909496
34.160    0.002379    1.909516
34.310    0.002421    1.909537
34.450    0.002463    1.909558
34.600    0.002513    1.909580
34.750    0.002567    1.909601
34.900    0.002627    1.909624
35.050    0.002692    1.909646
35.190    0.002759    1.909669
35.340    0.002836    1.909693
35.490    0.002922    1.909717
35.640    0.003016    1.909742
35.780    0.003113    1.909768
35.930    0.003226    1.909795
36.080    0.003352    1.909822
36.230    0.003492    1.909850
36.380    0.003649    1.909880
36.520    0.003812    1.909911
36.670    0.004008    1.909943
36.820    0.004230    1.909977
36.970    0.004485    1.910013
37.120    0.004778    1.910051
37.260    0.005096    1.910091
37.410    0.005496    1.910134
37.560    0.005975    1.910181
37.710    0.006562    1.910233
37.850    0.007242    1.910289
38.000    0.008175    1.910352
38.150    0.009427    1.910425
38.300    0.011197    1.910512
38.450    0.013885    1.910618
38.590    0.018011    1.910756
38.740    0.026412    1.910957
38.890    0.047057    1.911314
39.040    0.126302    1.912268
39.190    0.560468    1.916487
39.330    0.300358    1.918740
39.480    0.128389    1.919699
39.630    0.082922    1.920317
39.780    0.042587    1.920632
39.920    0.034535    1.920888
40.070    0.035623    1.921150
40.220    0.042827    1.921464
40.370    0.059279    1.921897
40.520    0.100809    1.922631
40.660    0.215064    1.924192
40.810    0.567819    1.928296
40.960    1.527078    1.939294
41.110    1.088908    1.947108
41.260    0.405454    1.950007
41.400    0.248655    1.951779
41.550    0.162777    1.952935
41.700    0.113831    1.953740
41.850    0.093097    1.954396
41.990    0.103452    1.955123
42.140    0.171048    1.956320
42.290    0.516993    1.959927
42.440    1.217025    1.968386
42.590    1.048412    1.975648
42.730    0.640008    1.980067
42.880    0.678152    1.984732
43.030    0.601306    1.988854
43.180    0.477752    1.992118
43.330    0.470418    1.995321
43.470    0.544001    1.999013
43.620    0.692930    2.003699
43.770    0.640463    2.008016
43.920    0.373572    2.010525
44.070    0.537449    2.014122
44.210    1.075160    2.021297
44.360    2.776225    2.039759
44.510    2.365721    2.055438
44.660    1.369880    2.064487
44.800    0.780411    2.069626
44.950    0.534388    2.073133
45.100    0.779802    2.078234
45.250    0.422700    2.080989
45.400    0.192995    2.082243
45.540    0.282486    2.084073
45.690    0.512030    2.087379
45.840    0.290396    2.089248
45.990    0.170226    2.090340
46.140    0.130499    2.091174
46.280    0.134178    2.092030
46.430    0.110904    2.092734
46.580    0.127091    2.093539
46.730    0.205467    2.094836
46.870    0.297744    2.096710
47.020    0.362983    2.098988
47.170    0.235977    2.100463
47.320    0.067366    2.100883
47.470    0.033136    2.101089
47.610    0.022263    2.101227
47.760    0.016547    2.101329
47.910    0.013234    2.101411
48.060    0.011065    2.101479
48.210    0.009526    2.101537
48.350    0.008439    2.101589
48.500    0.007522    2.101634
48.650    0.006784    2.101675
48.800    0.006175    2.101713
48.940    0.005694    2.101747
49.090    0.005252    2.101779
49.240    0.004870    2.101808
49.390    0.004537    2.101835
49.540    0.004243    2.101860
49.680    0.003998    2.101884
49.830    0.003762    2.101906
49.980    0.003550    2.101927
50.130    0.003359    2.101947
50.280    0.003184    2.101966
50.420    0.003036    2.101983
50.570    0.002889    2.102000
50.720    0.002755    2.102016
50.870    0.002631    2.102032
51.020    0.002516    2.102046
51.160    0.002417    2.102060
51.310    0.002317    2.102073
51.460    0.002225    2.102086
51.610    0.002139    2.102098
51.750    0.002063    2.102110
51.900    0.001987    2.102121
52.050    0.001916    2.102132
52.200    0.001849    2.102143
52.350    0.001786    2.102153
52.490    0.001730    2.102162
52.640    0.001674    2.102172
52.790    0.001621    2.102181
52.940    0.001570    2.102190
53.090    0.001522    2.102198
53.230    0.001480    2.102206
53.380    0.001436    2.102214
53.530    0.001395    2.102222
53.680    0.001356    2.102229
53.820    0.001321    2.102237
53.970    0.001285    2.102244
54.120    0.001251    2.102250
54.270    0.001219    2.102257
54.420    0.001188    2.102264
54.560    0.001160    2.102270
54.710    0.001131    2.102276
54.860    0.001104    2.102282
55.010    0.001077    2.102288
55.160    0.001052    2.102293
55.300    0.001029    2.102299
55.450    0.001006    2.102304
55.600    0.000983    2.102309
55.750    0.000962    2.102314
55.890    0.000942    2.102319
56.040    0.000922    2.102324
56.190    0.000903    2.102329
56.340    0.000884    2.102334
56.490    0.000866    2.102338
56.630    0.000850    2.102343
56.780    0.000833    2.102347
56.930    0.000816    2.102351
57.080    0.000801    2.102355
57.230    0.000785    2.102359
57.370    0.000771    2.102363
57.520    0.000757    2.102367
57.670    0.000743    2.102371
57.820    0.000730    2.102375
57.960    0.000718    2.102378
58.110    0.000705    2.102382
58.260    0.000693    2.102385
58.410    0.000681    2.102389
58.560    0.000669    2.102392
58.700    0.000659    2.102395
58.850    0.000648    2.102399
59.000    0.000637    2.102402
