0.000    0.001060    0.000000
0.150    0.001131    0.002223
0.300    0.001228    0.003431
0.440    0.001366    0.004346
0.590    0.001295    0.004994
0.740    0.001131    0.005445
0.890    0.000994    0.005774
1.040    0.000980    0.006052
1.180    0.000956    0.006291
1.330    0.000964    0.006505
1.480    0.000989    0.006702
1.630    0.001016    0.006886
1.770    0.001505    0.007137
1.920    0.001812    0.007415
2.070    0.001886    0.007684
2.220    0.001969    0.007946
2.370    0.001899    0.008182
2.510    0.001917    0.008407
2.660    0.001977    0.008627
2.810    0.002042    0.008841
2.960    0.001983    0.009039
3.110    0.002064    0.009234
3.250    0.002153    0.009430
3.400    0.002271    0.009627
3.550    0.002425    0.009828
3.700    0.002651    0.010040
3.840    0.003007    0.010271
3.990    0.003897    0.010559
4.140    0.006362    0.011012
4.290    0.017552    0.012219
4.440    0.015906    0.013276
4.580    0.011474    0.014015
4.730    0.011542    0.014735
4.880    0.015939    0.015699
5.030    0.016709    0.016678
5.180    0.012844    0.017410
5.320    0.015328    0.018260
5.470    0.017678    0.019213
5.620    0.021511    0.020342
5.770    0.017745    0.021250
5.910    0.014614    0.021979
6.060    0.023684    0.023132
6.210    0.020479    0.024105
6.360    0.019246    0.024998
6.510    0.016271    0.025735
6.650    0.023819    0.026792
6.800    0.024201    0.027842
6.950    0.020958    0.028731
7.100    0.024002    0.029728
7.250    0.028973    0.030907
7.390    0.037948    0.032422
7.540    0.027828    0.033511
7.690    0.028612    0.034608
7.840    0.046791    0.036369
7.980    0.040392    0.037862
8.130    0.037323    0.039217
8.280    0.034140    0.040433
8.430    0.058497    0.042480
8.580    0.037079    0.043755
8.720    0.035731    0.044964
8.870    0.027297    0.045871
9.020    0.026326    0.046732
9.170    0.020528    0.047393
9.320    0.013590    0.047823
9.460    0.011726    0.048189
9.610    0.010192    0.048501
9.760    0.009413    0.048786
9.910    0.008997    0.049054
10.060    0.009106    0.049321
10.200    0.009350    0.049591
10.350    0.009721    0.049868
10.500    0.010185    0.050154
10.650    0.010725    0.050452
10.790    0.011298    0.050760
10.940    0.011990    0.051084
11.090    0.012773    0.051423
11.240    0.013655    0.051782
11.390    0.014681    0.052162
11.530    0.015741    0.052565
11.680    0.017093    0.052997
11.830    0.018784    0.053465
11.980    0.020446    0.053968
12.130    0.023045    0.054529
12.270    0.025147    0.055133
12.420    0.028529    0.055811
12.570    0.032466    0.056573
12.720    0.036409    0.057417
12.860    0.041966    0.058380
13.010    0.047695    0.059462
13.160    0.055944    0.060716
13.310    0.066035    0.062179
13.460    0.077771    0.063884
13.600    0.094583    0.065935
13.750    0.114488    0.068392
13.900    0.148963    0.071553
14.050    0.195902    0.075666
14.200    0.283364    0.081553
14.340    0.450762    0.090826
14.490    0.998014    0.111145
14.640    3.148301    0.174584
14.790    4.517917    0.264698
14.930    4.615668    0.355898
15.080    5.390925    0.461357
15.230    5.745095    0.572638
15.380    3.976679    0.648913
15.530    2.512035    0.696631
15.670    2.125147    0.736638
15.820    1.487077    0.764368
15.970    1.332795    0.788988
16.120    1.431398    0.815183
16.270    1.694667    0.845910
16.410    1.852275    0.879208
16.560    2.054604    0.915808
16.710    1.732615    0.946396
16.860    1.846778    0.978709
17.010    1.660980    1.007515
17.150    1.793372    1.038363
17.300    1.718076    1.067660
17.450    2.058758    1.102464
17.600    2.295913    1.140947
17.740    1.510946    1.166073
17.890    1.537656    1.191428
18.040    1.264899    1.212112
18.190    0.830531    1.225582
18.340    0.732010    1.237356
18.480    0.752845    1.249374
18.630    0.846066    1.262771
18.780    0.335012    1.268033
18.930    0.197402    1.271110
19.080    0.142529    1.273313
19.220    0.079054    1.274527
19.370    0.058554    1.275419
19.520    0.049176    1.276162
19.670    0.044395    1.276827
19.810    0.043402    1.277474
19.960    0.045970    1.278153
20.110    0.052973    1.278930
20.260    0.066951    1.279905
20.410    0.089493    1.281199
20.550    0.107150    1.282737
20.700    0.147970    1.284846
20.850    0.245867    1.288324
21.000    0.390534    1.293810
21.150    0.430888    1.299820
21.290    0.619080    1.308399
21.440    0.509936    1.315415
21.590    0.724101    1.325309
21.740    0.543723    1.332687
21.880    0.579728    1.340503
22.030    0.667352    1.349439
22.180    0.357364    1.354193
22.330    0.482112    1.360562
22.480    0.548362    1.367758
22.620    0.481331    1.374035
22.770    0.241942    1.377170
22.920    0.146939    1.379061
23.070    0.372418    1.383823
23.220    0.299707    1.387631
23.360    0.351340    1.392067
23.510    0.270641    1.395463
23.660    0.145108    1.397273
23.810    0.061639    1.398036
23.950    0.051537    1.398671
24.100    0.072631    1.399560
24.250    0.232342    1.402387
24.400    0.385746    1.407050
24.550    0.085364    1.408076
24.690    0.040860    1.408564
24.840    0.028714    1.408905
24.990    0.033495    1.409301
25.140    0.099640    1.410470
25.290    0.036345    1.410894
25.430    0.017194    1.411093
25.580    0.011902    1.411231
25.730    0.009617    1.411341
25.880    0.008291    1.411435
26.030    0.007392    1.411519
26.170    0.006764    1.411595
26.320    0.006231    1.411665
26.470    0.005797    1.411730
26.620    0.005434    1.411790
26.760    0.005143    1.411847
26.910    0.004871    1.411900
27.060    0.004632    1.411951
27.210    0.004420    1.411999
27.360    0.004230    1.412044
27.500    0.004070    1.412088
27.650    0.003914    1.412130
27.800    0.003772    1.412170
27.950    0.003643    1.412208
28.100    0.003524    1.412245
28.240    0.003421    1.412281
28.390    0.003320    1.412315
28.540    0.003226    1.412349
28.690    0.003139    1.412381
28.830    0.003064    1.412412
28.980    0.002988    1.412443
29.130    0.002919    1.412472
29.280    0.002854    1.412501
29.430    0.002793    1.412529
29.570    0.002740    1.412556
29.720    0.002688    1.412583
29.870    0.002639    1.412609
30.020    0.002593    1.412635
30.170    0.002551    1.412660
30.310    0.002515    1.412684
30.460    0.002478    1.412708
30.610    0.002445    1.412732
30.760    0.002414    1.412755
30.900    0.002388    1.412778
31.050    0.002362    1.412800
31.200    0.002339    1.412822
31.350    0.002318    1.412844
31.500    0.002299    1.412865
31.640    0.002284    1.412887
31.790    0.002269    1.412908
31.940    0.002257    1.412929
32.090    0.002248    1.412949
32.240    0.002240    1.412970
32.380    0.002235    1.412990
32.530    0.002232    1.413010
32.680    0.002230    1.413030
32.830    0.002232    1.413051
32.970    0.002235    1.413071
33.120    0.002241    1.413091
33.270    0.002249    1.413110
33.420    0.002259    1.413130
33.570    0.002273    1.413150
33.710    0.002287    1.413170
33.860    0.002306    1.413190
34.010    0.002328    1.413211
34.160    0.002352    1.413231
34.310    0.002380    1.413251
34.450    0.002409    1.413272
34.600    0.002444    1.413293
34.750    0.002483    1.413314
34.900    0.002527    1.413335
35.050    0.002575    1.413357
35.190    0.002624    1.413379
35.340    0.002682    1.413401
35.490    0.002747    1.413424
35.640    0.002818    1.413448
35.780    0.002890    1.413471
35.930    0.002976    1.413496
36.080    0.003071    1.413521
36.230    0.003177    1.413547
36.380    0.003294    1.413574
36.520    0.003416    1.413601
36.670    0.003561    1.413630
36.820    0.003724    1.413660
36.970    0.003908    1.413691
37.120    0.004118    1.413723
37.260    0.004341    1.413758
37.410    0.004615    1.413794
37.560    0.004936    1.413833
37.710    0.005315    1.413875
37.850    0.005737    1.413919
38.000    0.006287    1.413968
38.150    0.006976    1.414022
38.300    0.007866    1.414083
38.450    0.009062    1.414152
38.590    0.010620    1.414233
38.740    0.013116    1.414333
38.890    0.017285    1.414464
39.040    0.025375    1.414656
39.190    0.045612    1.414999
39.330    0.113268    1.415849
39.480    0.472460    1.419379
39.630    0.332487    1.421854
39.780    0.180316    1.423191
39.920    0.072520    1.423727
40.070    0.038914    1.424014
40.220    0.032291    1.424251
40.370    0.033564    1.424496
40.520    0.041681    1.424799
40.660    0.063732    1.425262
40.810    0.130272    1.426204
40.960    0.261093    1.428084
41.110    0.447381    1.431294
41.260    0.686761    1.436205
41.400    0.846672    1.442238
41.550    0.769845    1.447703
41.700    0.588081    1.451864
41.850    0.431653    1.454906
41.990    0.295233    1.456981
42.140    0.134691    1.457923
42.290    0.126365    1.458805
42.440    0.205742    1.460235
42.590    0.658861    1.464799
42.730    1.667396    1.476310
42.880    0.797353    1.481796
43.030    0.378826    1.484393
43.180    0.492314    1.487756
43.330    0.459214    1.490882
43.470    0.359195    1.493320
43.620    0.298755    1.495341
43.770    0.279845    1.497227
43.920    0.306116    1.499283
44.070    0.391745    1.501905
44.210    0.472621    1.505059
44.360    0.549364    1.508712
44.510    0.573116    1.512511
44.660    0.710193    1.517202
44.800    0.999249    1.523782
44.950    3.107882    1.544178
45.100    2.437344    1.560121
45.250    1.124666    1.567453
45.400    0.935889    1.573534
45.540    0.659622    1.577807
45.690    0.391758    1.580336
45.840    0.424942    1.583071
45.990    0.518265    1.586395
46.140    0.395636    1.588925
46.280    0.293441    1.590795
46.430    0.260955    1.592454
46.580    0.147625    1.593388
46.730    0.158153    1.594387
46.870    0.195856    1.595620
47.020    0.257400    1.597234
47.170    0.330513    1.599301
47.320    0.288135    1.601098
47.470    0.082671    1.601612
47.610    0.051463    1.601930
47.760    0.053135    1.602259
47.910    0.023988    1.602406
48.060    0.016811    1.602509
48.210    0.013418    1.602592
48.350    0.011407    1.602661
48.500    0.009867    1.602721
48.650    0.008703    1.602774
48.800    0.007785    1.602821
48.940    0.007083    1.602864
49.090    0.006453    1.602903
49.240    0.005920    1.602938
49.390    0.005463    1.602971
49.540    0.005065    1.603001
49.680    0.004738    1.603029
49.830    0.004428    1.603055
49.980    0.004151    1.603080
50.130    0.003903    1.603103
50.280    0.003680    1.603124
50.420    0.003491    1.603145
50.570    0.003306    1.603164
50.720    0.003138    1.603182
50.870    0.002983    1.603199
51.020    0.002842    1.603216
51.160    0.002719    1.603232
51.310    0.002598    1.603247
51.460    0.002485    1.603261
51.610    0.002381    1.603274
51.750    0.002290    1.603287
51.900    0.002199    1.603300
52.050    0.002114    1.603312
52.200    0.002034    1.603323
52.350    0.001959    1.603334
52.490    0.001894    1.603345
52.640    0.001827    1.603355
52.790    0.001765    1.603365
52.940    0.001706    1.603375
53.090    0.001650    1.603384
53.230    0.001601    1.603393
53.380    0.001551    1.603401
53.530    0.001503    1.603410
53.680    0.001458    1.603418
53.820    0.001418    1.603425
53.970    0.001377    1.603433
54.120    0.001338    1.603440
54.270    0.001301    1.603447
54.420    0.001266    1.603454
54.560    0.001234    1.603461
54.710    0.001202    1.603467
54.860    0.001171    1.603474
55.010    0.001141    1.603480
55.160    0.001113    1.603486
55.300    0.001087    1.603491
55.450    0.001061    1.603497
55.600    0.001036    1.603503
55.750    0.001012    1.603508
55.890    0.000990    1.603513
56.040    0.000968    1.603518
56.190    0.000946    1.603523
56.340    0.000925    1.603528
56.490    0.000906    1.603533
56.630    0.000888    1.603537
56.780    0.000869    1.603542
56.930    0.000851    1.603546
57.080    0.000834    1.603551
57.230    0.000817    1.603555
57.370    0.000802    1.603559
57.520    0.000786    1.603563
57.670    0.000771    1.603567
57.820    0.000756    1.603571
57.960    0.000743    1.603575
58.110    0.000729    1.603578
58.260    0.000716    1.603582
58.410    0.000703    1.603585
58.560    0.000690    1.603589
58.700    0.000679    1.603592
58.850    0.000667    1.603596
59.000    0.000655    1.603599
