0.000    0.000008    0.000000
0.150    0.000330    0.000648
0.300    0.000657    0.001294
0.440    0.000984    0.001953
0.590    0.001312    0.002609
0.740    0.001640    0.003263
0.890    0.001970    0.003916
1.040    0.002300    0.004568
1.180    0.002631    0.005226
1.330    0.002967    0.005884
1.480    0.003307    0.006543
1.630    0.003649    0.007204
1.770    0.006551    0.008296
1.920    0.008363    0.009581
2.070    0.009172    0.010888
2.220    0.010034    0.012221
2.370    0.010846    0.013571
2.510    0.011560    0.014930
2.660    0.012318    0.016296
2.810    0.013090    0.017670
2.960    0.013622    0.019028
3.110    0.014417    0.020395
3.250    0.015223    0.021777
3.400    0.016062    0.023171
3.550    0.016932    0.024578
3.700    0.017844    0.026000
3.840    0.018807    0.027445
3.990    0.020024    0.028926
4.140    0.021885    0.030485
4.290    0.044352    0.033535
4.440    0.042658    0.036369
4.580    0.028112    0.038180
4.730    0.034948    0.040360
4.880    0.037663    0.042636
5.030    0.035484    0.044717
5.180    0.036435    0.046792
5.320    0.044239    0.049245
5.470    0.042874    0.051558
5.620    0.057160    0.054558
5.770    0.049750    0.057102
5.910    0.040186    0.059108
6.060    0.056680    0.061867
6.210    0.050617    0.064271
6.360    0.054056    0.066779
6.510    0.049755    0.069033
6.650    0.060776    0.071729
6.800    0.062449    0.074438
6.950    0.059889    0.076980
7.100    0.067699    0.079793
7.250    0.073836    0.082798
7.390    0.091323    0.086443
7.540    0.075106    0.089382
7.690    0.076583    0.092320
7.840    0.102139    0.096163
7.980    0.092662    0.099588
8.130    0.091185    0.102897
8.280    0.091827    0.106169
8.430    0.128416    0.110662
8.580    0.099050    0.114068
8.720    0.104302    0.117597
8.870    0.098087    0.120859
9.020    0.100879    0.124158
9.170    0.098741    0.127334
9.320    0.095164    0.130347
9.460    0.097273    0.133380
9.610    0.100145    0.136454
9.760    0.104025    0.139598
9.910    0.108558    0.142830
10.060    0.113974    0.146172
10.200    0.119590    0.149631
10.350    0.126010    0.153222
10.500    0.132972    0.156958
10.650    0.140505    0.160850
10.790    0.148198    0.164902
10.940    0.156992    0.169135
11.090    0.166545    0.173565
11.240    0.176910    0.178209
11.390    0.188243    0.183084
11.530    0.199797    0.188196
11.680    0.213234    0.193582
11.830    0.228466    0.199279
11.980    0.244036    0.205288
12.130    0.262812    0.211680
12.270    0.280292    0.218418
12.420    0.302827    0.225611
12.570    0.328206    0.233314
12.720    0.352663    0.241493
12.860    0.380883    0.250230
13.010    0.411458    0.259560
13.160    0.447761    0.269597
13.310    0.489459    0.280445
13.460    0.527481    0.292006
13.600    0.573401    0.304443
13.750    0.617162    0.317684
13.900    0.672963    0.331967
14.050    0.725215    0.347194
14.200    0.780023    0.363398
14.340    0.839385    0.380666
14.490    0.882935    0.398641
14.640    0.944762    0.417679
14.790    0.981574    0.437257
14.930    1.025381    0.457517
15.080    1.076790    0.478582
15.230    1.091202    0.499718
15.380    1.145759    0.521695
15.530    1.168032    0.543882
15.670    1.203364    0.566536
15.820    1.306586    0.590901
15.970    1.408012    0.616910
16.120    1.499036    0.644342
16.270    1.569836    0.672806
16.410    1.615972    0.701856
16.560    1.582963    0.730055
16.710    1.498768    0.756514
16.860    1.416481    0.781298
17.010    1.353236    0.804767
17.150    1.308867    0.827281
17.300    1.280741    0.849121
17.450    1.245278    0.870173
17.600    1.204587    0.890363
17.740    1.154796    0.909566
17.890    1.094686    0.927617
18.040    1.034144    0.944528
18.190    0.973057    0.960309
18.340    0.915369    0.975033
18.480    0.863205    0.988812
18.630    0.808770    1.001619
18.780    0.754662    1.013473
18.930    0.699081    1.024367
19.080    0.641403    1.034284
19.220    0.586958    1.043293
19.370    0.530224    1.051368
19.520    0.478927    1.058606
19.670    0.436050    1.065146
19.810    0.404209    1.071165
19.960    0.377517    1.076745
20.110    0.357123    1.081984
20.260    0.341410    1.086955
20.410    0.328872    1.091708
20.550    0.319062    1.096288
20.700    0.309890    1.100705
20.850    0.301917    1.104976
21.000    0.294896    1.109119
21.150    0.288531    1.113143
21.290    0.282938    1.117064
21.440    0.277104    1.120877
21.590    0.271308    1.124584
21.740    0.265475    1.128186
21.880    0.259962    1.131691
22.030    0.254006    1.135092
22.180    0.248009    1.138391
22.330    0.242003    1.141588
22.480    0.236024    1.144685
22.620    0.230490    1.147691
22.770    0.224661    1.150602
22.920    0.218955    1.153420
23.070    0.213399    1.156149
23.220    0.208014    1.158792
23.360    0.203157    1.161357
23.510    0.198152    1.163843
23.660    0.193357    1.166254
23.810    0.188779    1.168593
23.950    0.184706    1.170868
24.100    0.180549    1.173078
24.250    0.176608    1.175227
24.400    0.172883    1.177317
24.550    0.169372    1.179352
24.690    0.166287    1.181339
24.840    0.163118    1.183276
24.990    0.160004    1.185165
25.140    0.156768    1.187005
25.290    0.153148    1.188791
25.430    0.149159    1.190521
25.580    0.143881    1.192181
25.730    0.137410    1.193756
25.880    0.129878    1.195237
26.030    0.121745    1.196616
26.170    0.114150    1.197903
26.320    0.106333    1.199095
26.470    0.099119    1.200199
26.620    0.092586    1.201225
26.760    0.087125    1.202186
26.910    0.081834    1.203083
27.060    0.077095    1.203924
27.210    0.072843    1.204713
27.360    0.069015    1.205457
27.500    0.065801    1.206163
27.650    0.062643    1.206832
27.800    0.059770    1.207466
27.950    0.057147    1.208069
28.100    0.054744    1.208644
28.240    0.052696    1.209194
28.390    0.050650    1.209721
28.540    0.048760    1.210225
28.690    0.047011    1.210708
28.830    0.045508    1.211174
28.980    0.043992    1.211621
29.130    0.042580    1.212053
29.280    0.041264    1.212468
29.430    0.040035    1.212870
29.570    0.038973    1.213258
29.720    0.037892    1.213635
29.870    0.036881    1.213999
30.020    0.035932    1.214352
30.170    0.035043    1.214695
30.310    0.034274    1.215028
30.460    0.033487    1.215352
30.610    0.032749    1.215668
30.760    0.032057    1.215975
30.900    0.031459    1.216276
31.050    0.030848    1.216569
31.200    0.030275    1.216855
31.350    0.029739    1.217135
31.500    0.029237    1.217409
31.640    0.028808    1.217677
31.790    0.028371    1.217941
31.940    0.027964    1.218199
32.090    0.027588    1.218453
32.240    0.027240    1.218702
32.380    0.026949    1.218947
32.530    0.026656    1.219189
32.680    0.026389    1.219427
32.830    0.026149    1.219662
32.970    0.025956    1.219894
33.120    0.025766    1.220124
33.270    0.025602    1.220351
33.420    0.025464    1.220576
33.570    0.025351    1.220799
33.710    0.025276    1.221020
33.860    0.025214    1.221239
34.010    0.025178    1.221458
34.160    0.025170    1.221675
34.310    0.025189    1.221892
34.450    0.025239    1.222108
34.600    0.025314    1.222324
34.750    0.025420    1.222539
34.900    0.025557    1.222756
35.050    0.025728    1.222972
35.190    0.025926    1.223189
35.340    0.026167    1.223408
35.490    0.026448    1.223628
35.640    0.026772    1.223849
35.780    0.027121    1.224073
35.930    0.027536    1.224299
36.080    0.028005    1.224528
36.230    0.028532    1.224760
36.380    0.029124    1.224996
36.520    0.029748    1.225237
36.670    0.030487    1.225482
36.820    0.031317    1.225733
36.970    0.032249    1.225990
37.120    0.033299    1.226255
37.260    0.034408    1.226527
37.410    0.035745    1.226809
37.560    0.037271    1.227102
37.710    0.039027    1.227407
37.850    0.040927    1.227726
38.000    0.043296    1.228062
38.150    0.046114    1.228419
38.300    0.049526    1.228800
38.450    0.053745    1.229213
38.590    0.058704    1.229661
38.740    0.065579    1.230161
38.890    0.074880    1.230729
39.040    0.087927    1.231393
39.190    0.106676    1.232196
39.330    0.131134    1.233180
39.480    0.162952    1.234397
39.630    0.191104    1.235820
39.780    0.204930    1.237340
39.920    0.209325    1.238887
40.070    0.196268    1.240331
40.220    0.168440    1.241567
40.370    0.159314    1.242731
40.520    0.166527    1.243943
40.660    0.188905    1.245314
40.810    0.234435    1.247009
40.960    0.290160    1.249098
41.110    0.342211    1.251554
41.260    0.391354    1.254352
41.400    0.423501    1.257370
41.550    0.433869    1.260450
41.700    0.432596    1.263511
41.850    0.438463    1.266601
41.990    0.458069    1.269820
42.140    0.493897    1.273277
42.290    0.529184    1.276968
42.440    0.546172    1.280765
42.590    0.572914    1.284733
42.730    0.607645    1.288928
42.880    0.615779    1.293165
43.030    0.574938    1.297106
43.180    0.514047    1.300618
43.330    0.461704    1.303761
43.470    0.427056    1.306660
43.620    0.404812    1.309397
43.770    0.399626    1.312091
43.920    0.418671    1.314903
44.070    0.461739    1.317994
44.210    0.506251    1.321372
44.360    0.556714    1.325074
44.510    0.605742    1.329089
44.660    0.630377    1.333253
44.800    0.612381    1.337285
44.950    0.600894    1.341229
45.100    0.615065    1.345252
45.250    0.558873    1.348895
45.400    0.544603    1.352434
45.540    0.538243    1.355921
45.690    0.532255    1.359357
45.840    0.530396    1.362770
45.990    0.534024    1.366196
46.140    0.537798    1.369634
46.280    0.547144    1.373122
46.430    0.520511    1.376429
46.580    0.422390    1.379104
46.730    0.397033    1.381611
46.870    0.352135    1.383827
47.020    0.342304    1.385975
47.170    0.339468    1.388098
47.320    0.327894    1.390142
47.470    0.287700    1.391930
47.610    0.228722    1.393347
47.760    0.182669    1.394475
47.910    0.153761    1.395422
48.060    0.134312    1.396246
48.210    0.118764    1.396973
48.350    0.106373    1.397622
48.500    0.094976    1.398200
48.650    0.085364    1.398717
48.800    0.077278    1.399184
48.940    0.070874    1.399612
49.090    0.064972    1.400002
49.240    0.059882    1.400361
49.390    0.055447    1.400692
49.540    0.051548    1.400999
49.680    0.048320    1.401286
49.830    0.045213    1.401554
49.980    0.042426    1.401804
50.130    0.039912    1.402039
50.280    0.037634    1.402260
50.420    0.035701    1.402469
50.570    0.033796    1.402666
50.720    0.032052    1.402852
50.870    0.030449    1.403029
51.020    0.028972    1.403196
51.160    0.027699    1.403356
51.310    0.026429    1.403508
51.460    0.025249    1.403653
51.610    0.024152    1.403791
51.750    0.023200    1.403923
51.900    0.022241    1.404049
52.050    0.021345    1.404170
52.200    0.020504    1.404286
52.350    0.019716    1.404397
52.490    0.019027    1.404504
52.640    0.018327    1.404607
52.790    0.017667    1.404706
52.940    0.017045    1.404801
53.090    0.016457    1.404892
53.230    0.015939    1.404980
53.380    0.015411    1.405066
53.530    0.014910    1.405148
53.680    0.014434    1.405227
53.820    0.014014    1.405304
53.970    0.013583    1.405378
54.120    0.013173    1.405450
54.270    0.012782    1.405519
54.420    0.012410    1.405587
54.560    0.012079    1.405652
54.710    0.011739    1.405715
54.860    0.011413    1.405777
55.010    0.011102    1.405836
55.160    0.010804    1.405894
55.300    0.010539    1.405950
55.450    0.010264    1.406005
55.600    0.010001    1.406058
55.750    0.009749    1.406109
55.890    0.009523    1.406160
56.040    0.009289    1.406209
56.190    0.009065    1.406256
56.340    0.008848    1.406303
56.490    0.008640    1.406348
56.630    0.008454    1.406392
56.780    0.008260    1.406435
56.930    0.008073    1.406476
57.080    0.007893    1.406517
57.230    0.007719    1.406557
57.370    0.007563    1.406596
57.520    0.007401    1.406634
57.670    0.007244    1.406671
57.820    0.007092    1.406707
57.960    0.006955    1.406743
58.110    0.006813    1.406777
58.260    0.006674    1.406811
58.410    0.006541    1.406844
58.560    0.006411    1.406876
58.700    0.006295    1.406908
58.850    0.006173    1.406939
59.000    0.006054    1.406969
