-0.101  0.000000
-0.100  0.159710
-0.099  0.168680
-0.098  0.176867
-0.097  0.175542
-0.096  0.176631
-0.095  0.172877
-0.094  0.175243
-0.093  0.174218
-0.092  0.175252
-0.091  0.175587
-0.090  0.177726
-0.089  0.175444
-0.088  0.177747
-0.087  0.177071
-0.086  0.179040
-0.085  0.177276
-0.084  0.178669
-0.083  0.178397
-0.082  0.179326
-0.081  0.179356
-0.080  0.179482
-0.079  0.180572
-0.078  0.180158
-0.077  0.181135
-0.076  0.181530
-0.075  0.181405
-0.074  0.182187
-0.073  0.181919
-0.072  0.182532
-0.071  0.183596
-0.070  0.183496
-0.069  0.183758
-0.068  0.184460
-0.067  0.184129
-0.066  0.184744
-0.065  0.185610
-0.064  0.186471
-0.063  0.186039
-0.062  0.186597
-0.061  0.186498
-0.060  0.186879
-0.059  0.187565
-0.058  0.188349
-0.057  0.188825
-0.056  0.188857
-0.055  0.189280
-0.054  0.189165
-0.053  0.189643
-0.052  0.190249
-0.051  0.190968
-0.050  0.191744
-0.049  0.191729
-0.048  0.192085
-0.047  0.192015
-0.046  0.192349
-0.045  0.192928
-0.044  0.193519
-0.043  0.194242
-0.042  0.194973
-0.041  0.194912
-0.040  0.195077
-0.039  0.195268
-0.038  0.195660
-0.037  0.196171
-0.036  0.196790
-0.035  0.197416
-0.034  0.198120
-0.033  0.198404
-0.032  0.198384
-0.031  0.198632
-0.030  0.199029
-0.029  0.199516
-0.028  0.200032
-0.027  0.200643
-0.026  0.201274
-0.025  0.201927
-0.024  0.202229
-0.023  0.202162
-0.022  0.202481
-0.021  0.202922
-0.020  0.203427
-0.019  0.203962
-0.018  0.204526
-0.017  0.205130
-0.016  0.205761
-0.015  0.206158
-0.014  0.206165
-0.013  0.206513
-0.012  0.206923
-0.011  0.207419
-0.010  0.207943
-0.009  0.208502
-0.008  0.209078
-0.007  0.209660
-0.006  0.210157
-0.005  0.210405
-0.004  0.210672
-0.003  0.211086
-0.002  0.211548
-0.001  0.212045
 0.000  1.196796
 0.001  1.112733
 0.002  1.129033
 0.003  1.170153
 0.004  1.149312
 0.005  1.159209
 0.006  1.156827
 0.007  1.157252
 0.008  1.160273
 0.009  1.161040
 0.010  1.169738
 0.011  1.173213
 0.012  1.167138
 0.013  1.177713
 0.014  1.180166
 0.015  1.174934
 0.016  1.182311
 0.017  1.190655
 0.018  1.183082
 0.019  1.187087
 0.020  1.195268
 0.021  1.193344
 0.022  1.195028
 0.023  1.198689
 0.024  1.205697
 0.025  1.202896
 0.026  1.206364
 0.027  1.209978
 0.028  1.215095
 0.029  1.213728
 0.030  1.215744
 0.031  1.220720
 0.032  1.225698
 0.033  1.224828
 0.034  1.226381
 0.035  1.229843
 0.036  1.234790
 0.037  1.238802
 0.038  1.238767
 0.039  1.240403
 0.040  1.243774
 0.041  1.248305
 0.042  1.251406
 0.043  1.253717
 0.044  1.255806
 0.045  1.258221
 0.046  1.261758
 0.047  1.264967
 0.048  1.267403
 0.049  1.271221
 0.050  1.274547
 0.051  1.276474
 0.052  1.279030
 0.053  1.281688
 0.054  1.285172
 0.055  1.289304
 0.056  1.292414
 0.057  1.295590
 0.058  1.297986
 0.059  1.300264
 0.060  1.303784
 0.061  1.307810
 0.062  1.310337
 0.063  1.313837
 0.064  1.317987
 0.065  1.319985
 0.066  1.323196
 0.067  1.327021
 0.068  1.329865
 0.069  1.333271
 0.070  1.337244
 0.071  1.340486
 0.072  1.344299
 0.073  1.347207
 0.074  1.350908
 0.075  1.353759
 0.076  1.357507
 0.077  1.361107
 0.078  1.364645
 0.079  1.368703
 0.080  1.373001
 0.081  1.376366
 0.082  1.379152
 0.083  1.382872
 0.084  1.386209
 0.085  1.390272
 0.086  1.394620
 0.087  1.399025
 0.088  1.403512
 0.089  1.406487
 0.090  1.409819
 0.091  1.413676
 0.092  1.417742
 0.093  1.421980
 0.094  1.426316
 0.095  1.430823
 0.096  1.434295
 0.097  1.439443
 0.098  1.443203
 0.099  1.447078
 0.100  1.451283
 0.101  1.455647
 0.102  1.460063
 0.103  1.465277
 0.104  1.469657
 0.105  1.473877
 0.106  1.478194
 0.107  1.482480
 0.108  1.487059
 0.109  1.493037
 0.110  1.498287
 0.111  1.502442
 0.112  1.506865
 0.113  1.511012
 0.114  1.516375
 0.115  1.522459
 0.116  1.527907
 0.117  1.532677
 0.118  1.537644
 0.119  1.541898
 0.120  1.547993
 0.121  1.553863
 0.122  1.559414
 0.123  1.564796
 0.124  1.570117
 0.125  1.575380
 0.126  1.583422
 0.127  1.588604
 0.128  1.593676
 0.129  1.598858
 0.130  1.604263
 0.131  1.611736
 0.132  1.619430
 0.133  1.626178
 0.134  1.632565
 0.135  1.638329
 0.136  1.642887
 0.137  1.652147
 0.138  1.659186
 0.139  1.665619
 0.140  1.671881
 0.141  1.678219
 0.142  1.689061
 0.143  1.697626
 0.144  1.704159
 0.145  1.710426
 0.146  1.716667
 0.147  1.728491
 0.148  1.737091
 0.149  1.744906
 0.150  1.752298
 0.151  1.762362
 0.152  1.774373
 0.153  1.782392
 0.154  1.790084
 0.155  1.797970
 0.156  1.812694
 0.157  1.823553
 0.158  1.833200
 0.159  1.841763
 0.160  1.858051
 0.161  1.870777
 0.162  1.880116
 0.163  1.888918
 0.164  1.907374
 0.165  1.921091
 0.166  1.932929
 0.167  1.945686
 0.168  1.968402
 0.169  1.983160
 0.170  1.995759
 0.171  2.020759
 0.172  2.037005
 0.173  2.051013
 0.174  2.080896
 0.175  2.101997
 0.176  2.118053
 0.177  2.157354
 0.178  2.181377
 0.179  2.222136
 0.180  2.255351
 0.181  2.295735
 0.182  2.338895
 0.183  2.401683
 0.184  2.453885
 0.185  2.556998
 0.186  2.694834
 0.187  2.925662
 0.188  3.474785
 0.189  2.834744
 0.190  2.635556
 0.191  2.534607
 0.192  2.445248
 0.193  2.389553
 0.194  2.334946
 0.195  2.290047
 0.196  2.257082
 0.197  2.224135
 0.198  2.189783
 0.199  2.167432
 0.200  2.144960
 0.201  2.121271
 0.202  2.099208
 0.203  2.083861
 0.204  2.068516
 0.205  2.052716
 0.206  2.033907
 0.207  2.022512
 0.208  2.011113
 0.209  1.999758
 0.210  1.986930
 0.211  1.973092
 0.212  1.965387
 0.213  1.957561
 0.214  1.949561
 0.215  1.940679
 0.216  1.929491
 0.217  1.923118
 0.218  1.916839
 0.219  1.911025
 0.220  1.904440
 0.221  1.896604
 0.222  1.889720
 0.223  1.886089
 0.224  1.881986
 0.225  1.877634
 0.226  1.872852
 0.227  1.867144
 0.228  1.861049
 0.229  1.858684
 0.230  1.855708
 0.231  1.852700
 0.232  1.850314
 0.233  1.846902
 0.234  1.842130
 0.235  1.840421
 0.236  1.838444
 0.237  1.836351
 0.238  1.833990
 0.239  1.832592
 0.240  1.831023
 0.241  1.828668
 0.242  1.828949
 0.243  1.828084
 0.244  1.827009
 0.245  1.826219
 0.246  1.825157
 0.247  1.823398
 0.248  1.821890
 0.249  1.823204
 0.250  1.824113
 0.251  1.826345
 0.252  1.827287
 0.253  1.827606
 0.254  1.827195
 0.255  1.824836
 0.256  1.825710
 0.257  1.827403
 0.258  1.830349
 0.259  1.832205
 0.260  1.835803
 0.261  1.838341
 0.262  1.839706
 0.263  1.840099
 0.264  1.841991
 0.265  1.843626
 0.266  1.846910
 0.267  1.850428
 0.268  1.855244
 0.269  1.859344
 0.270  1.862067
 0.271  1.864764
 0.272  1.868295
 0.273  1.871489
 0.274  1.876440
 0.275  1.881626
 0.276  1.889043
 0.277  1.894751
 0.278  1.898918
 0.279  1.901776
 0.280  1.906526
 0.281  1.911598
 0.282  1.920005
 0.283  1.928149
 0.284  1.938017
 0.285  1.945631
 0.286  1.952102
 0.287  1.957124
 0.288  1.962847
 0.289  1.973441
 0.290  1.985630
 0.291  1.996558
 0.292  2.006072
 0.293  2.016428
 0.294  2.024941
 0.295  2.036779
 0.296  2.052545
 0.297  2.068013
 0.298  2.080818
 0.299  2.092341
 0.300  2.103320
 0.301  2.123695
 0.302  2.150166
 0.303  2.168437
 0.304  2.183889
 0.305  2.198083
 0.306  2.230506
 0.307  2.262598
 0.308  2.287084
 0.309  2.310084
 0.310  2.355679
 0.311  2.405615
 0.312  2.441815
 0.313  2.482657
 0.314  2.579935
 0.315  2.638517
 0.316  2.798522
 0.317  2.926858
 0.318  3.441906
 0.319  3.033343
 0.320  2.808323
 0.321  2.681155
 0.322  2.590144
 0.323  2.522350
 0.324  2.461515
 0.325  2.419760
 0.326  2.380841
 0.327  2.346119
 0.328  2.315650
 0.329  2.287216
 0.330  2.261726
 0.331  2.237455
 0.332  2.215239
 0.333  2.197152
 0.334  2.178428
 0.335  2.163696
 0.336  2.146005
 0.337  2.132482
 0.338  2.119175
 0.339  2.104033
 0.340  2.095026
 0.341  2.083547
 0.342  2.070699
 0.343  2.061256
 0.344  2.050656
 0.345  2.040598
 0.346  2.033171
 0.347  2.026455
 0.348  2.019990
 0.349  2.013822
 0.350  2.006774
 0.351  1.998982
 0.352  1.991549
 0.353  1.985060
 0.354  1.981468
 0.355  1.979203
 0.356  1.975438
 0.357  1.969921
 0.358  1.966435
 0.359  1.962165
 0.360  1.957590
 0.361  1.957531
 0.362  1.954605
 0.363  1.954117
 0.364  1.951673
 0.365  1.951037
 0.366  1.948729
 0.367  1.949858
 0.368  1.950636
 0.369  1.951657
 0.370  1.950954
 0.371  1.950865
 0.372  1.949863
 0.373  1.955536
 0.374  1.958962
 0.375  1.961066
 0.376  1.963665
 0.377  1.967578
 0.378  1.970479
 0.379  1.978907
 0.380  1.985842
 0.381  1.992082
 0.382  1.996785
 0.383  2.001442
 0.384  2.010530
 0.385  2.023284
 0.386  2.036585
 0.387  2.047108
 0.388  2.057850
 0.389  2.072118
 0.390  2.094868
 0.391  2.111931
 0.392  2.127511
 0.393  2.151107
 0.394  2.183746
 0.395  2.218979
 0.396  2.255017
 0.397  2.297235
 0.398  2.365850
 0.399  2.470638
 0.400  2.564988
 0.401  3.171443
 0.402  2.670147
 0.403  2.472804
 0.404  2.354856
 0.405  2.274929
 0.406  2.221571
 0.407  2.212822
 0.408  2.203675
 0.409  2.197155
 0.410  2.221916
 0.411  2.224137
 0.412  2.240327
 0.413  2.272800
 0.414  2.257585
 0.415  2.263965
 0.416  2.268549
 0.417  2.281251
 0.418  2.289560
 0.419  2.301209
 0.420  2.304996
 0.421  2.317262
 0.422  2.321492
 0.423  2.326319
 0.424  2.339728
 0.425  2.353607
 0.426  2.367658
 0.427  2.371503
 0.428  2.377681
 0.429  2.390725
 0.430  2.412682
 0.431  2.419609
 0.432  2.427815
 0.433  2.435292
 0.434  2.454182
 0.435  2.471902
 0.436  2.481309
 0.437  2.493179
 0.438  2.504878
 0.439  2.535589
 0.440  2.546267
 0.441  2.556012
 0.442  2.569394
 0.443  2.603491
 0.444  2.614981
 0.445  2.629789
 0.446  2.647532
 0.447  2.678214
 0.448  2.700304
 0.449  2.717059
 0.450  2.739599
 0.451  2.777575
 0.452  2.798566
 0.453  2.825596
 0.454  2.855465
 0.455  2.895929
 0.456  2.924379
 0.457  2.964813
 0.458  3.012858
 0.459  3.054649
 0.460  3.100895
 0.461  3.167176
 0.462  3.220154
 0.463  3.296595
 0.464  3.378065
 0.465  3.473233
 0.466  3.603752
 0.467  3.745537
 0.468  3.961804
 0.469  4.270407
 0.470  4.921516
 0.471  5.096015
 0.472  4.429722
 0.473  4.133319
 0.474  3.926366
 0.475  3.847725
 0.476  3.584779
 0.477  0.766004
 0.478  0.771783
 0.479  0.778278
 0.480  0.785944
 0.481  0.793102
 0.482  0.799599
 0.483  0.805859
 0.484  0.811954
 0.485  0.819421
 0.486  0.826165
 0.487  0.832917
 0.488  0.839393
 0.489  0.845554
 0.490  0.853880
 0.491  0.861165
 0.492  0.867895
 0.493  0.874498
 0.494  0.881162
 0.495  0.889307
 0.496  0.896784
 0.497  0.903748
 0.498  0.910338
 0.499  0.916878
 0.500  0.925799
 0.501  0.934270
 0.502  0.941926
 0.503  0.949030
 0.504  0.955968
 0.505  0.964578
 0.506  0.973406
 0.507  0.981159
 0.508  0.988516
 0.509  0.995547
 0.510  1.004458
 0.511  1.012694
 0.512  1.022186
 0.513  1.030387
 0.514  1.038176
 0.515  1.048241
 0.516  1.056827
 0.517  1.065837
 0.518  1.074450
 0.519  1.082767
 0.520  1.093452
 0.521  1.102342
 0.522  1.110773
 0.523  1.121195
 0.524  1.132028
 0.525  1.142332
 0.526  1.151722
 0.527  1.160499
 0.528  1.170717
 0.529  1.183286
 0.530  1.193808
 0.531  1.203537
 0.532  1.212976
 0.533  1.226179
 0.534  1.238894
 0.535  1.249988
 0.536  1.260412
 0.537  1.271739
 0.538  1.286587
 0.539  1.298748
 0.540  1.309969
 0.541  1.321089
 0.542  1.336807
 0.543  1.350459
 0.544  1.362952
 0.545  1.376183
 0.546  1.391998
 0.547  1.407661
 0.548  1.421338
 0.549  1.437096
 0.550  1.452818
 0.551  1.469237
 0.552  1.484015
 0.553  1.502791
 0.554  1.518977
 0.555  1.537203
 0.556  1.556469
 0.557  1.575920
 0.558  1.592924
 0.559  1.612505
 0.560  1.636594
 0.561  1.655516
 0.562  1.676406
 0.563  1.703196
 0.564  1.724528
 0.565  1.748369
 0.566  1.778186
 0.567  1.801982
 0.568  1.832518
 0.569  1.862236
 0.570  1.888160
 0.571  1.926375
 0.572  1.957325
 0.573  1.993347
 0.574  2.032992
 0.575  2.072906
 0.576  2.117637
 0.577  2.164067
 0.578  2.215631
 0.579  2.271383
 0.580  2.330273
 0.581  2.399162
 0.582  2.474925
 0.583  2.559079
 0.584  2.661642
 0.585  2.788118
 0.586  2.944674
 0.587  3.153026
 0.588  3.457677
 0.589  4.518979
 0.590  3.663995
 0.591  3.271377
 0.592  3.099103
 0.593  2.934603
 0.594  2.790498
 0.595  2.720748
 0.596  2.628514
 0.597  2.568994
 0.598  2.510010
 0.599  2.450707
 0.600  2.415864
 0.601  2.370063
 0.602  2.327816
 0.603  2.300124
 0.604  2.266465
 0.605  2.236242
 0.606  2.208650
 0.607  2.181873
 0.608  2.162469
 0.609  2.133458
 0.610  2.112609
 0.611  2.096914
 0.612  2.080731
 0.613  2.058776
 0.614  2.037512
 0.615  2.026196
 0.616  2.013438
 0.617  1.997592
 0.618  1.975530
 0.619  1.967252
 0.620  1.957451
 0.621  1.945839
 0.622  1.930334
 0.623  1.916332
 0.624  1.908529
 0.625  1.899703
 0.626  1.887066
 0.627  1.878422
 0.628  1.864906
 0.629  1.858655
 0.630  1.850947
 0.631  1.841975
 0.632  1.835289
 0.633  1.827219
 0.634  1.816204
 0.635  1.808987
 0.636  1.802665
 0.637  1.797279
 0.638  1.791126
 0.639  1.784130
 0.640  1.772734
 0.641  1.768983
 0.642  1.764794
 0.643  1.760115
 0.644  1.754728
 0.645  1.747023
 0.646  1.740190
 0.647  1.735062
 0.648  1.731184
 0.649  1.727242
 0.650  1.721835
 0.651  1.718039
 0.652  1.713581
 0.653  1.706707
 0.654  1.703453
 0.655  1.699442
 0.656  1.695597
 0.657  1.692485
 0.658  1.688941
 0.659  1.685055
 0.660  1.678851
 0.661  1.675539
 0.662  1.673353
 0.663  1.670927
 0.664  1.668167
 0.665  1.664934
 0.666  1.660279
 0.667  1.656233
 0.668  1.652848
 0.669  1.651207
 0.670  1.649364
 0.671  1.646891
 0.672  1.644062
 0.673  1.641821
 0.674  1.639040
 0.675  1.634608
 0.676  1.632722
 0.677  1.630036
 0.678  1.628438
 0.679  1.627227
 0.680  1.625657
 0.681  1.623610
 0.682  1.620833
 0.683  1.616691
 0.684  1.615439
 0.685  1.614164
 0.686  1.612757
 0.687  1.611117
 0.688  1.609037
 0.689  1.607743
 0.690  1.606068
 0.691  1.603033
 0.692  1.602029
 0.693  1.600823
 0.694  1.599162
 0.695  1.598099
 0.696  1.596883
 0.697  1.595479
 0.698  1.594025
 0.699  1.592008
 0.700  1.590085
 0.701  1.589393
 0.702  1.588518
 0.703  1.587630
 0.704  1.586585
 0.705  1.585222
 0.706  1.583870
 0.707  1.582413
 0.708  1.580578
 0.709  1.580147
 0.710  1.579487
 0.711  1.578486
 0.712  1.577803
 0.713  1.577012
 0.714  1.576071
 0.715  1.574940
 0.716  1.573395
 0.717  1.571483
 0.718  1.571334
 0.719  1.570872
 0.720  1.570227
 0.721  1.569548
 0.722  1.568670
 0.723  1.567724
 0.724  1.566797
 0.725  1.565527
 0.726  1.563855
 0.727  1.563717
 0.728  1.563072
 0.729  1.562601
 0.730  1.562020
 0.731  1.561338
 0.732  1.560506
 0.733  1.559489
 0.734  1.558123
 0.735  1.556489
 0.736  1.556221
 0.737  1.555770
 0.738  1.555101
 0.739  1.554334
 0.740  1.553487
 0.741  1.552726
 0.742  1.551825
 0.743  1.550732
 0.744  1.548872
 0.745  1.548047
 0.746  1.547624
 0.747  1.547007
 0.748  1.546262
 0.749  1.545397
 0.750  1.544351
 0.751  1.543064
 0.752  1.542007
 0.753  1.540669
 0.754  1.539182
 0.755  1.538484
 0.756  1.537339
 0.757  1.536223
 0.758  1.535304
 0.759  1.534288
 0.760  1.533123
 0.761  1.531765
 0.762  1.529810
 0.763  1.528090
 0.764  1.527248
 0.765  1.526191
 0.766  1.524976
 0.767  1.523522
 0.768  1.521645
 0.769  1.520452
 0.770  1.519136
 0.771  1.517630
 0.772  1.515852
 0.773  1.513601
 0.774  1.511701
 0.775  1.510456
 0.776  1.509085
 0.777  1.507568
 0.778  1.505811
 0.779  1.503494
 0.780  1.501547
 0.781  1.500004
 0.782  1.498135
 0.783  1.496120
 0.784  1.494153
 0.785  1.491027
 0.786  1.489598
 0.787  1.488046
 0.788  1.486325
 0.789  1.484406
 0.790  1.482146
 0.791  1.478440
 0.792  1.476491
 0.793  1.474723
 0.794  1.472933
 0.795  1.470920
 0.796  1.468572
 0.797  1.464690
 0.798  1.463161
 0.799  1.461495
 0.800  1.459653
 0.801  1.457174
 0.802  1.454354
 0.803  1.451007
 0.804  1.448307
 0.805  1.446654
 0.806  1.444843
 0.807  1.442821
 0.808  1.440518
 0.809  1.437576
 0.810  1.433444
 0.811  1.431624
 0.812  1.429593
 0.813  1.427666
 0.814  1.425497
 0.815  1.422950
 0.816  1.419215
 0.817  1.416659
 0.818  1.415172
 0.819  1.413251
 0.820  1.411002
 0.821  1.408612
 0.822  1.405712
 0.823  1.400901
 0.824  1.399571
 0.825  1.398129
 0.826  1.396545
 0.827  1.394787
 0.828  1.392795
 0.829  1.389785
 0.830  1.385153
 0.831  1.383262
 0.832  1.381847
 0.833  1.380415
 0.834  1.378838
 0.835  1.377067
 0.836  1.374948
 0.837  1.372038
 0.838  1.368389
 0.839  1.366949
 0.840  1.365641
 0.841  1.364256
 0.842  1.362717
 0.843  1.361000
 0.844  1.358891
 0.845  1.355671
 0.846  1.353251
 0.847  1.352568
 0.848  1.351392
 0.849  1.350097
 0.850  1.348778
 0.851  1.347316
 0.852  1.345532
 0.853  1.342896
 0.854  1.340102
 0.855  1.339687
 0.856  1.339209
 0.857  1.338650
 0.858  1.337533
 0.859  1.336367
 0.860  1.335081
 0.861  1.333382
 0.862  1.329510
 0.863  1.329442
 0.864  1.329335
 0.865  1.329185
 0.866  1.328966
 0.867  1.328638
 0.868  1.327796
 0.869  1.326891
 0.870  1.325672
 0.871  1.322241
 0.872  1.322647
 0.873  1.322964
 0.874  1.323258
 0.875  1.323500
 0.876  1.323684
 0.877  1.323785
 0.878  1.323485
 0.879  1.323059
 0.880  1.322116
 0.881  1.320451
 0.882  1.321357
 0.883  1.322240
 0.884  1.323096
 0.885  1.323944
 0.886  1.324750
 0.887  1.325490
 0.888  1.326068
 0.889  1.326528
 0.890  1.326547
 0.891  1.325652
 0.892  1.327297
 0.893  1.328985
 0.894  1.330683
 0.895  1.332381
 0.896  1.334102
 0.897  1.335910
 0.898  1.337772
 0.899  1.339512
 0.900  1.341094
 0.901  1.342022
 0.902  1.343194
 0.903  1.346055
 0.904  1.348985
 0.905  1.351952
 0.906  1.355013
 0.907  1.358785
 0.908  1.362403
 0.909  1.365997
 0.910  1.369808
 0.911  1.373218
 0.912  1.376249
 0.913  1.379096
 0.914  1.384029
 0.915  1.389140
 0.916  1.395662
 0.917  1.402044
 0.918  1.408538
 0.919  1.415326
 0.920  1.422372
 0.921  1.429519
 0.922  1.436941
 0.923  1.444543
 0.924  1.453097
 0.925  1.463479
 0.926  1.475273
 0.927  1.487735
 0.928  1.501320
 0.929  1.515879
 0.930  1.531631
 0.931  1.548742
 0.932  1.571438
 0.933  1.596085
 0.934  1.623552
 0.935  1.655761
 0.936  1.694087
 0.937  1.742145
 0.938  1.810230
 0.939  1.925149
 0.940  2.160550
 0.941  2.165696
 0.942  1.884510
 0.943  1.800110
 0.944  1.706266
 0.945  1.639654
 0.946  1.591789
 0.947  1.549978
 0.948  1.509065
 0.949  1.478712
 0.950  1.451127
 0.951  1.420781
 0.952  1.402537
 0.953  1.379089
 0.954  1.362414
 0.955  1.341132
 0.956  1.327319
 0.957  1.307695
 0.958  1.295728
 0.959  1.276507
 0.960  1.266730
 0.961  1.253770
 0.962  1.238830
 0.963  1.228497
 0.964  1.214691
 0.965  1.205544
 0.966  1.196734
 0.967  1.185194
 0.968  1.175473
 0.969  1.168352
 0.970  1.158701
 0.971  1.148341
 0.972  1.141924
 0.973  1.134349
 0.974  1.123481
 0.975  1.117560
 0.976  1.110822
 0.977  1.102096
 0.978  1.092722
 0.979  1.087653
 0.980  1.081977
 0.981  1.074821
 0.982  1.067541
 0.983  1.063055
 0.984  1.057659
 0.985  1.051350
 0.986  1.043619
 0.987  1.039076
 0.988  1.034443
 0.989  1.029115
 0.990  1.022343
 0.991  1.016882
 0.992  1.011669
 0.993  1.007276
 0.994  1.002200
 0.995  0.995292
 0.996  0.991813
 0.997  0.988060
 0.998  0.984168
 0.999  0.980173
 1.000  0.973529
 1.001  0.970011
 1.002  0.966417
 1.003  0.962566
 1.004  0.958540
 1.005  0.953265
 1.006  0.948473
 1.007  0.944837
 1.008  0.941481
 1.009  0.937844
 1.010  0.933954
 1.011  0.928519
 1.012  0.925663
 1.013  0.922760
 1.014  0.919842
 1.015  0.917055
 1.016  0.913178
 1.017  0.908185
 1.018  0.905521
 1.019  0.902530
 1.020  0.899442
 1.021  0.896191
 1.022  0.892632
 1.023  0.887564
 1.024  0.885025
 1.025  0.882414
 1.026  0.879750
 1.027  0.876925
 1.028  0.874123
 1.029  0.870978
 1.030  0.867881
 1.031  0.865444
 1.032  0.862935
 1.033  0.860204
 1.034  0.857493
 1.035  0.854468
 1.036  0.851011
 1.037  0.848224
 1.038  0.845647
 1.039  0.842638
 1.040  0.840275
 1.041  0.837725
 1.042  0.835236
 1.043  0.832509
 1.044  0.830158
 1.045  0.828231
 1.046  0.825888
 1.047  0.823454
 1.048  0.821077
 1.049  0.818617
 1.050  0.816077
 1.051  0.813478
 1.052  0.811219
 1.053  0.808895
 1.054  0.806511
 1.055  0.803809
 1.056  0.801834
 1.057  0.799963
 1.058  0.798016
 1.059  0.795006
 1.060  0.792949
 1.061  0.790954
 1.062  0.789002
 1.063  0.787111
 1.064  0.786040
 1.065  0.783560
 1.066  0.780787
 1.067  0.778302
 1.068  0.776733
 1.069  0.774851
 1.070  0.773350
 1.071  0.771564
 1.072  0.768705
 1.073  0.766507
 1.074  0.764171
 1.075  0.761813
 1.076  0.760828
 1.077  0.759469
 1.078  0.757670
 1.079  0.756077
 1.080  0.754113
 1.081  0.752301
 1.082  0.751323
 1.083  0.748106
 1.084  0.746211
 1.085  0.744362
 1.086  0.742722
 1.087  0.741437
 1.088  0.740470
 1.089  0.738397
 1.090  0.736152
 1.091  0.733977
 1.092  0.731796
 1.093  0.731266
 1.094  0.729306
 1.095  0.727442
 1.096  0.725815
 1.097  0.724621
 1.098  0.724535
 1.099  0.722379
 1.100  0.719916
 1.101  0.717457
 1.102  0.716331
 1.103  0.715603
 1.104  0.713498
 1.105  0.711561
 1.106  0.710152
 1.107  0.710779
 1.108  0.708196
 1.109  0.705664
 1.110  0.703156
 1.111  0.702421
 1.112  0.701544
 1.113  0.699596
 1.114  0.698144
 1.115  0.698109
 1.116  0.697199
 1.117  0.694543
 1.118  0.692363
 1.119  0.691779
 1.120  0.689837
 1.121  0.688167
 1.122  0.687657
 1.123  0.687607
 1.124  0.684399
 1.125  0.681963
 1.126  0.683302
 1.127  0.680261
 1.128  0.679428
 1.129  0.679682
 1.130  0.675913
 1.131  0.673322
 1.132  0.675083
 1.133  0.673771
 1.134  0.672134
 1.135  0.669858
 1.136  0.667164
 1.137  0.669738
 1.138  0.665621
 1.139  0.663915
 1.140  0.661600
 1.141  0.662174
 1.142  0.659333
 1.143  0.669856
 1.144  0.652157
 1.145  0.391090
 1.146  0.390199
 1.147  0.389275
 1.148  0.388240
 1.149  0.386859
 1.150  0.386072
 1.151  0.385319
 1.152  0.384545
 1.153  0.383764
 1.154  0.382978
 1.155  0.382133
 1.156  0.381271
 1.157  0.380360
 1.158  0.379374
 1.159  0.378202
 1.160  0.377047
 1.161  0.376184
 1.162  0.375495
 1.163  0.374788
 1.164  0.374040
 1.165  0.373285
 1.166  0.372523
 1.167  0.371709
 1.168  0.370876
 1.169  0.369913
 1.170  0.368700
 1.171  0.368033
 1.172  0.367349
 1.173  0.366647
 1.174  0.365937
 1.175  0.365220
 1.176  0.364454
 1.177  0.363663
 1.178  0.362827
 1.179  0.361830
 1.180  0.360883
 1.181  0.359882
 1.182  0.359259
 1.183  0.358635
 1.184  0.358002
 1.185  0.357337
 1.186  0.356653
 1.187  0.355968
 1.188  0.355246
 1.189  0.354504
 1.190  0.353691
 1.191  0.352743
 1.192  0.351857
 1.193  0.351244
 1.194  0.350608
 1.195  0.349960
 1.196  0.349299
 1.197  0.348602
 1.198  0.347869
 1.199  0.347201
 1.200  0.346492
 1.201  0.345742
 1.202  0.344844
 1.203  0.344012
 1.204  0.343444
 1.205  0.342873
 1.206  0.342296
 1.207  0.341690
 1.208  0.341067
 1.209  0.340442
 1.210  0.339787
 1.211  0.339114
 1.212  0.338383
 1.213  0.337575
 1.214  0.336685
 1.215  0.336113
 1.216  0.335492
 1.217  0.334931
 1.218  0.334370
 1.219  0.333805
 1.220  0.333208
 1.221  0.332600
 1.222  0.331979
 1.223  0.331297
 1.224  0.330551
 1.225  0.329661
 1.226  0.329140
 1.227  0.328619
 1.228  0.328096
 1.229  0.327556
 1.230  0.326993
 1.231  0.326423
 1.232  0.325848
 1.233  0.325232
 1.234  0.324602
 1.235  0.323892
 1.236  0.323003
 1.237  0.322464
 1.238  0.321969
 1.239  0.321458
 1.240  0.320944
 1.241  0.320428
 1.242  0.319906
 1.243  0.319356
 1.244  0.318800
 1.245  0.318221
 1.246  0.317599
 1.247  0.316896
 1.248  0.316129
 1.249  0.315653
 1.250  0.315177
 1.251  0.314700
 1.252  0.314207
 1.253  0.313696
 1.254  0.313178
 1.255  0.312658
 1.256  0.312104
 1.257  0.311546
 1.258  0.310920
 1.259  0.310138
 1.260  0.309597
 1.261  0.309144
 1.262  0.308677
 1.263  0.308206
 1.264  0.307733
 1.265  0.307260
 1.266  0.306760
 1.267  0.306254
 1.268  0.305741
 1.269  0.305180
 1.270  0.304583
 1.271  0.303829
 1.272  0.303405
 1.273  0.302963
 1.274  0.302519
 1.275  0.302070
 1.276  0.301599
 1.277  0.301123
 1.278  0.300648
 1.279  0.300149
 1.280  0.299641
 1.281  0.299098
 1.282  0.298506
 1.283  0.297817
 1.284  0.297405
 1.285  0.296986
 1.286  0.296560
 1.287  0.296136
 1.288  0.295715
 1.289  0.295293
 1.290  0.294872
 1.291  0.294393
 1.292  0.293882
 1.293  0.293352
 1.294  0.292727
 1.295  0.292127
 1.296  0.291720
 1.297  0.291312
 1.298  0.290903
 1.299  0.290481
 1.300  0.290048
 1.301  0.289615
 1.302  0.289179
 1.303  0.288720
 1.304  0.288258
 1.305  0.287747
 1.306  0.287138
 1.307  0.286674
 1.308  0.286368
 1.309  0.285958
 1.310  0.285544
 1.311  0.285129
 1.312  0.284715
 1.313  0.284283
 1.314  0.283843
 1.315  0.283402
 1.316  0.282921
 1.317  0.282436
 1.318  0.281836
 1.319  0.281347
 1.320  0.280978
 1.321  0.280610
 1.322  0.280242
 1.323  0.279865
 1.324  0.279487
 1.325  0.279124
 1.326  0.278822
 1.327  0.278372
 1.328  0.277916
 1.329  0.277405
 1.330  0.276755
 1.331  0.276363
 1.332  0.275993
 1.333  0.275612
 1.334  0.275234
 1.335  0.274855
 1.336  0.274478
 1.337  0.274080
 1.338  0.273684
 1.339  0.273283
 1.340  0.272853
 1.341  0.272415
 1.342  0.271812
 1.343  0.271518
 1.344  0.271293
 1.345  0.270920
 1.346  0.270543
 1.347  0.270153
 1.348  0.269762
 1.349  0.269371
 1.350  0.268970
 1.351  0.268557
 1.352  0.268138
 1.353  0.267668
 1.354  0.267073
 1.355  0.266740
 1.356  0.266409
 1.357  0.266072
 1.358  0.265742
 1.359  0.265421
 1.360  0.265109
 1.361  0.264816
 1.362  0.264541
 1.363  0.264126
 1.364  0.263688
 1.365  0.263226
 1.366  0.262645
 1.367  0.262301
 1.368  0.261960
 1.369  0.261619
 1.370  0.261274
 1.371  0.260920
 1.372  0.260568
 1.373  0.260222
 1.374  0.259863
 1.375  0.259502
 1.376  0.259135
 1.377  0.258744
 1.378  0.258283
 1.379  0.258139
 1.380  0.257787
 1.381  0.257432
 1.382  0.257077
 1.383  0.256724
 1.384  0.256364
 1.385  0.255994
 1.386  0.255626
 1.387  0.255244
 1.388  0.254851
 1.389  0.254415
 1.390  0.253937
 1.391  0.253638
 1.392  0.253347
 1.393  0.253058
 1.394  0.252777
 1.395  0.252522
 1.396  0.252404
 1.397  0.252034
 1.398  0.251650
 1.399  0.251261
 1.400  0.250849
 1.401  0.250406
 1.402  0.249939
 1.403  0.249623
 1.404  0.249304
 1.405  0.248985
 1.406  0.248672
 1.407  0.248361
 1.408  0.248046
 1.409  0.247733
 1.410  0.247429
 1.411  0.247122
 1.412  0.246851
 1.413  0.246613
 1.414  0.246189
 1.415  0.245858
 1.416  0.245527
 1.417  0.245193
 1.418  0.244858
 1.419  0.244522
 1.420  0.244189
 1.421  0.243852
 1.422  0.243507
 1.423  0.243164
 1.424  0.242789
 1.425  0.242340
 1.426  0.242083
 1.427  0.241836
 1.428  0.241619
 1.429  0.241514
 1.430  0.241280
 1.431  0.240925
 1.432  0.240571
 1.433  0.240218
 1.434  0.239851
 1.435  0.239483
 1.436  0.239068
 1.437  0.238654
 1.438  0.238364
 1.439  0.238074
 1.440  0.237794
 1.441  0.237513
 1.442  0.237247
 1.443  0.236997
 1.444  0.236769
 1.445  0.236625
 1.446  0.236413
 1.447  0.236006
 1.448  0.235519
 1.449  0.235204
 1.450  0.234888
 1.451  0.234576
 1.452  0.234267
 1.453  0.233958
 1.454  0.233654
 1.455  0.233349
 1.456  0.233057
 1.457  0.232754
 1.458  0.232471
 1.459  0.232157
 1.460  0.231913
 1.461  0.231944
 1.462  0.231612
 1.463  0.231277
 1.464  0.230941
 1.465  0.230613
 1.466  0.230287
 1.467  0.229952
 1.468  0.229624
 1.469  0.229285
 1.470  0.228945
 1.471  0.228569
 1.472  0.228318
 1.473  0.228073
 1.474  0.227863
 1.475  0.227690
 1.476  0.227680
 1.477  0.227439
 1.478  0.227089
 1.479  0.226731
 1.480  0.226371
 1.481  0.225998
 1.482  0.225595
 1.483  0.225303
 1.484  0.225015
 1.485  0.224732
 1.486  0.224466
 1.487  0.224205
 1.488  0.223965
 1.489  0.223749
 1.490  0.223588
 1.491  0.223652
 1.492  0.223261
 1.493  0.222844
 1.494  0.222516
 1.495  0.222190
 1.496  0.221880
 1.497  0.221573
 1.498  0.221268
 1.499  0.220973
 1.500  0.220682
 1.501  0.220412
 1.502  0.220146
 1.503  0.219886
 1.504  0.219690
 1.505  0.219683
 1.506  0.219559
 1.507  0.219211
 1.508  0.218871
 1.509  0.218533
 1.510  0.218199
 1.511  0.217882
 1.512  0.217564
 1.513  0.217247
 1.514  0.216903
 1.515  0.216659
 1.516  0.216433
 1.517  0.216246
 1.518  0.216118
 1.519  0.216319
 1.520  0.215954
 1.521  0.215589
 1.522  0.215232
 1.523  0.214882
 1.524  0.214522
 1.525  0.214196
 1.526  0.213901
 1.527  0.213617
 1.528  0.213351
 1.529  0.213114
 1.530  0.212910
 1.531  0.212768
 1.532  0.212760
 1.533  0.212708
 1.534  0.212328
 1.535  0.211947
 1.536  0.211607
 1.537  0.211276
 1.538  0.210953
 1.539  0.210658
 1.540  0.210364
 1.541  0.210097
 1.542  0.209855
 1.543  0.209680
 1.544  0.209574
 1.545  0.209870
 1.546  0.209479
 1.547  0.209106
 1.548  0.208733
 1.549  0.208382
 1.550  0.208048
 1.551  0.207722
 1.552  0.207432
 1.553  0.207153
 1.554  0.206931
 1.555  0.206723
 1.556  0.206619
 1.557  0.206722
 1.558  0.206631
 1.559  0.206236
 1.560  0.205851
 1.561  0.205486
 1.562  0.205157
 1.563  0.204850
 1.564  0.204575
 1.565  0.204299
 1.566  0.204051
 1.567  0.203872
 1.568  0.203830
 1.569  0.204168
 1.570  0.203735
 1.571  0.203333
 1.572  0.202976
 1.573  0.202669
 1.574  0.202315
 1.575  0.201971
 1.576  0.201680
 1.577  0.201433
 1.578  0.201260
 1.579  0.201234
 1.580  0.201663
 1.581  0.201268
 1.582  0.200870
 1.583  0.200457
 1.584  0.200061
 1.585  0.199683
 1.586  0.199360
 1.587  0.199073
 1.588  0.198880
 1.589  0.198845
 1.590  0.199212
 1.591  0.199167
 1.592  0.198651
 1.593  0.198163
 1.594  0.197756
 1.595  0.197368
 1.596  0.197059
 1.597  0.196797
 1.598  0.196830
 1.599  0.196716
 1.600  0.197303
 1.601  0.196815
 1.602  0.196293
 1.603  0.195790
 1.604  0.195390
 1.605  0.195110
 1.606  0.195029
 1.607  0.194703
 1.608  0.194591
 1.609  0.194911
 1.610  0.194828
 1.611  0.194300
 1.612  0.193808
 1.613  0.193504
 1.614  0.193298
 1.615  0.192864
 1.616  0.192603
 1.617  0.192656
 1.618  0.193304
 1.619  0.192727
 1.620  0.192341
 1.621  0.191970
 1.622  0.191413
 1.623  0.191024
 1.624  0.190733
 1.625  0.190850
 1.626  0.191604
 1.627  0.191480
 1.628  0.190644
 1.629  0.189918
 1.630  0.189363
 1.631  0.189102
 1.632  0.189235
 1.633  0.190641
 1.634  0.189990
 1.635  0.189031
 1.636  0.188205
 1.637  0.187662
 1.638  0.187576
 1.639  0.188914
 1.640  0.188989
 1.641  0.187925
 1.642  0.186903
 1.643  0.186336
 1.644  0.186373
 1.645  0.187466
 1.646  0.187504
 1.647  0.186238
 1.648  0.185244
 1.649  0.185384
 1.650  0.186005
 1.651  0.186800
 1.652  0.184861
 1.653  0.184193
 1.654  0.184821
 1.655  0.185832
 1.656  0.184738
 1.657  0.183466
 1.658  0.183756
 1.659  0.186302
 1.660  0.183457
 1.661  0.183639
 1.662  0.181792
 1.663  0.183278
 1.664  0.181870
 1.665  0.186004
 1.666  0.184169
 1.667  0.187158
 1.668  0.174786
 1.669  0.156282
 1.670  0.000000
