-0.101  0.000000  0.000000
-0.100  0.162543  0.000247
-0.099  0.169281  0.000447
-0.098  0.175292  0.000622
-0.097  0.175253  0.000780
-0.096  0.176056  0.000933
-0.095  0.172105  0.001056
-0.094  0.174081  0.001207
-0.093  0.172569  0.001336
-0.092  0.173851  0.001485
-0.091  0.173803  0.001619
-0.090  0.176042  0.001777
-0.089  0.173643  0.001889
-0.088  0.175789  0.002047
-0.087  0.174921  0.002167
-0.086  0.176556  0.002321
-0.085  0.174878  0.002434
-0.084  0.176163  0.002585
-0.083  0.175715  0.002708
-0.082  0.176522  0.002852
-0.081  0.176349  0.002983
-0.080  0.176398  0.003115
-0.079  0.177368  0.003263
-0.078  0.176780  0.003381
-0.077  0.177647  0.003527
-0.076  0.177771  0.003662
-0.075  0.177628  0.003791
-0.074  0.178289  0.003936
-0.073  0.177878  0.004055
-0.072  0.178362  0.004196
-0.071  0.179290  0.004348
-0.070  0.179007  0.004473
-0.069  0.179175  0.004609
-0.068  0.179744  0.004754
-0.067  0.179263  0.004869
-0.066  0.179758  0.005012
-0.065  0.180488  0.005162
-0.064  0.181093  0.005310
-0.063  0.180615  0.005429
-0.062  0.181054  0.005573
-0.061  0.180813  0.005694
-0.060  0.181069  0.005832
-0.059  0.181614  0.005980
-0.058  0.182251  0.006131
-0.057  0.182545  0.006273
-0.056  0.182470  0.006403
-0.055  0.182754  0.006544
-0.054  0.182518  0.006665
-0.053  0.182854  0.006807
-0.052  0.183322  0.006955
-0.051  0.183890  0.007107
-0.050  0.184511  0.007263
-0.049  0.184349  0.007390
-0.048  0.184574  0.007532
-0.047  0.184369  0.007654
-0.046  0.184578  0.007794
-0.045  0.185007  0.007943
-0.044  0.185453  0.008094
-0.043  0.186018  0.008251
-0.042  0.186593  0.008409
-0.041  0.186384  0.008535
-0.040  0.186410  0.008668
-0.039  0.186480  0.008803
-0.038  0.186728  0.008947
-0.037  0.187097  0.009097
-0.036  0.187561  0.009253
-0.035  0.188033  0.009409
-0.034  0.188578  0.009570
-0.033  0.188673  0.009710
-0.032  0.188532  0.009837
-0.031  0.188666  0.009978
-0.030  0.188923  0.010125
-0.029  0.189258  0.010277
-0.028  0.189622  0.010431
-0.027  0.190076  0.010591
-0.026  0.190546  0.010752
-0.025  0.191039  0.010915
-0.024  0.191173  0.011060
-0.023  0.190988  0.011184
-0.022  0.191166  0.011330
-0.021  0.191458  0.011483
-0.020  0.191808  0.011640
-0.019  0.192185  0.011799
-0.018  0.192588  0.011960
-0.017  0.193031  0.012124
-0.016  0.193495  0.012290
-0.015  0.193690  0.012439
-0.014  0.193600  0.012572
-0.013  0.193805  0.012723
-0.012  0.194063  0.012878
-0.011  0.194401  0.013038
-0.010  0.194764  0.013200
-0.009  0.195158  0.013365
-0.008  0.195568  0.013532
-0.007  0.195983  0.013700
-0.006  0.196312  0.013862
-0.005  0.196401  0.014008
-0.004  0.196527  0.014158
-0.003  0.196787  0.014316
-0.002  0.197087  0.014478
-0.001  0.197422  0.014643
 0.000  0.409289  0.798633
 0.001  0.389739  0.725012
 0.002  0.393101  0.735343
 0.003  0.402835  0.769059
 0.004  0.398765  0.751897
 0.005  0.400803  0.757495
 0.006  0.401096  0.756725
 0.007  0.401635  0.756296
 0.008  0.402764  0.757962
 0.009  0.403398  0.757597
 0.010  0.406024  0.764447
 0.011  0.407286  0.766286
 0.012  0.406576  0.760755
 0.013  0.409504  0.768673
 0.014  0.410502  0.769486
 0.015  0.410078  0.765048
 0.016  0.412175  0.770551
 0.017  0.414428  0.776217
 0.018  0.413386  0.769659
 0.019  0.414939  0.772364
 0.020  0.417404  0.778238
 0.021  0.417513  0.775829
 0.022  0.418543  0.776491
 0.023  0.420042  0.778881
 0.024  0.422260  0.783734
 0.025  0.422240  0.780706
 0.026  0.423649  0.782882
 0.027  0.424994  0.785116
 0.028  0.426671  0.788155
 0.029  0.427066  0.786620
 0.030  0.428205  0.787712
 0.031  0.429988  0.790963
 0.032  0.431755  0.794034
 0.033  0.432229  0.792636
 0.034  0.433265  0.793189
 0.035  0.434746  0.795254
 0.036  0.436564  0.798439
 0.037  0.438094  0.800860
 0.038  0.438722  0.800113
 0.039  0.439757  0.800738
 0.040  0.441207  0.802718
 0.041  0.442935  0.805565
 0.042  0.444279  0.807175
 0.043  0.445559  0.808313
 0.044  0.446728  0.809102
 0.045  0.448021  0.810333
 0.046  0.449510  0.812233
 0.047  0.450993  0.814127
 0.048  0.452302  0.815242
 0.049  0.453852  0.817547
 0.050  0.455297  0.819390
 0.051  0.456425  0.820045
 0.052  0.457752  0.821418
 0.053  0.459117  0.822701
 0.054  0.460696  0.824628
 0.055  0.462417  0.827057
 0.056  0.463872  0.828690
 0.057  0.465339  0.830400
 0.058  0.466652  0.831460
 0.059  0.467966  0.832413
 0.060  0.469540  0.834390
 0.061  0.471232  0.836739
 0.062  0.472542  0.837902
 0.063  0.474122  0.839869
 0.064  0.475889  0.842263
 0.065  0.477162  0.842923
 0.066  0.478729  0.844608
 0.067  0.480432  0.846743
 0.068  0.481866  0.848103
 0.069  0.483467  0.849950
 0.070  0.485203  0.852201
 0.071  0.486779  0.853843
 0.072  0.488486  0.855967
 0.073  0.489976  0.857362
 0.074  0.491668  0.859389
 0.075  0.493201  0.860694
 0.076  0.494934  0.862728
 0.077  0.496628  0.864598
 0.078  0.498323  0.866469
 0.079  0.500138  0.868726
 0.080  0.502012  0.871158
 0.081  0.503619  0.872735
 0.082  0.505159  0.874133
 0.083  0.506903  0.876123
 0.084  0.508578  0.877765
 0.085  0.510440  0.879992
 0.086  0.512436  0.882350
 0.087  0.514402  0.884793
 0.088  0.516318  0.887110
 0.089  0.517960  0.888630
 0.090  0.519658  0.890305
 0.091  0.521523  0.892304
 0.092  0.523418  0.894482
 0.093  0.525352  0.896794
 0.094  0.527306  0.899179
 0.095  0.529334  0.901664
 0.096  0.531099  0.903341
 0.097  0.533429  0.906195
 0.098  0.535328  0.908012
 0.099  0.537244  0.909991
 0.100  0.539233  0.912214
 0.101  0.541253  0.914564
 0.102  0.543285  0.916964
 0.103  0.545580  0.919854
 0.104  0.547635  0.922196
 0.105  0.549646  0.924392
 0.106  0.551681  0.926682
 0.107  0.553756  0.928879
 0.108  0.556089  0.931356
 0.109  0.558647  0.934600
 0.110  0.561014  0.937473
 0.111  0.563077  0.939524
 0.112  0.565211  0.941830
 0.113  0.567271  0.943910
 0.114  0.569714  0.946930
 0.115  0.572332  0.950346
 0.116  0.574756  0.953361
 0.117  0.576989  0.955878
 0.118  0.579274  0.958560
 0.119  0.581574  0.960493
 0.120  0.584417  0.963819
 0.121  0.587104  0.966971
 0.122  0.589675  0.969949
 0.123  0.592165  0.972836
 0.124  0.594631  0.975689
 0.125  0.597065  0.978517
 0.126  0.600411  0.983164
 0.127  0.602940  0.985857
 0.128  0.605402  0.988472
 0.129  0.607869  0.991188
 0.130  0.610497  0.993969
 0.131  0.613915  0.998138
 0.132  0.617304  1.002396
 0.133  0.620345  1.006079
 0.134  0.623257  1.009549
 0.135  0.625947  1.012487
 0.136  0.628364  1.014693
 0.137  0.632369  1.020045
 0.138  0.635539  1.023896
 0.139  0.638498  1.027369
 0.140  0.641384  1.030734
 0.141  0.644395  1.034063
 0.142  0.648980  1.040426
 0.143  0.652853  1.045086
 0.144  0.656059  1.048339
 0.145  0.659124  1.051539
 0.146  0.662134  1.054761
 0.147  0.667180  1.061670
 0.148  0.670998  1.066405
 0.149  0.674536  1.070663
 0.150  0.677913  1.074666
 0.151  0.682368  1.080569
 0.152  0.687451  1.087308
 0.153  0.691276  1.091416
 0.154  0.694910  1.095462
 0.155  0.698775  1.099489
 0.156  0.705096  1.108044
 0.157  0.709889  1.114041
 0.158  0.714237  1.119326
 0.159  0.718159  1.123930
 0.160  0.725043  1.133535
 0.161  0.730492  1.140735
 0.162  0.734886  1.145576
 0.163  0.739111  1.150141
 0.164  0.747058  1.160956
 0.165  0.753000  1.168573
 0.166  0.758376  1.174979
 0.167  0.764556  1.182667
 0.168  0.773706  1.195267
 0.169  0.780147  1.203575
 0.170  0.785707  1.210511
 0.171  0.796396  1.225080
 0.172  0.803623  1.233959
 0.173  0.809880  1.241606
 0.174  0.822546  1.259180
 0.175  0.831593  1.271091
 0.176  0.838660  1.279983
 0.177  0.855005  1.303325
 0.178  0.865383  1.316840
 0.179  0.882545  1.341014
 0.180  0.896298  1.360012
 0.181  0.914415  1.383716
 0.182  0.932153  1.408038
 0.183  0.958853  1.445956
 0.184  0.979950  1.475434
 0.185  1.022634  1.537082
 0.186  1.080172  1.620624
 0.187  1.173352  1.756925
 0.188  1.364685  2.036917
 0.189  1.131440  1.687141
 0.190  1.056873  1.574547
 0.191  1.017174  1.513642
 0.192  0.982119  1.460875
 0.193  0.960656  1.426830
 0.194  0.938916  1.393361
 0.195  0.921973  1.366766
 0.196  0.909497  1.346388
 0.197  0.896789  1.325938
 0.198  0.883593  1.305324
 0.199  0.875372  1.291169
 0.200  0.867348  1.276720
 0.201  0.858516  1.261717
 0.202  0.850291  1.248323
 0.203  0.844808  1.238463
 0.204  0.839229  1.228709
 0.205  0.833269  1.218756
 0.206  0.826081  1.207383
 0.207  0.822199  1.199877
 0.208  0.818315  1.192360
 0.209  0.814335  1.184965
 0.210  0.809675  1.176713
 0.211  0.805088  1.167726
 0.212  0.802723  1.162351
 0.213  0.800190  1.157085
 0.214  0.797467  1.151770
 0.215  0.794329  1.145963
 0.216  0.790198  1.139051
 0.217  0.788216  1.134656
 0.218  0.786362  1.130238
 0.219  0.784638  1.126149
 0.220  0.782554  1.121605
 0.221  0.780046  1.116203
 0.222  0.778168  1.111431
 0.223  0.777330  1.108609
 0.224  0.776276  1.105551
 0.225  0.775072  1.102392
 0.226  0.773652  1.098999
 0.227  0.771755  1.095103
 0.228  0.769777  1.091140
 0.229  0.769537  1.089049
 0.230  0.768963  1.086618
 0.231  0.768282  1.084309
 0.232  0.768430  1.081739
 0.233  0.767763  1.079001
 0.234  0.766318  1.075747
 0.235  0.766264  1.074086
 0.236  0.766062  1.072304
 0.237  0.765796  1.070472
 0.238  0.765389  1.068504
 0.239  0.765357  1.067165
 0.240  0.765262  1.065680
 0.241  0.765001  1.063726
 0.242  0.766166  1.062762
 0.243  0.766703  1.061332
 0.244  0.767094  1.059894
 0.245  0.767405  1.058780
 0.246  0.767564  1.057540
 0.247  0.767380  1.055946
 0.248  0.767289  1.054638
 0.249  0.768291  1.054948
 0.250  0.769291  1.054854
 0.251  0.771527  1.054870
 0.252  0.772856  1.054452
 0.253  0.773821  1.053790
 0.254  0.774414  1.052743
 0.255  0.774214  1.050661
 0.256  0.775266  1.050475
 0.257  0.776684  1.050830
 0.258  0.778359  1.052079
 0.259  0.779651  1.052613
 0.260  0.782617  1.053328
 0.261  0.784740  1.053670
 0.262  0.786167  1.053550
 0.263  0.787143  1.053037
 0.264  0.788776  1.053283
 0.265  0.790282  1.053399
 0.266  0.792579  1.054453
 0.267  0.794674  1.055882
 0.268  0.798006  1.057443
 0.269  0.800872  1.058603
 0.270  0.802933  1.059210
 0.271  0.805135  1.059771
 0.272  0.807598  1.060827
 0.273  0.809850  1.061751
 0.274  0.812972  1.063718
 0.275  0.815981  1.065925
 0.276  0.820707  1.068593
 0.277  0.824499  1.070438
 0.278  0.827431  1.071603
 0.279  0.829770  1.072196
 0.280  0.832779  1.073925
 0.281  0.836079  1.075696
 0.282  0.840949  1.079314
 0.283  0.846248  1.082305
 0.284  0.852226  1.086115
 0.285  0.856830  1.089067
 0.286  0.860850  1.091481
 0.287  0.864089  1.093163
 0.288  0.867737  1.095340
 0.289  0.873867  1.099934
 0.290  0.881802  1.104282
 0.291  0.889110  1.107823
 0.292  0.895129  1.111430
 0.293  0.900812  1.115969
 0.294  0.905832  1.119421
 0.295  0.912751  1.124563
 0.296  0.922786  1.130490
 0.297  0.932389  1.136144
 0.298  0.940300  1.140979
 0.299  0.947410  1.145352
 0.300  0.954267  1.149530
 0.301  0.965740  1.158666
 0.302  0.982601  1.168318
 0.303  0.993937  1.175131
 0.304  1.003614  1.180848
 0.305  1.012348  1.186312
 0.306  1.032760  1.199227
 0.307  1.052890  1.210729
 0.308  1.068138  1.219836
 0.309  1.081799  1.229140
 0.310  1.111055  1.247442
 0.311  1.142037  1.265190
 0.312  1.164492  1.278555
 0.313  1.191263  1.295025
 0.314  1.253835  1.328767
 0.315  1.290830  1.349682
 0.316  1.397183  1.407529
 0.317  1.478031  1.452673
 0.318  2.294309  1.889332
 0.319  1.533206  1.488710
 0.320  1.387365  1.414864
 0.321  1.304241  1.373539
 0.322  1.242750  1.343381
 0.323  1.198314  1.321854
 0.324  1.157603  1.302442
 0.325  1.127697  1.290598
 0.326  1.100403  1.279273
 0.327  1.075735  1.269169
 0.328  1.054309  1.260404
 0.329  1.034049  1.252133
 0.330  1.016085  1.244804
 0.331  0.998538  1.238020
 0.332  0.982589  1.231889
 0.333  0.967678  1.228646
 0.334  0.953397  1.224497
 0.335  0.941485  1.221577
 0.336  0.927818  1.217346
 0.337  0.917232  1.214797
 0.338  0.906528  1.212096
 0.339  0.894947  1.208662
 0.340  0.885917  1.208739
 0.341  0.875678  1.207441
 0.342  0.865167  1.205186
 0.343  0.856639  1.204187
 0.344  0.847416  1.202799
 0.345  0.838634  1.201642
 0.346  0.831422  1.201452
 0.347  0.823684  1.202498
 0.348  0.816044  1.203729
 0.349  0.808927  1.204641
 0.350  0.801453  1.205011
 0.351  0.793714  1.205013
 0.352  0.786262  1.204997
 0.353  0.779360  1.205440
 0.354  0.773021  1.208435
 0.355  0.767452  1.211616
 0.356  0.761425  1.213849
 0.357  0.754755  1.215050
 0.358  0.749033  1.217242
 0.359  0.742898  1.219099
 0.360  0.736643  1.220742
 0.361  0.731163  1.226385
 0.362  0.725011  1.229814
 0.363  0.720176  1.233880
 0.364  0.714574  1.237060
 0.365  0.709974  1.240979
 0.366  0.704434  1.244205
 0.367  0.699257  1.250680
 0.368  0.694038  1.256638
 0.369  0.689402  1.262213
 0.370  0.684098  1.266991
 0.371  0.679157  1.271690
 0.372  0.673702  1.276208
 0.373  0.670043  1.285644
 0.374  0.665125  1.293936
 0.375  0.659969  1.301201
 0.376  0.655244  1.308520
 0.377  0.651251  1.316387
 0.378  0.646713  1.323897
 0.379  0.642556  1.336660
 0.380  0.638214  1.347867
 0.381  0.633965  1.358383
 0.382  0.628830  1.368102
 0.383  0.623565  1.378091
 0.384  0.618977  1.392087
 0.385  0.615283  1.408808
 0.386  0.612286  1.424710
 0.387  0.607674  1.439861
 0.388  0.602961  1.455319
 0.389  0.598710  1.474943
 0.390  0.595496  1.500028
 0.391  0.590216  1.522298
 0.392  0.583788  1.544430
 0.393  0.580459  1.571543
 0.394  0.577447  1.607889
 0.395  0.573180  1.647117
 0.396  0.567945  1.688486
 0.397  0.562813  1.736168
 0.398  0.558334  1.811038
 0.399  0.555094  1.919432
 0.400  0.549688  2.018738
 0.401  0.544609  2.649936
 0.402  0.538836  2.121468
 0.403  0.533103  1.934338
 0.404  0.523919  1.827186
 0.405  0.516874  1.755649
 0.406  0.513807  1.707985
 0.407  0.511641  1.700419
 0.408  0.509661  1.694181
 0.409  0.505947  1.690811
 0.410  0.503719  1.718595
 0.411  0.501905  1.722323
 0.412  0.504486  1.738422
 0.413  0.504724  1.768706
 0.414  0.501848  1.755878
 0.415  0.500251  1.763938
 0.416  0.498945  1.769821
 0.417  0.498600  1.782857
 0.418  0.496921  1.793044
 0.419  0.495722  1.805901
 0.420  0.493991  1.811239
 0.421  0.495257  1.822146
 0.422  0.491419  1.830198
 0.423  0.487971  1.838569
 0.424  0.488627  1.851520
 0.425  0.488794  1.865505
 0.426  0.489349  1.878412
 0.427  0.486156  1.885579
 0.428  0.483015  1.894977
 0.429  0.483016  1.908430
 0.430  0.486622  1.926283
 0.431  0.483258  1.936581
 0.432  0.479775  1.948347
 0.433  0.476779  1.958835
 0.434  0.479189  1.976145
 0.435  0.479758  1.992515
 0.436  0.476696  2.005010
 0.437  0.474432  2.019109
 0.438  0.472312  2.033109
 0.439  0.477552  2.058493
 0.440  0.474296  2.072314
 0.441  0.470807  2.085649
 0.442  0.468549  2.101500
 0.443  0.473914  2.129959
 0.444  0.469908  2.145547
 0.445  0.467005  2.163430
 0.446  0.465101  2.183195
 0.447  0.469772  2.213128
 0.448  0.466730  2.234152
 0.449  0.463436  2.254364
 0.450  0.461820  2.278828
 0.451  0.465379  2.312937
 0.452  0.461626  2.337816
 0.453  0.459533  2.367053
 0.454  0.458697  2.398357
 0.455  0.459927  2.436924
 0.456  0.456383  2.469248
 0.457  0.455905  2.510696
 0.458  0.457255  2.556910
 0.459  0.454768  2.601328
 0.460  0.453021  2.650051
 0.461  0.454834  2.714109
 0.462  0.451146  2.771461
 0.463  0.451931  2.848067
 0.464  0.450774  2.930574
 0.465  0.449174  3.028154
 0.466  0.451462  3.156861
 0.467  0.448871  3.303643
 0.468  0.452131  3.518536
 0.469  0.452044  3.833938
 0.470  0.457539  4.497466
 0.471  0.469046  4.505007
 0.472  0.473252  3.921017
 0.473  0.476877  3.645052
 0.474  0.477079  3.438158
 0.475  0.484631  3.346482
 0.476  0.474582  3.132630
 0.477  0.126103  0.640119
 0.478  0.127528  0.644483
 0.479  0.129312  0.649206
 0.480  0.131071  0.655146
 0.481  0.132738  0.660616
 0.482  0.134332  0.665513
 0.483  0.135923  0.670173
 0.484  0.137490  0.674693
 0.485  0.139091  0.680601
 0.486  0.140669  0.685750
 0.487  0.142305  0.690870
 0.488  0.143919  0.695714
 0.489  0.145509  0.700280
 0.490  0.147511  0.706670
 0.491  0.149306  0.712125
 0.492  0.151059  0.717090
 0.493  0.152779  0.721990
 0.494  0.154524  0.726892
 0.495  0.156338  0.733268
 0.496  0.158118  0.738938
 0.497  0.159844  0.744164
 0.498  0.161551  0.749039
 0.499  0.163267  0.753856
 0.500  0.165234  0.760883
 0.501  0.167416  0.767157
 0.502  0.169428  0.772777
 0.503  0.171311  0.777988
 0.504  0.173192  0.783039
 0.505  0.175152  0.789744
 0.506  0.177254  0.796457
 0.507  0.179221  0.802225
 0.508  0.181147  0.807645
 0.509  0.183051  0.812762
 0.510  0.185062  0.819711
 0.511  0.187092  0.826030
 0.512  0.189618  0.832893
 0.513  0.191821  0.838869
 0.514  0.193951  0.844518
 0.515  0.196222  0.852357
 0.516  0.198377  0.858770
 0.517  0.200683  0.865506
 0.518  0.202929  0.871836
 0.519  0.205147  0.878231
 0.520  0.207506  0.886302
 0.521  0.209747  0.892924
 0.522  0.211962  0.899128
 0.523  0.214841  0.906711
 0.524  0.217472  0.914976
 0.525  0.220005  0.922695
 0.526  0.222453  0.929617
 0.527  0.224836  0.936007
 0.528  0.227523  0.943566
 0.529  0.230365  0.953349
 0.530  0.232991  0.961206
 0.531  0.235527  0.968376
 0.532  0.238047  0.975283
 0.533  0.241228  0.985507
 0.534  0.244429  0.994908
 0.535  0.247330  1.003065
 0.536  0.250136  1.010672
 0.537  0.253049  1.019393
 0.538  0.256504  1.030576
 0.539  0.259591  1.039605
 0.540  0.262554  1.047841
 0.541  0.265553  1.056351
 0.542  0.269128  1.068298
 0.543  0.272531  1.078412
 0.544  0.275916  1.087547
 0.545  0.279456  1.097668
 0.546  0.283154  1.109371
 0.547  0.287100  1.121103
 0.548  0.290689  1.131158
 0.549  0.294535  1.143278
 0.550  0.298352  1.155026
 0.551  0.302496  1.167341
 0.552  0.306349  1.178214
 0.553  0.310733  1.192702
 0.554  0.314772  1.204788
 0.555  0.319525  1.218329
 0.556  0.324323  1.233015
 0.557  0.329039  1.247558
 0.558  0.333524  1.260480
 0.559  0.338733  1.276242
 0.560  0.344056  1.293317
 0.561  0.348864  1.307358
 0.562  0.354189  1.322983
 0.563  0.360387  1.343692
 0.564  0.365724  1.359585
 0.565  0.371821  1.378482
 0.566  0.378799  1.400382
 0.567  0.384820  1.418041
 0.568  0.392190  1.441607
 0.569  0.399345  1.463927
 0.570  0.405878  1.483230
 0.571  0.414788  1.512874
 0.572  0.422387  1.536054
 0.573  0.430953  1.563804
 0.574  0.440426  1.593898
 0.575  0.449923  1.624597
 0.576  0.460576  1.658658
 0.577  0.471811  1.694464
 0.578  0.484001  1.733527
 0.579  0.497088  1.776469
 0.580  0.511024  1.821446
 0.581  0.526929  1.874547
 0.582  0.544794  1.933676
 0.583  0.564237  1.998394
 0.584  0.587549  2.077511
 0.585  0.616460  2.176203
 0.586  0.652006  2.298539
 0.587  0.699214  2.461724
 0.588  0.770199  2.710010
 0.589  1.013380  3.582898
 0.590  0.812186  2.843011
 0.591  0.730004  2.536438
 0.592  0.692892  2.395792
 0.593  0.660387  2.270241
 0.594  0.629462  2.150758
 0.595  0.617114  2.100929
 0.596  0.597876  2.027004
 0.597  0.587048  1.980186
 0.598  0.573783  1.929661
 0.599  0.564369  1.885149
 0.600  0.557568  1.856690
 0.601  0.548344  1.820384
 0.602  0.541209  1.785629
 0.603  0.535846  1.763018
 0.604  0.529187  1.736330
 0.605  0.524044  1.710459
 0.606  0.519251  1.688443
 0.607  0.513895  1.667288
 0.608  0.510894  1.650769
 0.609  0.506383  1.626449
 0.610  0.501736  1.608494
 0.611  0.499685  1.596658
 0.612  0.497158  1.582890
 0.613  0.493522  1.563684
 0.614  0.489710  1.547387
 0.615  0.488066  1.537679
 0.616  0.486114  1.526786
 0.617  0.483489  1.513376
 0.618  0.479817  1.495376
 0.619  0.478954  1.487951
 0.620  0.477605  1.479443
 0.621  0.475812  1.469497
 0.622  0.473129  1.456752
 0.623  0.471467  1.444576
 0.624  0.470431  1.437780
 0.625  0.469138  1.430211
 0.626  0.466793  1.419961
 0.627  0.465823  1.412220
 0.628  0.464251  1.400403
 0.629  0.463640  1.394758
 0.630  0.462550  1.388053
 0.631  0.461160  1.380572
 0.632  0.460522  1.374485
 0.633  0.459647  1.367215
 0.634  0.458374  1.357594
 0.635  0.457138  1.351400
 0.636  0.456375  1.346095
 0.637  0.455877  1.341185
 0.638  0.455230  1.335646
 0.639  0.454582  1.329258
 0.640  0.453062  1.319534
 0.641  0.452909  1.315922
 0.642  0.452636  1.311987
 0.643  0.452240  1.307684
 0.644  0.451678  1.302807
 0.645  0.450505  1.296305
 0.646  0.449993  1.289700
 0.647  0.449663  1.285258
 0.648  0.449354  1.281626
 0.649  0.449123  1.277970
 0.650  0.448411  1.273152
 0.651  0.448342  1.269542
 0.652  0.448143  1.265241
 0.653  0.447693  1.258896
 0.654  0.447461  1.255858
 0.655  0.446988  1.252271
 0.656  0.446634  1.248848
 0.657  0.446539  1.245821
 0.658  0.446366  1.242426
 0.659  0.446276  1.238630
 0.660  0.445924  1.232803
 0.661  0.445630  1.229830
 0.662  0.445709  1.227555
 0.663  0.445720  1.225105
 0.664  0.445652  1.222403
 0.665  0.445477  1.219318
 0.666  0.444936  1.215215
 0.667  0.444826  1.211190
 0.668  0.444758  1.208013
 0.669  0.444970  1.206177
 0.670  0.445115  1.204169
 0.671  0.445042  1.201738
 0.672  0.444890  1.199095
 0.673  0.444973  1.196753
 0.674  0.444983  1.193935
 0.675  0.444832  1.189707
 0.676  0.444806  1.187839
 0.677  0.444518  1.185460
 0.678  0.444619  1.183756
 0.679  0.444956  1.182222
 0.680  0.445172  1.180415
 0.681  0.445254  1.178263
 0.682  0.445195  1.175503
 0.683  0.444978  1.171669
 0.684  0.445127  1.170266
 0.685  0.445247  1.168866
 0.686  0.445329  1.167369
 0.687  0.445346  1.165702
 0.688  0.445218  1.163693
 0.689  0.445542  1.162147
 0.690  0.445748  1.160240
 0.691  0.445816  1.157181
 0.692  0.445958  1.156031
 0.693  0.446025  1.154747
 0.694  0.445945  1.153178
 0.695  0.446084  1.151971
 0.696  0.446184  1.150648
 0.697  0.446253  1.149166
 0.698  0.446416  1.147573
 0.699  0.446573  1.145305
 0.700  0.446609  1.143454
 0.701  0.446796  1.142567
 0.702  0.446938  1.141547
 0.703  0.447049  1.140546
 0.704  0.447114  1.139426
 0.705  0.447078  1.138076
 0.706  0.447098  1.136723
 0.707  0.447144  1.135203
 0.708  0.447393  1.133176
 0.709  0.447595  1.132529
 0.710  0.447706  1.131751
 0.711  0.447698  1.130764
 0.712  0.447803  1.129971
 0.713  0.447879  1.129098
 0.714  0.447922  1.128111
 0.715  0.447931  1.126959
 0.716  0.447876  1.125444
 0.717  0.447881  1.123615
 0.718  0.448113  1.123204
 0.719  0.448228  1.122622
 0.720  0.448285  1.121919
 0.721  0.448301  1.121218
 0.722  0.448254  1.120374
 0.723  0.448202  1.119489
 0.724  0.448182  1.118575
 0.725  0.448117  1.117348
 0.726  0.448019  1.115812
 0.727  0.448187  1.115513
 0.728  0.448141  1.114916
 0.729  0.448145  1.114436
 0.730  0.448111  1.113885
 0.731  0.448044  1.113264
 0.732  0.447938  1.112534
 0.733  0.447785  1.111657
 0.734  0.447568  1.110504
 0.735  0.447402  1.109063
 0.736  0.447426  1.108783
 0.737  0.447372  1.108376
 0.738  0.447239  1.107836
 0.739  0.447042  1.107257
 0.740  0.446824  1.106636
 0.741  0.446635  1.106060
 0.742  0.446413  1.105373
 0.743  0.446161  1.104522
 0.744  0.445839  1.103001
 0.745  0.445566  1.102479
 0.746  0.445412  1.102191
 0.747  0.445185  1.101796
 0.748  0.444910  1.101321
 0.749  0.444592  1.100769
 0.750  0.444214  1.100093
 0.751  0.443760  1.099266
 0.752  0.443403  1.098560
 0.753  0.443010  1.097599
 0.754  0.442615  1.096593
 0.755  0.442284  1.096164
 0.756  0.441797  1.095488
 0.757  0.441309  1.094882
 0.758  0.440879  1.094388
 0.759  0.440416  1.093831
 0.760  0.439906  1.093168
 0.761  0.439341  1.092367
 0.762  0.438599  1.091160
 0.763  0.438068  1.089984
 0.764  0.437609  1.089600
 0.765  0.437063  1.089084
 0.766  0.436459  1.088466
 0.767  0.435768  1.087687
 0.768  0.434945  1.086657
 0.769  0.434343  1.086062
 0.770  0.433705  1.085377
 0.771  0.433020  1.084548
 0.772  0.432275  1.083499
 0.773  0.431428  1.082090
 0.774  0.430555  1.081101
 0.775  0.429868  1.080538
 0.776  0.429139  1.079891
 0.777  0.428361  1.079144
 0.778  0.427505  1.078234
 0.779  0.426449  1.076913
 0.780  0.425562  1.075929
 0.781  0.424796  1.075146
 0.782  0.423960  1.074094
 0.783  0.423066  1.072985
 0.784  0.422094  1.071975
 0.785  0.420761  1.070214
 0.786  0.419964  1.069577
 0.787  0.419130  1.068852
 0.788  0.418245  1.068012
 0.789  0.417302  1.067023
 0.790  0.416255  1.065791
 0.791  0.414772  1.063597
 0.792  0.413885  1.062506
 0.793  0.412984  1.061673
 0.794  0.412042  1.060820
 0.795  0.411032  1.059806
 0.796  0.409918  1.058553
 0.797  0.408350  1.056284
 0.798  0.407500  1.055600
 0.799  0.406615  1.054813
 0.800  0.405659  1.053857
 0.801  0.404536  1.052544
 0.802  0.403365  1.050884
 0.803  0.401921  1.048900
 0.804  0.400741  1.047504
 0.805  0.399847  1.046742
 0.806  0.398910  1.045862
 0.807  0.397914  1.044824
 0.808  0.396841  1.043575
 0.809  0.395587  1.041855
 0.810  0.393969  1.039407
 0.811  0.393048  1.038504
 0.812  0.392112  1.037410
 0.813  0.391146  1.036443
 0.814  0.390116  1.035292
 0.815  0.388981  1.033859
 0.816  0.387471  1.031480
 0.817  0.386415  1.030191
 0.818  0.385613  1.029500
 0.819  0.384656  1.028499
 0.820  0.383626  1.027288
 0.821  0.382578  1.025931
 0.822  0.381417  1.024170
 0.823  0.379715  1.021135
 0.824  0.378979  1.020538
 0.825  0.378219  1.019851
 0.826  0.377430  1.019050
 0.827  0.376602  1.018114
 0.828  0.375710  1.017000
 0.829  0.374486  1.015175
 0.830  0.372737  1.011782
 0.831  0.372053  1.011158
 0.832  0.371359  1.010434
 0.833  0.370648  1.009709
 0.834  0.369908  1.008866
 0.835  0.369125  1.007865
 0.836  0.368261  1.006600
 0.837  0.367189  1.004707
 0.838  0.365945  1.002378
 0.839  0.365248  1.001650
 0.840  0.364618  1.000971
 0.841  0.363988  1.000215
 0.842  0.363331  0.999324
 0.843  0.362634  0.998297
 0.844  0.361852  0.996951
 0.845  0.360767  0.994680
 0.846  0.359983  0.993243
 0.847  0.359594  0.992946
 0.848  0.359038  0.992303
 0.849  0.358478  0.991569
 0.850  0.357941  0.990785
 0.851  0.357384  0.989871
 0.852  0.356761  0.988695
 0.853  0.355938  0.986813
 0.854  0.355143  0.984944
 0.855  0.354901  0.984769
 0.856  0.354655  0.984534
 0.857  0.354399  0.984227
 0.858  0.353962  0.983529
 0.859  0.353556  0.982766
 0.860  0.353146  0.981878
 0.861  0.352654  0.980648
 0.862  0.351703  0.977806
 0.863  0.351638  0.977801
 0.864  0.351576  0.977755
 0.865  0.351518  0.977660
 0.866  0.351455  0.977500
 0.867  0.351377  0.977246
 0.868  0.351146  0.976618
 0.869  0.350948  0.975905
 0.870  0.350701  0.974914
 0.871  0.350005  0.972257
 0.872  0.350163  0.972497
 0.873  0.350329  0.972647
 0.874  0.350507  0.972762
 0.875  0.350686  0.972823
 0.876  0.350866  0.972824
 0.877  0.351048  0.972738
 0.878  0.351122  0.972353
 0.879  0.351212  0.971828
 0.880  0.351214  0.970845
 0.881  0.351108  0.969401
 0.882  0.351564  0.969827
 0.883  0.352040  0.970234
 0.884  0.352525  0.970605
 0.885  0.353034  0.970941
 0.886  0.353554  0.971226
 0.887  0.354075  0.971442
 0.888  0.354581  0.971507
 0.889  0.355107  0.971431
 0.890  0.355565  0.970969
 0.891  0.355880  0.969836
 0.892  0.356740  0.970621
 0.893  0.357643  0.971408
 0.894  0.358571  0.972178
 0.895  0.359518  0.972928
 0.896  0.360509  0.973658
 0.897  0.361570  0.974416
 0.898  0.362687  0.975155
 0.899  0.363814  0.975763
 0.900  0.364939  0.976213
 0.901  0.365979  0.976030
 0.902  0.367159  0.976141
 0.903  0.368685  0.977481
 0.904  0.370267  0.978832
 0.905  0.371887  0.980182
 0.906  0.373579  0.981552
 0.907  0.375592  0.983333
 0.908  0.377590  0.984952
 0.909  0.379611  0.986522
 0.910  0.381735  0.988209
 0.911  0.383891  0.989453
 0.912  0.386049  0.990295
 0.913  0.388299  0.990983
 0.914  0.390967  0.993255
 0.915  0.393749  0.995593
 0.916  0.397172  0.998739
 0.917  0.400583  1.001702
 0.918  0.404117  1.004678
 0.919  0.407818  1.007776
 0.920  0.411688  1.010953
 0.921  0.415797  1.014004
 0.922  0.420129  1.017099
 0.923  0.424671  1.020169
 0.924  0.429930  1.023516
 0.925  0.435916  1.028012
 0.926  0.442327  1.033411
 0.927  0.449162  1.039068
 0.928  0.456647  1.045211
 0.929  0.464652  1.051805
 0.930  0.473581  1.058666
 0.931  0.483363  1.066095
 0.932  0.496009  1.076351
 0.933  0.509914  1.087196
 0.934  0.525615  1.099075
 0.935  0.544253  1.112836
 0.936  0.566769  1.129019
 0.937  0.595311  1.149046
 0.938  0.635314  1.179076
 0.939  0.702245  1.228731
 0.940  0.844880  1.330363
 0.941  0.811857  1.311887
 0.942  0.668653  1.214887
 0.943  0.612976  1.180293
 0.944  0.559026  1.144255
 0.945  0.518449  1.117012
 0.946  0.490968  1.099049
 0.947  0.466264  1.082762
 0.948  0.442250  1.066107
 0.949  0.419727  1.049662
 0.950  0.408431  1.041870
 0.951  0.390794  1.029459
 0.952  0.379399  1.022099
 0.953  0.365973  1.012671
 0.954  0.355811  1.005911
 0.955  0.343613  0.997050
 0.956  0.335022  0.991485
 0.957  0.324110  0.983230
 0.958  0.316951  0.978222
 0.959  0.306461  0.969722
 0.960  0.300647  0.965667
 0.961  0.293316  0.959809
 0.962  0.285431  0.953059
 0.963  0.279956  0.947930
 0.964  0.272180  0.941598
 0.965  0.267009  0.938254
 0.966  0.261983  0.934402
 0.967  0.255675  0.929002
 0.968  0.250486  0.924714
 0.969  0.246395  0.921615
 0.970  0.241089  0.916968
 0.971  0.235842  0.912277
 0.972  0.232202  0.909445
 0.973  0.228059  0.905977
 0.974  0.222485  0.900788
 0.975  0.219292  0.898016
 0.976  0.215875  0.894676
 0.977  0.211766  0.889879
 0.978  0.207306  0.885225
 0.979  0.204498  0.882960
 0.980  0.201423  0.880320
 0.981  0.197716  0.876766
 0.982  0.194042  0.873354
 0.983  0.191515  0.871341
 0.984  0.188768  0.868682
 0.985  0.185659  0.865435
 0.986  0.182059  0.861389
 0.987  0.179736  0.859164
 0.988  0.177381  0.856859
 0.989  0.174766  0.854145
 0.990  0.171553  0.850500
 0.991  0.168976  0.847727
 0.992  0.166811  0.844693
 0.993  0.164644  0.842454
 0.994  0.162227  0.839761
 0.995  0.159179  0.835984
 0.996  0.157396  0.834276
 0.997  0.155511  0.832403
 0.998  0.153548  0.830458
 0.999  0.151451  0.828544
 1.000  0.148659  0.824739
 1.001  0.147003  0.822871
 1.002  0.145335  0.820945
 1.003  0.143567  0.818849
 1.004  0.141720  0.816639
 1.005  0.139457  0.813474
 1.006  0.137515  0.810826
 1.007  0.135929  0.808779
 1.008  0.134410  0.806937
 1.009  0.132800  0.804894
 1.010  0.131112  0.802692
 1.011  0.128935  0.799478
 1.012  0.127605  0.797949
 1.013  0.126246  0.796405
 1.014  0.124850  0.794879
 1.015  0.123407  0.793514
 1.016  0.121829  0.791189
 1.017  0.119924  0.788154
 1.018  0.118718  0.786690
 1.019  0.117480  0.784931
 1.020  0.116216  0.783107
 1.021  0.114893  0.781163
 1.022  0.113468  0.779026
 1.023  0.111628  0.775840
 1.024  0.110562  0.774364
 1.025  0.109473  0.772841
 1.026  0.108363  0.771284
 1.027  0.107199  0.769618
 1.028  0.106031  0.767989
 1.029  0.104719  0.766140
 1.030  0.103317  0.764470
 1.031  0.102325  0.763032
 1.032  0.101326  0.761505
 1.033  0.100298  0.759802
 1.034  0.099265  0.758115
 1.035  0.098141  0.756209
 1.036  0.096877  0.753990
 1.037  0.095730  0.752447
 1.038  0.094799  0.750731
 1.039  0.093851  0.748697
 1.040  0.092949  0.747227
 1.041  0.091994  0.745636
 1.042  0.091025  0.744102
 1.043  0.089952  0.742388
 1.044  0.088885  0.741283
 1.045  0.088081  0.740059
 1.046  0.087267  0.738532
 1.047  0.086426  0.736934
 1.048  0.085587  0.735398
 1.049  0.084710  0.733809
 1.050  0.083779  0.732179
 1.051  0.082699  0.730691
 1.052  0.081961  0.729170
 1.053  0.081210  0.727596
 1.054  0.080449  0.725970
 1.055  0.079650  0.724055
 1.056  0.078876  0.722896
 1.057  0.078086  0.721792
 1.058  0.077221  0.720632
 1.059  0.076353  0.718574
 1.060  0.075693  0.717181
 1.061  0.075030  0.715847
 1.062  0.074353  0.714573
 1.063  0.073665  0.713376
 1.064  0.072973  0.712971
 1.065  0.072244  0.711219
 1.066  0.071433  0.709238
 1.067  0.070682  0.707557
 1.068  0.070078  0.706583
 1.069  0.069460  0.705327
 1.070  0.068839  0.704468
 1.071  0.068213  0.703252
 1.072  0.067537  0.701084
 1.073  0.066897  0.699515
 1.074  0.066204  0.697880
 1.075  0.065476  0.696285
 1.076  0.064932  0.695898
 1.077  0.064389  0.695012
 1.078  0.063845  0.693755
 1.079  0.063284  0.692716
 1.080  0.062720  0.691321
 1.081  0.062140  0.690094
 1.082  0.061545  0.689682
 1.083  0.060805  0.687228
 1.084  0.060309  0.685828
 1.085  0.059809  0.684484
 1.086  0.059302  0.683362
 1.087  0.058792  0.682603
 1.088  0.058281  0.682113
 1.089  0.057739  0.680542
 1.090  0.057214  0.678859
 1.091  0.056652  0.677242
 1.092  0.056036  0.675715
 1.093  0.055588  0.675599
 1.094  0.055138  0.674093
 1.095  0.054690  0.672688
 1.096  0.054237  0.671527
 1.097  0.053773  0.670819
 1.098  0.053313  0.671175
 1.099  0.052829  0.669458
 1.100  0.052322  0.667495
 1.101  0.051767  0.665629
 1.102  0.051356  0.664962
 1.103  0.050943  0.664571
 1.104  0.050524  0.662899
 1.105  0.050103  0.661385
 1.106  0.049680  0.660429
 1.107  0.049241  0.661434
 1.108  0.048815  0.659283
 1.109  0.048363  0.657212
 1.110  0.047844  0.655266
 1.111  0.047475  0.654950
 1.112  0.047101  0.654350
 1.113  0.046730  0.652794
 1.114  0.046360  0.651735
 1.115  0.045984  0.652174
 1.116  0.045601  0.651490
 1.117  0.045213  0.649231
 1.118  0.044813  0.647496
 1.119  0.044379  0.647648
 1.120  0.043965  0.645781
 1.121  0.043627  0.644497
 1.122  0.043287  0.644331
 1.123  0.042938  0.644531
 1.124  0.042584  0.641701
 1.125  0.042232  0.639661
 1.126  0.041886  0.641297
 1.127  0.041537  0.638635
 1.128  0.041173  0.638187
 1.129  0.040740  0.638746
 1.130  0.040432  0.635338
 1.131  0.040122  0.633123
 1.132  0.039814  0.635131
 1.133  0.039510  0.634083
 1.134  0.039198  0.633104
 1.135  0.038881  0.630838
 1.136  0.038566  0.628627
 1.137  0.038243  0.631465
 1.138  0.037911  0.627524
 1.139  0.037516  0.626043
 1.140  0.037234  0.625750
 1.141  0.036953  0.624753
 1.142  0.036661  0.621782
 1.143  0.036378  0.632103
 1.144  0.036089  0.613351
 1.145  0.035749  0.355309
 1.146  0.035467  0.354697
 1.147  0.035183  0.354056
 1.148  0.034884  0.353314
 1.149  0.034537  0.352250
 1.150  0.034285  0.351758
 1.151  0.034034  0.351256
 1.152  0.033781  0.350734
 1.153  0.033529  0.350205
 1.154  0.033278  0.349669
 1.155  0.033021  0.349079
 1.156  0.032764  0.348474
 1.157  0.032503  0.347820
 1.158  0.032235  0.347101
 1.159  0.031945  0.346208
 1.160  0.031666  0.345348
 1.161  0.031431  0.344727
 1.162  0.031204  0.344265
 1.163  0.030976  0.343783
 1.164  0.030745  0.343266
 1.165  0.030514  0.342741
 1.166  0.030284  0.342208
 1.167  0.030049  0.341629
 1.168  0.029813  0.341031
 1.169  0.029562  0.340313
 1.170  0.029286  0.339389
 1.171  0.029076  0.338931
 1.172  0.028866  0.338456
 1.173  0.028655  0.337965
 1.174  0.028445  0.337465
 1.175  0.028235  0.336957
 1.176  0.028021  0.336403
 1.177  0.027807  0.335826
 1.178  0.027590  0.335201
 1.179  0.027364  0.334435
 1.180  0.027132  0.333711
 1.181  0.026898  0.332960
 1.182  0.026708  0.332528
 1.183  0.026518  0.332093
 1.184  0.026328  0.331649
 1.185  0.026136  0.331175
 1.186  0.025943  0.330684
 1.187  0.025751  0.330190
 1.188  0.025556  0.329662
 1.189  0.025360  0.329115
 1.190  0.025158  0.328499
 1.191  0.024941  0.327746
 1.192  0.024738  0.327095
 1.193  0.024563  0.326658
 1.194  0.024386  0.326197
 1.195  0.024210  0.325725
 1.196  0.024034  0.325239
 1.197  0.023857  0.324715
 1.198  0.023677  0.324166
 1.199  0.023501  0.323674
 1.200  0.023322  0.323142
 1.201  0.023140  0.322574
 1.202  0.022943  0.321864
 1.203  0.022757  0.321233
 1.204  0.022597  0.320824
 1.205  0.022438  0.320413
 1.206  0.022279  0.319994
 1.207  0.022118  0.319548
 1.208  0.021956  0.319087
 1.209  0.021796  0.318623
 1.210  0.021633  0.318129
 1.211  0.021469  0.317618
 1.212  0.021301  0.317051
 1.213  0.021126  0.316399
 1.214  0.020950  0.315713
 1.215  0.020802  0.315289
 1.216  0.020653  0.314817
 1.217  0.020506  0.314404
 1.218  0.020360  0.313988
 1.219  0.020215  0.313568
 1.220  0.020067  0.313118
 1.221  0.019919  0.312658
 1.222  0.019771  0.312182
 1.223  0.019619  0.311652
 1.224  0.019461  0.311057
 1.225  0.019294  0.310347
 1.226  0.019159  0.309962
 1.227  0.019025  0.309575
 1.228  0.018891  0.309185
 1.229  0.018756  0.308778
 1.230  0.018621  0.308350
 1.231  0.018486  0.307916
 1.232  0.018351  0.307473
 1.233  0.018214  0.306995
 1.234  0.018077  0.306500
 1.235  0.017934  0.305931
 1.236  0.017775  0.305183
 1.237  0.017650  0.304795
 1.238  0.017527  0.304423
 1.239  0.017403  0.304035
 1.240  0.017280  0.303645
 1.241  0.017157  0.303251
 1.242  0.017034  0.302851
 1.243  0.016910  0.302425
 1.244  0.016786  0.301992
 1.245  0.016661  0.301536
 1.246  0.016533  0.301042
 1.247  0.016400  0.300466
 1.248  0.016264  0.299847
 1.249  0.016150  0.299485
 1.250  0.016037  0.299122
 1.251  0.015925  0.298757
 1.252  0.015811  0.298376
 1.253  0.015698  0.297978
 1.254  0.015585  0.297574
 1.255  0.015471  0.297165
 1.256  0.015357  0.296726
 1.257  0.015242  0.296282
 1.258  0.015123  0.295771
 1.259  0.014993  0.295104
 1.260  0.014884  0.294696
 1.261  0.014780  0.294346
 1.262  0.014676  0.293983
 1.263  0.014572  0.293616
 1.264  0.014468  0.293247
 1.265  0.014365  0.292877
 1.266  0.014260  0.292481
 1.267  0.014156  0.292079
 1.268  0.014051  0.291668
 1.269  0.013944  0.291214
 1.270  0.013835  0.290720
 1.271  0.013717  0.290096
 1.272  0.013622  0.289766
 1.273  0.013526  0.289420
 1.274  0.013431  0.289071
 1.275  0.013336  0.288716
 1.276  0.013240  0.288341
 1.277  0.013144  0.287961
 1.278  0.013048  0.287581
 1.279  0.012952  0.287178
 1.280  0.012856  0.286766
 1.281  0.012757  0.286318
 1.282  0.012657  0.285827
 1.283  0.012551  0.285250
 1.284  0.012463  0.284925
 1.285  0.012375  0.284594
 1.286  0.012287  0.284257
 1.287  0.012200  0.283920
 1.288  0.012112  0.283586
 1.289  0.012025  0.283252
 1.290  0.011938  0.282915
 1.291  0.011850  0.282525
 1.292  0.011760  0.282101
 1.293  0.011670  0.281661
 1.294  0.011575  0.281127
 1.295  0.011483  0.280629
 1.296  0.011402  0.280302
 1.297  0.011321  0.279976
 1.298  0.011240  0.279647
 1.299  0.011159  0.279306
 1.300  0.011078  0.278953
 1.301  0.010997  0.278601
 1.302  0.010916  0.278245
 1.303  0.010835  0.277867
 1.304  0.010753  0.277487
 1.305  0.010670  0.277058
 1.306  0.010580  0.276525
 1.307  0.010501  0.276160
 1.308  0.010428  0.275925
 1.309  0.010353  0.275589
 1.310  0.010278  0.275250
 1.311  0.010204  0.274910
 1.312  0.010129  0.274570
 1.313  0.010054  0.274212
 1.314  0.009980  0.273846
 1.315  0.009905  0.273480
 1.316  0.009829  0.273073
 1.317  0.009753  0.272664
 1.318  0.009666  0.272038
 1.319  0.009597  0.271736
 1.320  0.009528  0.271436
 1.321  0.009459  0.271137
 1.322  0.009391  0.270837
 1.323  0.009322  0.270528
 1.324  0.009254  0.270219
 1.325  0.009186  0.269924
 1.326  0.009119  0.269685
 1.327  0.009050  0.269305
 1.328  0.008981  0.268918
 1.329  0.008909  0.268476
 1.330  0.008831  0.267892
 1.331  0.008767  0.267582
 1.332  0.008703  0.267275
 1.333  0.008639  0.266959
 1.334  0.008576  0.266643
 1.335  0.008512  0.266328
 1.336  0.008449  0.266013
 1.337  0.008385  0.265680
 1.338  0.008322  0.265347
 1.339  0.008259  0.265008
 1.340  0.008194  0.264642
 1.341  0.008130  0.264265
 1.342  0.008059  0.263742
 1.343  0.008001  0.263507
 1.344  0.007945  0.263334
 1.345  0.007886  0.263020
 1.346  0.007827  0.262702
 1.347  0.007768  0.262371
 1.348  0.007709  0.262038
 1.349  0.007650  0.261706
 1.350  0.007591  0.261362
 1.351  0.007532  0.261009
 1.352  0.007473  0.260647
 1.353  0.007413  0.260237
 1.354  0.007348  0.259712
 1.355  0.007293  0.259434
 1.356  0.007239  0.259157
 1.357  0.007185  0.258874
 1.358  0.007131  0.258599
 1.359  0.007077  0.258331
 1.360  0.007024  0.258073
 1.361  0.006971  0.257834
 1.362  0.006919  0.257606
 1.363  0.006864  0.257245
 1.364  0.006809  0.256862
 1.365  0.006753  0.256453
 1.366  0.006694  0.255938
 1.367  0.006643  0.255645
 1.368  0.006593  0.255354
 1.369  0.006543  0.255063
 1.370  0.006492  0.254768
 1.371  0.006442  0.254465
 1.372  0.006392  0.254163
 1.373  0.006342  0.253866
 1.374  0.006292  0.253557
 1.375  0.006242  0.253245
 1.376  0.006192  0.252927
 1.377  0.006142  0.252587
 1.378  0.006089  0.252185
 1.379  0.006045  0.252081
 1.380  0.005998  0.251776
 1.381  0.005951  0.251467
 1.382  0.005904  0.251159
 1.383  0.005858  0.250853
 1.384  0.005811  0.250538
 1.385  0.005764  0.250216
 1.386  0.005718  0.249894
 1.387  0.005671  0.249557
 1.388  0.005625  0.249212
 1.389  0.005577  0.248820
 1.390  0.005528  0.248397
 1.391  0.005485  0.248141
 1.392  0.005442  0.247894
 1.393  0.005399  0.247648
 1.394  0.005357  0.247410
 1.395  0.005315  0.247199
 1.396  0.005275  0.247115
 1.397  0.005232  0.246788
 1.398  0.005189  0.246446
 1.399  0.005145  0.246101
 1.400  0.005102  0.245731
 1.401  0.005057  0.245324
 1.402  0.005013  0.244914
 1.403  0.004973  0.244639
 1.404  0.004932  0.244359
 1.405  0.004892  0.244081
 1.406  0.004853  0.243808
 1.407  0.004813  0.243536
 1.408  0.004773  0.243260
 1.409  0.004734  0.242987
 1.410  0.004695  0.242723
 1.411  0.004655  0.242455
 1.412  0.004617  0.242224
 1.413  0.004578  0.242016
 1.414  0.004538  0.241638
 1.415  0.004500  0.241345
 1.416  0.004463  0.241051
 1.417  0.004425  0.240755
 1.418  0.004388  0.240457
 1.419  0.004351  0.240159
 1.420  0.004314  0.239863
 1.421  0.004277  0.239562
 1.422  0.004240  0.239254
 1.423  0.004203  0.238947
 1.424  0.004166  0.238609
 1.425  0.004127  0.238203
 1.426  0.004093  0.237981
 1.427  0.004059  0.237767
 1.428  0.004025  0.237586
 1.429  0.003993  0.237523
 1.430  0.003960  0.237307
 1.431  0.003925  0.236986
 1.432  0.003890  0.236667
 1.433  0.003856  0.236348
 1.434  0.003821  0.236015
 1.435  0.003787  0.235682
 1.436  0.003752  0.235299
 1.437  0.003717  0.234926
 1.438  0.003685  0.234668
 1.439  0.003653  0.234411
 1.440  0.003621  0.234162
 1.441  0.003589  0.233913
 1.442  0.003558  0.233679
 1.443  0.003526  0.233461
 1.444  0.003496  0.233266
 1.445  0.003466  0.233156
 1.446  0.003435  0.232963
 1.447  0.003403  0.232588
 1.448  0.003369  0.232138
 1.449  0.003339  0.231854
 1.450  0.003308  0.231568
 1.451  0.003278  0.231285
 1.452  0.003249  0.231007
 1.453  0.003219  0.230728
 1.454  0.003189  0.230453
 1.455  0.003160  0.230178
 1.456  0.003130  0.229916
 1.457  0.003101  0.229641
 1.458  0.003072  0.229388
 1.459  0.003043  0.229103
 1.460  0.003014  0.228894
 1.461  0.002989  0.228942
 1.462  0.002961  0.228638
 1.463  0.002933  0.228331
 1.464  0.002905  0.228023
 1.465  0.002877  0.227723
 1.466  0.002850  0.227424
 1.467  0.002822  0.227118
 1.468  0.002794  0.226817
 1.469  0.002767  0.226504
 1.470  0.002739  0.226193
 1.471  0.002712  0.225847
 1.472  0.002686  0.225623
 1.473  0.002660  0.225404
 1.474  0.002635  0.225220
 1.475  0.002610  0.225074
 1.476  0.002587  0.225117
 1.477  0.002562  0.224864
 1.478  0.002536  0.224539
 1.479  0.002510  0.224207
 1.480  0.002484  0.223873
 1.481  0.002459  0.223524
 1.482  0.002433  0.223151
 1.483  0.002408  0.222883
 1.484  0.002384  0.222620
 1.485  0.002360  0.222362
 1.486  0.002336  0.222119
 1.487  0.002312  0.221883
 1.488  0.002289  0.221667
 1.489  0.002266  0.221476
 1.490  0.002243  0.221341
 1.491  0.002222  0.221415
 1.492  0.002198  0.221048
 1.493  0.002174  0.220657
 1.494  0.002151  0.220352
 1.495  0.002128  0.220050
 1.496  0.002106  0.219763
 1.497  0.002083  0.219478
 1.498  0.002061  0.219196
 1.499  0.002038  0.218923
 1.500  0.002016  0.218656
 1.501  0.001995  0.218407
 1.502  0.001973  0.218164
 1.503  0.001951  0.217924
 1.504  0.001930  0.217755
 1.505  0.001911  0.217802
 1.506  0.001891  0.217655
 1.507  0.001870  0.217328
 1.508  0.001849  0.217010
 1.509  0.001827  0.216692
 1.510  0.001807  0.216380
 1.511  0.001786  0.216084
 1.512  0.001765  0.215786
 1.513  0.001745  0.215490
 1.514  0.001724  0.215169
 1.515  0.001705  0.214946
 1.516  0.001685  0.214739
 1.517  0.001666  0.214573
 1.518  0.001648  0.214468
 1.519  0.001631  0.214674
 1.520  0.001611  0.214328
 1.521  0.001592  0.213984
 1.522  0.001572  0.213647
 1.523  0.001553  0.213316
 1.524  0.001534  0.212975
 1.525  0.001515  0.212670
 1.526  0.001496  0.212394
 1.527  0.001478  0.212129
 1.528  0.001460  0.211882
 1.529  0.001442  0.211664
 1.530  0.001424  0.211478
 1.531  0.001407  0.211356
 1.532  0.001391  0.211372
 1.533  0.001374  0.211319
 1.534  0.001356  0.210956
 1.535  0.001338  0.210595
 1.536  0.001321  0.210273
 1.537  0.001304  0.209960
 1.538  0.001286  0.209655
 1.539  0.001269  0.209377
 1.540  0.001252  0.209100
 1.541  0.001236  0.208852
 1.542  0.001219  0.208627
 1.543  0.001203  0.208471
 1.544  0.001188  0.208384
 1.545  0.001174  0.208681
 1.546  0.001158  0.208307
 1.547  0.001141  0.207950
 1.548  0.001125  0.207594
 1.549  0.001109  0.207260
 1.550  0.001093  0.206942
 1.551  0.001077  0.206632
 1.552  0.001062  0.206359
 1.553  0.001046  0.206096
 1.554  0.001032  0.205893
 1.555  0.001017  0.205702
 1.556  0.001003  0.205612
 1.557  0.000989  0.205777
 1.558  0.000975  0.205640
 1.559  0.000960  0.205261
 1.560  0.000945  0.204891
 1.561  0.000930  0.204542
 1.562  0.000916  0.204228
 1.563  0.000901  0.203937
 1.564  0.000887  0.203677
 1.565  0.000873  0.203415
 1.566  0.000859  0.203184
 1.567  0.000846  0.203020
 1.568  0.000833  0.202996
 1.569  0.000822  0.203329
 1.570  0.000807  0.202911
 1.571  0.000794  0.202525
 1.572  0.000780  0.202182
 1.573  0.000767  0.201887
 1.574  0.000754  0.201548
 1.575  0.000741  0.201218
 1.576  0.000728  0.200943
 1.577  0.000715  0.200709
 1.578  0.000702  0.200554
 1.579  0.000691  0.200551
 1.580  0.000680  0.200966
 1.581  0.000668  0.200586
 1.582  0.000655  0.200197
 1.583  0.000642  0.199799
 1.584  0.000630  0.199416
 1.585  0.000618  0.199052
 1.586  0.000606  0.198742
 1.587  0.000594  0.198472
 1.588  0.000582  0.198292
 1.589  0.000571  0.198276
 1.590  0.000562  0.198671
 1.591  0.000551  0.198596
 1.592  0.000539  0.198093
 1.593  0.000527  0.197619
 1.594  0.000516  0.197226
 1.595  0.000504  0.196851
 1.596  0.000493  0.196555
 1.597  0.000483  0.196309
 1.598  0.000473  0.196351
 1.599  0.000463  0.196261
 1.600  0.000454  0.196904
 1.601  0.000443  0.196351
 1.602  0.000432  0.195841
 1.603  0.000421  0.195349
 1.604  0.000411  0.194968
 1.605  0.000401  0.194698
 1.606  0.000391  0.194625
 1.607  0.000381  0.194311
 1.608  0.000372  0.194218
 1.609  0.000363  0.194574
 1.610  0.000354  0.194450
 1.611  0.000344  0.193937
 1.612  0.000335  0.193454
 1.613  0.000325  0.193174
 1.614  0.000316  0.192965
 1.615  0.000307  0.192543
 1.616  0.000298  0.192296
 1.617  0.000290  0.192377
 1.618  0.000282  0.192997
 1.619  0.000273  0.192434
 1.620  0.000265  0.192084
 1.621  0.000256  0.191688
 1.622  0.000247  0.191151
 1.623  0.000239  0.190771
 1.624  0.000230  0.190501
 1.625  0.000223  0.190665
 1.626  0.000216  0.191375
 1.627  0.000208  0.191238
 1.628  0.000200  0.190416
 1.629  0.000192  0.189703
 1.630  0.000184  0.189169
 1.631  0.000177  0.188916
 1.632  0.000170  0.189085
 1.633  0.000165  0.190489
 1.634  0.000157  0.189796
 1.635  0.000149  0.188845
 1.636  0.000142  0.188035
 1.637  0.000135  0.187513
 1.638  0.000128  0.187469
 1.639  0.000123  0.188825
 1.640  0.000117  0.188825
 1.641  0.000110  0.187776
 1.642  0.000104  0.186759
 1.643  0.000098  0.186229
 1.644  0.000092  0.186377
 1.645  0.000087  0.187531
 1.646  0.000082  0.187354
 1.647  0.000076  0.186124
 1.648  0.000071  0.185135
 1.649  0.000065  0.185342
 1.650  0.000061  0.185998
 1.651  0.000057  0.186662
 1.652  0.000052  0.184784
 1.653  0.000048  0.184120
 1.654  0.000044  0.184758
 1.655  0.000041  0.186045
 1.656  0.000037  0.184603
 1.657  0.000033  0.183459
 1.658  0.000030  0.183644
 1.659  0.000029  0.186094
 1.660  0.000026  0.183324
 1.661  0.000024  0.183542
 1.662  0.000023  0.182173
 1.663  0.000024  0.183190
 1.664  0.000023  0.181552
 1.665  0.000025  0.185565
 1.666  0.000028  0.183625
 1.667  0.000035  0.186415
 1.668  0.000039  0.173636
 1.669  0.000058  0.152963
 1.670  0.000000  0.000000
