0.000    0.001043    0.000000
0.150    0.001183    0.002327
0.300    0.001376    0.003680
0.440    0.001640    0.004779
0.590    0.001483    0.005521
0.740    0.001082    0.005952
0.890    0.000672    0.006175
1.040    0.000587    0.006341
1.180    0.000470    0.006459
1.330    0.000408    0.006549
1.480    0.000427    0.006634
1.630    0.000450    0.006716
1.770    0.000475    0.006795
1.920    0.000504    0.006872
2.070    0.000536    0.006949
2.220    0.000581    0.007026
2.370    0.000703    0.007113
2.510    0.000793    0.007206
2.660    0.000853    0.007301
2.810    0.000925    0.007398
2.960    0.001013    0.007499
3.110    0.001118    0.007605
3.250    0.001247    0.007718
3.400    0.001429    0.007842
3.550    0.001684    0.007982
3.700    0.002075    0.008148
3.840    0.002708    0.008356
3.990    0.004323    0.008675
4.140    0.007474    0.009208
4.290    0.023916    0.010853
4.440    0.036677    0.013289
4.580    0.024996    0.014899
4.730    0.034839    0.017072
4.880    0.023286    0.018480
5.030    0.052542    0.021561
5.180    0.043732    0.024052
5.320    0.026743    0.025535
5.470    0.039390    0.027659
5.620    0.055833    0.030590
5.770    0.048591    0.033074
5.910    0.043836    0.035262
6.060    0.041313    0.037273
6.210    0.063987    0.040313
6.360    0.057605    0.042985
6.510    0.048344    0.045176
6.650    0.037456    0.046837
6.800    0.076795    0.050169
6.950    0.058733    0.052662
7.100    0.052432    0.054840
7.250    0.064500    0.057465
7.390    0.077668    0.060565
7.540    0.106048    0.064714
7.690    0.074234    0.067562
7.840    0.075539    0.070404
7.980    0.128042    0.075138
8.130    0.112272    0.079211
8.280    0.106250    0.082997
8.430    0.095083    0.086324
8.580    0.162270    0.091904
8.720    0.125441    0.096147
8.870    0.104162    0.099611
9.020    0.071518    0.101950
9.170    0.070301    0.104212
9.320    0.061651    0.106163
9.460    0.027770    0.107029
9.610    0.021059    0.107676
9.760    0.014668    0.108119
9.910    0.008467    0.108371
10.060    0.005570    0.108535
10.200    0.004049    0.108652
10.350    0.003281    0.108745
10.500    0.002758    0.108823
10.650    0.002458    0.108891
10.790    0.002265    0.108953
10.940    0.002121    0.109010
11.090    0.002020    0.109064
11.240    0.001949    0.109115
11.390    0.001902    0.109164
11.530    0.001876    0.109212
11.680    0.001865    0.109259
11.830    0.001875    0.109306
11.980    0.001897    0.109353
12.130    0.001946    0.109400
12.270    0.002045    0.109449
12.420    0.002094    0.109499
12.570    0.002334    0.109554
12.720    0.002428    0.109610
12.860    0.002702    0.109672
13.010    0.003069    0.109741
13.160    0.003217    0.109814
13.310    0.003736    0.109896
13.460    0.003909    0.109982
13.600    0.004346    0.110076
13.750    0.004695    0.110177
13.900    0.004999    0.110283
14.050    0.005400    0.110397
14.200    0.005688    0.110515
14.340    0.006148    0.110641
14.490    0.006564    0.110775
14.640    0.007014    0.110916
14.790    0.007546    0.111067
14.930    0.008121    0.111227
15.080    0.008863    0.111401
15.230    0.009725    0.111589
15.380    0.010992    0.111800
15.530    0.012272    0.112033
15.670    0.013928    0.112295
15.820    0.016529    0.112603
15.970    0.019708    0.112967
16.120    0.025049    0.113426
16.270    0.033798    0.114039
16.410    0.051734    0.114969
16.560    0.093260    0.116630
16.710    0.162580    0.119500
16.860    0.224261    0.123424
17.010    0.283180    0.128335
17.150    0.403450    0.135275
17.300    0.686283    0.146978
17.450    1.763338    0.176788
17.600    2.602926    0.220416
17.740    1.525976    0.245792
17.890    0.681991    0.257038
18.040    0.334125    0.262501
18.190    0.175442    0.265347
18.340    0.105780    0.267048
18.480    0.078284    0.268298
18.630    0.068313    0.269379
18.780    0.057400    0.270281
18.930    0.051195    0.271079
19.080    0.040073    0.271698
19.220    0.036994    0.272266
19.370    0.031057    0.272739
19.520    0.031725    0.273219
19.670    0.014829    0.273441
19.810    0.010780    0.273602
19.960    0.009709    0.273745
20.110    0.007716    0.273858
20.260    0.006890    0.273959
20.410    0.006461    0.274052
20.550    0.006348    0.274143
20.700    0.006675    0.274238
20.850    0.008120    0.274353
21.000    0.013451    0.274542
21.150    0.025100    0.274892
21.290    0.036467    0.275398
21.440    0.063401    0.276270
21.590    0.086654    0.277454
21.740    0.072757    0.278441
21.880    0.049491    0.279108
22.030    0.034236    0.279567
22.180    0.024291    0.279890
22.330    0.017664    0.280123
22.480    0.013646    0.280302
22.620    0.011476    0.280452
22.770    0.009196    0.280571
22.920    0.010689    0.280709
23.070    0.007652    0.280807
23.220    0.010595    0.280941
23.360    0.008057    0.281043
23.510    0.006841    0.281129
23.660    0.008946    0.281240
23.810    0.010914    0.281376
23.950    0.004401    0.281430
24.100    0.004162    0.281481
24.250    0.010334    0.281606
24.400    0.007578    0.281698
24.550    0.008088    0.281795
24.690    0.003165    0.281833
24.840    0.002149    0.281859
24.990    0.002148    0.281884
25.140    0.003435    0.281924
25.290    0.012053    0.282065
25.430    0.004374    0.282116
25.580    0.001949    0.282138
25.730    0.001449    0.282155
25.880    0.001367    0.282170
26.030    0.001999    0.282193
26.170    0.002531    0.282221
26.320    0.001211    0.282235
26.470    0.000977    0.282246
26.620    0.000890    0.282256
26.760    0.000842    0.282265
26.910    0.000806    0.282274
27.060    0.000778    0.282282
27.210    0.000755    0.282291
27.360    0.000736    0.282298
27.500    0.000720    0.282306
27.650    0.000705    0.282314
27.800    0.000691    0.282321
27.950    0.000679    0.282328
28.100    0.000669    0.282335
28.240    0.000660    0.282342
28.390    0.000651    0.282349
28.540    0.000644    0.282356
28.690    0.000637    0.282362
28.830    0.000631    0.282369
28.980    0.000626    0.282375
29.130    0.000621    0.282381
29.280    0.000617    0.282387
29.430    0.000614    0.282394
29.570    0.000611    0.282400
29.720    0.000609    0.282406
29.870    0.000608    0.282412
30.020    0.000607    0.282418
30.170    0.000606    0.282424
30.310    0.000607    0.282429
30.460    0.000607    0.282435
30.610    0.000608    0.282441
30.760    0.000610    0.282447
30.900    0.000612    0.282453
31.050    0.000615    0.282459
31.200    0.000618    0.282465
31.350    0.000622    0.282470
31.500    0.000627    0.282476
31.640    0.000631    0.282482
31.790    0.000637    0.282488
31.940    0.000643    0.282494
32.090    0.000650    0.282500
32.240    0.000657    0.282506
32.380    0.000665    0.282512
32.530    0.000674    0.282518
32.680    0.000683    0.282524
32.830    0.000693    0.282531
32.970    0.000704    0.282537
33.120    0.000715    0.282543
33.270    0.000728    0.282550
33.420    0.000742    0.282556
33.570    0.000756    0.282563
33.710    0.000770    0.282570
33.860    0.000787    0.282577
34.010    0.000805    0.282584
34.160    0.000824    0.282591
34.310    0.000844    0.282598
34.450    0.000864    0.282605
34.600    0.000887    0.282613
34.750    0.000912    0.282621
34.900    0.000938    0.282629
35.050    0.000967    0.282637
35.190    0.000996    0.282645
35.340    0.001028    0.282654
35.490    0.001064    0.282662
35.640    0.001102    0.282672
35.780    0.001141    0.282681
35.930    0.001186    0.282691
36.080    0.001234    0.282701
36.230    0.001288    0.282711
36.380    0.001346    0.282722
36.520    0.001406    0.282734
36.670    0.001476    0.282745
36.820    0.001555    0.282758
36.970    0.001642    0.282771
37.120    0.001740    0.282785
37.260    0.001843    0.282799
37.410    0.001969    0.282815
37.560    0.002114    0.282832
37.710    0.002284    0.282849
37.850    0.002470    0.282869
38.000    0.002707    0.282890
38.150    0.002998    0.282913
38.300    0.003363    0.282939
38.450    0.003833    0.282968
38.590    0.004413    0.283002
38.740    0.005269    0.283042
38.890    0.006532    0.283092
39.040    0.008546    0.283156
39.190    0.012136    0.283248
39.330    0.019024    0.283390
39.480    0.039714    0.283687
39.630    0.133405    0.284680
39.780    0.292339    0.286848
39.920    0.275253    0.288882
40.070    0.160015    0.290060
40.220    0.045962    0.290397
40.370    0.022087    0.290559
40.520    0.014887    0.290667
40.660    0.012285    0.290756
40.810    0.011697    0.290841
40.960    0.014369    0.290944
41.110    0.022747    0.291107
41.260    0.033066    0.291344
41.400    0.037623    0.291612
41.550    0.034418    0.291856
41.700    0.033681    0.292094
41.850    0.037493    0.292359
41.990    0.037568    0.292623
42.140    0.030987    0.292840
42.290    0.027895    0.293034
42.440    0.035162    0.293279
42.590    0.058546    0.293684
42.730    0.152824    0.294739
42.880    0.322764    0.296960
43.030    0.199330    0.298326
43.180    0.147712    0.299335
43.330    0.265238    0.301141
43.470    0.842694    0.306860
43.620    1.480230    0.316871
43.770    1.155366    0.324658
43.920    0.899103    0.330697
44.070    0.734526    0.335614
44.210    0.636813    0.339863
44.360    0.550470    0.343523
44.510    0.512089    0.346917
44.660    0.540315    0.350486
44.800    0.411293    0.353195
44.950    0.417548    0.355935
45.100    0.356853    0.358269
45.250    0.641838    0.362454
45.400    0.690859    0.366943
45.540    0.338382    0.369135
45.690    0.280875    0.370948
45.840    0.291074    0.372821
45.990    0.135229    0.373689
46.140    0.219594    0.375093
46.280    0.260406    0.376753
46.430    0.344071    0.378939
46.580    0.667908    0.383169
46.730    0.329222    0.385247
46.870    0.118688    0.385994
47.020    0.059428    0.386367
47.170    0.045437    0.386651
47.320    0.035982    0.386875
47.470    0.030692    0.387066
47.610    0.030805    0.387257
47.760    0.054894    0.387596
47.910    0.072860    0.388045
48.060    0.020300    0.388169
48.210    0.011314    0.388239
48.350    0.008354    0.388289
48.500    0.006700    0.388330
48.650    0.005665    0.388365
48.800    0.004934    0.388394
48.940    0.004412    0.388421
49.090    0.003965    0.388445
49.240    0.003598    0.388466
49.390    0.003290    0.388486
49.540    0.003027    0.388504
49.680    0.002814    0.388521
49.830    0.002613    0.388536
49.980    0.002436    0.388551
50.130    0.002279    0.388564
50.280    0.002138    0.388577
50.420    0.002019    0.388588
50.570    0.001903    0.388599
50.720    0.001798    0.388610
50.870    0.001702    0.388620
51.020    0.001614    0.388629
51.160    0.001539    0.388638
51.310    0.001464    0.388646
51.460    0.001395    0.388654
51.610    0.001331    0.388662
51.750    0.001276    0.388669
51.900    0.001221    0.388676
52.050    0.001169    0.388683
52.200    0.001121    0.388689
52.350    0.001076    0.388695
52.490    0.001036    0.388701
52.640    0.000996    0.388707
52.790    0.000959    0.388712
52.940    0.000923    0.388717
53.090    0.000890    0.388722
53.230    0.000861    0.388727
53.380    0.000831    0.388732
53.530    0.000803    0.388736
53.680    0.000776    0.388740
53.820    0.000753    0.388744
53.970    0.000728    0.388748
54.120    0.000705    0.388752
54.270    0.000684    0.388756
54.420    0.000663    0.388759
54.560    0.000644    0.388763
54.710    0.000626    0.388766
54.860    0.000607    0.388770
55.010    0.000590    0.388773
55.160    0.000574    0.388776
55.300    0.000559    0.388779
55.450    0.000544    0.388782
55.600    0.000529    0.388785
55.750    0.000515    0.388787
55.890    0.000503    0.388790
56.040    0.000490    0.388792
56.190    0.000478    0.388795
56.340    0.000466    0.388797
56.490    0.000455    0.388800
56.630    0.000444    0.388802
56.780    0.000434    0.388804
56.930    0.000424    0.388807
57.080    0.000414    0.388809
57.230    0.000404    0.388811
57.370    0.000396    0.388813
57.520    0.000387    0.388815
57.670    0.000378    0.388817
57.820    0.000370    0.388819
57.960    0.000363    0.388820
58.110    0.000355    0.388822
58.260    0.000348    0.388824
58.410    0.000340    0.388826
58.560    0.000333    0.388827
58.700    0.000327    0.388829
58.850    0.000321    0.388831
59.000    0.000314    0.388832
