0.000    0.000389    0.000000
0.150    0.000402    0.000792
0.300    0.000416    0.001201
0.440    0.000430    0.001490
0.590    0.000446    0.001713
0.740    0.000463    0.001898
0.890    0.000482    0.002057
1.040    0.000502    0.002200
1.180    0.000523    0.002330
1.330    0.000546    0.002452
1.480    0.000573    0.002566
1.630    0.000601    0.002675
1.770    0.000631    0.002780
1.920    0.000667    0.002882
2.070    0.000707    0.002983
2.220    0.000753    0.003083
2.370    0.000805    0.003183
2.510    0.000862    0.003284
2.660    0.000933    0.003388
2.810    0.001019    0.003495
2.960    0.001124    0.003607
3.110    0.001257    0.003726
3.250    0.001418    0.003855
3.400    0.001652    0.003998
3.550    0.001997    0.004164
3.700    0.002561    0.004368
3.840    0.003562    0.004642
3.990    0.006421    0.005117
4.140    0.016539    0.006295
4.290    0.041122    0.009123
4.440    0.029339    0.011072
4.580    0.030673    0.013048
4.730    0.024506    0.014576
4.880    0.048569    0.017512
5.030    0.041066    0.019921
5.180    0.029561    0.021604
5.320    0.040854    0.023870
5.470    0.049814    0.026556
5.620    0.057627    0.029581
5.770    0.045833    0.031924
5.910    0.037418    0.033792
6.060    0.066204    0.037015
6.210    0.056595    0.039703
6.360    0.051319    0.042084
6.510    0.041618    0.043970
6.650    0.063339    0.046780
6.800    0.068865    0.049767
6.950    0.057843    0.052222
7.100    0.061752    0.054788
7.250    0.070956    0.057675
7.390    0.106761    0.061937
7.540    0.071287    0.064726
7.690    0.070746    0.067440
7.840    0.123278    0.072079
7.980    0.119200    0.076485
8.130    0.125430    0.081036
8.280    0.103096    0.084710
8.430    0.137945    0.089537
8.580    0.140056    0.094352
8.720    0.102345    0.097815
8.870    0.074412    0.100289
9.020    0.068216    0.102520
9.170    0.067348    0.104687
9.320    0.030464    0.105651
9.460    0.023275    0.106377
9.610    0.016225    0.106875
9.760    0.009715    0.107169
9.910    0.006709    0.107368
10.060    0.004648    0.107505
10.200    0.003879    0.107617
10.350    0.003324    0.107712
10.500    0.003018    0.107796
10.650    0.002830    0.107875
10.790    0.002722    0.107949
10.940    0.002655    0.108021
11.090    0.002625    0.108091
11.240    0.002626    0.108160
11.390    0.002654    0.108228
11.530    0.002703    0.108297
11.680    0.002780    0.108368
11.830    0.002888    0.108440
11.980    0.003016    0.108514
12.130    0.003197    0.108592
12.270    0.003414    0.108674
12.420    0.003647    0.108760
12.570    0.004074    0.108856
12.720    0.004374    0.108958
12.860    0.004943    0.109071
13.010    0.005530    0.109196
13.160    0.006147    0.109334
13.310    0.007022    0.109490
13.460    0.007769    0.109660
13.600    0.008772    0.109850
13.750    0.009901    0.110063
13.900    0.011243    0.110301
14.050    0.012922    0.110573
14.200    0.015017    0.110885
14.340    0.017654    0.111248
14.490    0.021459    0.111685
14.640    0.027092    0.112231
14.790    0.036081    0.112950
14.930    0.050568    0.113949
15.080    0.083288    0.115579
15.230    0.187474    0.119210
15.380    0.535448    0.129480
15.530    1.001318    0.148501
15.670    1.195315    0.171004
15.820    1.098050    0.191479
15.970    0.836035    0.206923
16.120    0.567578    0.217309
16.270    0.353055    0.223711
16.410    0.295615    0.229025
16.560    0.335263    0.234997
16.710    0.406079    0.242166
16.860    0.688192    0.254208
17.010    0.901044    0.269834
17.150    0.963026    0.286399
17.300    0.352938    0.292418
17.450    0.154604    0.295031
17.600    0.106745    0.296821
17.740    0.065402    0.297908
17.890    0.042326    0.298606
18.040    0.030479    0.299105
18.190    0.023462    0.299485
18.340    0.018151    0.299777
18.480    0.014155    0.300003
18.630    0.011040    0.300178
18.780    0.009027    0.300320
18.930    0.007742    0.300440
19.080    0.006850    0.300546
19.220    0.006225    0.300642
19.370    0.005715    0.300729
19.520    0.005342    0.300809
19.670    0.005095    0.300886
19.810    0.004986    0.300960
19.960    0.005026    0.301034
20.110    0.005305    0.301112
20.260    0.006031    0.301200
20.410    0.007914    0.301314
20.550    0.012602    0.301495
20.700    0.024903    0.301850
20.850    0.045584    0.302495
21.000    0.078039    0.303591
21.150    0.133045    0.305447
21.290    0.141516    0.307408
21.440    0.085510    0.308585
21.590    0.022532    0.308892
21.740    0.010706    0.309038
21.880    0.006859    0.309130
22.030    0.004883    0.309196
22.180    0.003785    0.309246
22.330    0.003099    0.309287
22.480    0.002636    0.309321
22.620    0.002322    0.309352
22.770    0.002067    0.309379
22.920    0.001869    0.309403
23.070    0.001710    0.309424
23.220    0.001580    0.309445
23.360    0.001479    0.309463
23.510    0.001386    0.309481
23.660    0.001306    0.309497
23.810    0.001236    0.309512
23.950    0.001179    0.309527
24.100    0.001124    0.309540
24.250    0.001075    0.309554
24.400    0.001032    0.309566
24.550    0.000992    0.309578
24.690    0.000959    0.309589
24.840    0.000926    0.309600
24.990    0.000897    0.309611
25.140    0.000869    0.309621
25.290    0.000844    0.309631
25.430    0.000823    0.309641
25.580    0.000801    0.309650
25.730    0.000782    0.309659
25.880    0.000764    0.309667
26.030    0.000747    0.309676
26.170    0.000733    0.309684
26.320    0.000718    0.309692
26.470    0.000705    0.309700
26.620    0.000693    0.309708
26.760    0.000682    0.309715
26.910    0.000672    0.309723
27.060    0.000662    0.309730
27.210    0.000653    0.309737
27.360    0.000645    0.309744
27.500    0.000638    0.309751
27.650    0.000632    0.309758
27.800    0.000626    0.309764
27.950    0.000620    0.309771
28.100    0.000615    0.309777
28.240    0.000611    0.309784
28.390    0.000607    0.309790
28.540    0.000604    0.309796
28.690    0.000602    0.309802
28.830    0.000600    0.309808
28.980    0.000598    0.309815
29.130    0.000597    0.309821
29.280    0.000596    0.309827
29.430    0.000596    0.309833
29.570    0.000596    0.309838
29.720    0.000597    0.309844
29.870    0.000598    0.309850
30.020    0.000600    0.309856
30.170    0.000602    0.309862
30.310    0.000604    0.309868
30.460    0.000607    0.309874
30.610    0.000611    0.309880
30.760    0.000615    0.309886
30.900    0.000620    0.309892
31.050    0.000625    0.309897
31.200    0.000630    0.309903
31.350    0.000637    0.309909
31.500    0.000643    0.309915
31.640    0.000650    0.309922
31.790    0.000658    0.309928
31.940    0.000667    0.309934
32.090    0.000676    0.309940
32.240    0.000686    0.309946
32.380    0.000696    0.309953
32.530    0.000707    0.309959
32.680    0.000719    0.309966
32.830    0.000732    0.309972
32.970    0.000745    0.309979
33.120    0.000760    0.309986
33.270    0.000776    0.309992
33.420    0.000792    0.309999
33.570    0.000810    0.310007
33.710    0.000828    0.310014
33.860    0.000848    0.310021
34.010    0.000870    0.310029
34.160    0.000893    0.310036
34.310    0.000917    0.310044
34.450    0.000942    0.310052
34.600    0.000970    0.310061
34.750    0.001000    0.310069
34.900    0.001032    0.310078
35.050    0.001066    0.310087
35.190    0.001101    0.310096
35.340    0.001140    0.310106
35.490    0.001183    0.310115
35.640    0.001230    0.310126
35.780    0.001277    0.310136
35.930    0.001331    0.310147
36.080    0.001390    0.310158
36.230    0.001456    0.310170
36.380    0.001527    0.310183
36.520    0.001600    0.310196
36.670    0.001687    0.310209
36.820    0.001785    0.310223
36.970    0.001894    0.310239
37.120    0.002017    0.310255
37.260    0.002148    0.310272
37.410    0.002309    0.310290
37.560    0.002497    0.310309
37.710    0.002720    0.310331
37.850    0.002968    0.310354
38.000    0.003294    0.310379
38.150    0.003704    0.310408
38.300    0.004237    0.310441
38.450    0.004959    0.310479
38.590    0.005908    0.310524
38.740    0.007438    0.310580
38.890    0.010011    0.310656
39.040    0.015036    0.310770
39.190    0.027767    0.310979
39.330    0.074673    0.311539
39.480    0.229157    0.313251
39.630    0.197667    0.314723
39.780    0.203193    0.316230
39.920    0.182825    0.317581
40.070    0.060333    0.318025
40.220    0.024920    0.318208
40.370    0.016281    0.318327
40.520    0.013379    0.318424
40.660    0.012873    0.318517
40.810    0.014925    0.318625
40.960    0.025551    0.318809
41.110    0.043088    0.319119
41.260    0.054081    0.319505
41.400    0.035846    0.319761
41.550    0.030702    0.319979
41.700    0.033624    0.320217
41.850    0.036207    0.320472
41.990    0.034913    0.320717
42.140    0.036416    0.320972
42.290    0.048245    0.321308
42.440    0.090146    0.321935
42.590    0.253376    0.323690
42.730    0.302720    0.325780
42.880    0.215076    0.327260
43.030    0.254499    0.329004
43.180    0.713451    0.333879
43.330    1.978108    0.347346
43.470    1.661431    0.358621
43.620    1.341099    0.367691
43.770    1.252766    0.376134
43.920    1.394959    0.385504
44.070    1.185127    0.393437
44.210    0.340669    0.395710
44.360    0.174719    0.396872
44.510    0.170029    0.397999
44.660    0.245818    0.399623
44.800    0.481887    0.402796
44.950    0.474106    0.405907
45.100    0.239574    0.407474
45.250    0.105147    0.408160
45.400    0.061125    0.408557
45.540    0.065542    0.408982
45.690    0.093360    0.409584
45.840    0.129231    0.410416
45.990    0.154382    0.411406
46.140    0.184279    0.412584
46.280    0.216865    0.413967
46.430    0.266241    0.415658
46.580    0.262189    0.417319
46.730    0.100212    0.417951
46.870    0.044947    0.418234
47.020    0.036942    0.418466
47.170    0.030590    0.418657
47.320    0.024389    0.418810
47.470    0.017583    0.418919
47.610    0.010607    0.418985
47.760    0.007514    0.419031
47.910    0.006170    0.419069
48.060    0.005310    0.419102
48.210    0.004680    0.419130
48.350    0.004217    0.419156
48.500    0.003812    0.419179
48.650    0.003475    0.419200
48.800    0.003189    0.419219
48.940    0.002958    0.419237
49.090    0.002742    0.419254
49.240    0.002552    0.419269
49.390    0.002384    0.419283
49.540    0.002234    0.419297
49.680    0.002108    0.419309
49.830    0.001985    0.419321
49.980    0.001874    0.419332
50.130    0.001773    0.419342
50.280    0.001680    0.419352
50.420    0.001601    0.419362
50.570    0.001523    0.419370
50.720    0.001450    0.419379
50.870    0.001383    0.419387
51.020    0.001321    0.419395
51.160    0.001267    0.419402
51.310    0.001213    0.419409
51.460    0.001163    0.419415
51.610    0.001116    0.419422
51.750    0.001074    0.419428
51.900    0.001033    0.419434
52.050    0.000994    0.419439
52.200    0.000957    0.419445
52.350    0.000922    0.419450
52.490    0.000891    0.419455
52.640    0.000860    0.419460
52.790    0.000831    0.419465
52.940    0.000803    0.419469
53.090    0.000777    0.419473
53.230    0.000754    0.419478
53.380    0.000730    0.419482
53.530    0.000707    0.419485
53.680    0.000686    0.419489
53.820    0.000666    0.419493
53.970    0.000647    0.419496
54.120    0.000628    0.419500
54.270    0.000610    0.419503
54.420    0.000593    0.419506
54.560    0.000578    0.419509
54.710    0.000562    0.419512
54.860    0.000547    0.419515
55.010    0.000532    0.419518
55.160    0.000519    0.419521
55.300    0.000506    0.419524
55.450    0.000493    0.419526
55.600    0.000481    0.419529
55.750    0.000469    0.419531
55.890    0.000459    0.419534
56.040    0.000448    0.419536
56.190    0.000437    0.419538
56.340    0.000427    0.419541
56.490    0.000417    0.419543
56.630    0.000408    0.419545
56.780    0.000399    0.419547
56.930    0.000390    0.419549
57.080    0.000382    0.419551
57.230    0.000374    0.419553
57.370    0.000366    0.419555
57.520    0.000358    0.419557
57.670    0.000351    0.419559
57.820    0.000344    0.419560
57.960    0.000337    0.419562
58.110    0.000330    0.419564
58.260    0.000324    0.419565
58.410    0.000318    0.419567
58.560    0.000311    0.419569
58.700    0.000306    0.419570
58.850    0.000300    0.419572
59.000    0.000294    0.419573
