0.000    0.000001    0.000000
0.150    0.000041    0.000081
0.300    0.000082    0.000162
0.440    0.000124    0.000245
0.590    0.000164    0.000327
0.740    0.000202    0.000408
0.890    0.000239    0.000487
1.040    0.000275    0.000565
1.180    0.000309    0.000642
1.330    0.000345    0.000719
1.480    0.000386    0.000796
1.630    0.000428    0.000873
1.770    0.000471    0.000951
1.920    0.000515    0.001031
2.070    0.000561    0.001110
2.220    0.000651    0.001197
2.370    0.001060    0.001329
2.510    0.001218    0.001472
2.660    0.001306    0.001617
2.810    0.001399    0.001764
2.960    0.001499    0.001913
3.110    0.001601    0.002065
3.250    0.001716    0.002221
3.400    0.001849    0.002381
3.550    0.002005    0.002548
3.700    0.002201    0.002723
3.840    0.002463    0.002913
3.990    0.002971    0.003132
4.140    0.004089    0.003424
4.290    0.019359    0.004755
4.440    0.025357    0.006440
4.580    0.014059    0.007345
4.730    0.062615    0.011250
4.880    0.011507    0.011946
5.030    0.089303    0.017183
5.180    0.059607    0.020578
5.320    0.014476    0.021381
5.470    0.032676    0.023143
5.620    0.067257    0.026673
5.770    0.047669    0.029111
5.910    0.059688    0.032090
6.060    0.025318    0.033322
6.210    0.076757    0.036969
6.360    0.073339    0.040370
6.510    0.038103    0.042097
6.650    0.027832    0.043332
6.800    0.102068    0.047760
6.950    0.047281    0.049767
7.100    0.044462    0.051614
7.250    0.074835    0.054659
7.390    0.081957    0.057931
7.540    0.143116    0.063530
7.690    0.080927    0.066634
7.840    0.069184    0.069238
7.980    0.138185    0.074346
8.130    0.099732    0.077965
8.280    0.101266    0.081573
8.430    0.091280    0.084767
8.580    0.189274    0.091275
8.720    0.135249    0.095850
8.870    0.116650    0.099730
9.020    0.071275    0.102061
9.170    0.077133    0.104542
9.320    0.070267    0.106766
9.460    0.028291    0.107648
9.610    0.026126    0.108450
9.760    0.020320    0.109065
9.910    0.013628    0.109470
10.060    0.011381    0.109804
10.200    0.010415    0.110105
10.350    0.010148    0.110394
10.500    0.010077    0.110678
10.650    0.010229    0.110961
10.790    0.010461    0.111247
10.940    0.010770    0.111537
11.090    0.011134    0.111834
11.240    0.011547    0.112137
11.390    0.012007    0.112448
11.530    0.012489    0.112767
11.680    0.013037    0.113096
11.830    0.013642    0.113437
11.980    0.014292    0.113789
12.130    0.015010    0.114154
12.270    0.015873    0.114535
12.420    0.016583    0.114929
12.570    0.017766    0.115346
12.720    0.018580    0.115777
12.860    0.019905    0.116234
13.010    0.021586    0.116723
13.160    0.022552    0.117229
13.310    0.024563    0.117773
13.460    0.025792    0.118338
13.600    0.027858    0.118942
13.750    0.030114    0.119589
13.900    0.031910    0.120266
14.050    0.034388    0.120988
14.200    0.036705    0.121750
14.340    0.039598    0.122565
14.490    0.042525    0.123431
14.640    0.046174    0.124361
14.790    0.050081    0.125360
14.930    0.054208    0.126431
15.080    0.059303    0.127591
15.230    0.064948    0.128849
15.380    0.071805    0.130227
15.530    0.079540    0.131737
15.670    0.088130    0.133397
15.820    0.099691    0.135256
15.970    0.112372    0.137331
16.120    0.130111    0.139712
16.270    0.152415    0.142476
16.410    0.183074    0.145767
16.560    0.225306    0.149781
16.710    0.271158    0.154568
16.860    0.315096    0.160081
17.010    0.356193    0.166258
17.150    0.390038    0.172967
17.300    0.417735    0.180091
17.450    0.435062    0.187445
17.600    0.434512    0.194728
17.740    0.410381    0.201553
17.890    0.365719    0.207583
18.040    0.316383    0.212757
18.190    0.272060    0.217169
18.340    0.235235    0.220953
18.480    0.207033    0.224258
18.630    0.182127    0.227142
18.780    0.161435    0.229678
18.930    0.144025    0.231922
19.080    0.129254    0.233920
19.220    0.117454    0.235723
19.370    0.106543    0.237346
19.520    0.097069    0.238813
19.670    0.088704    0.240143
19.810    0.081678    0.241359
19.960    0.074809    0.242465
20.110    0.068679    0.243473
20.260    0.063294    0.244394
20.410    0.058932    0.245246
20.550    0.055938    0.246049
20.700    0.053839    0.246816
20.850    0.052952    0.247565
21.000    0.053380    0.248315
21.150    11.967463    0.415237
21.290    0.057225    0.416030
21.440    0.059186    0.416845
21.590    0.059040    0.417651
21.740    0.056009    0.418411
21.880    0.051435    0.419105
22.030    0.046047    0.419721
22.180    0.041035    0.420267
22.330    0.036714    0.420752
22.480    0.033096    0.421187
22.620    0.030278    0.421581
22.770    0.027737    0.421941
22.920    0.025601    0.422270
23.070    0.023789    0.422574
23.220    0.022236    0.422857
23.360    0.020982    0.423122
23.510    0.019797    0.423370
23.660    0.018755    0.423604
23.810    0.017830    0.423825
23.950    0.017062    0.424035
24.100    0.016315    0.424235
24.250    0.015640    0.424425
24.400    0.015029    0.424607
24.550    0.014473    0.424781
24.690    0.014002    0.424948
24.840    0.013534    0.425109
24.990    0.013106    0.425264
25.140    0.012713    0.425413
25.290    0.012352    0.425557
25.430    0.012048    0.425697
25.580    0.011748    0.425832
25.730    0.011481    0.425964
25.880    0.011245    0.426092
26.030    0.011037    0.426217
26.170    0.010863    0.426339
26.320    0.010677    0.426459
26.470    0.010461    0.426576
26.620    0.010147    0.426688
26.760    0.009763    0.426796
26.910    0.009333    0.426898
27.060    0.008946    0.426996
27.210    0.008611    0.427089
27.360    0.008322    0.427179
27.500    0.008089    0.427265
27.650    0.007866    0.427349
27.800    0.007669    0.427431
27.950    0.007495    0.427510
28.100    0.007339    0.427587
28.240    0.007210    0.427662
28.390    0.007084    0.427736
28.540    0.006971    0.427808
28.690    0.006869    0.427879
28.830    0.006785    0.427948
28.980    0.006703    0.428016
29.130    0.006629    0.428083
29.280    0.006564    0.428149
29.430    0.006507    0.428215
29.570    0.006462    0.428279
29.720    0.006418    0.428343
29.870    0.006381    0.428406
30.020    0.006351    0.428468
30.170    0.006326    0.428530
30.310    0.006311    0.428592
30.460    0.006298    0.428653
30.610    0.006291    0.428713
30.760    0.006289    0.428773
30.900    0.006295    0.428834
31.050    0.006304    0.428893
31.200    0.006318    0.428953
31.350    0.006338    0.429013
31.500    0.006363    0.429072
31.640    0.006393    0.429132
31.790    0.006429    0.429192
31.940    0.006470    0.429251
32.090    0.006517    0.429311
32.240    0.006569    0.429371
32.380    0.006625    0.429432
32.530    0.006689    0.429492
32.680    0.006759    0.429554
32.830    0.006835    0.429615
32.970    0.006913    0.429677
33.120    0.007002    0.429739
33.270    0.007097    0.429802
33.420    0.007200    0.429866
33.570    0.007310    0.429930
33.710    0.007421    0.429995
33.860    0.007547    0.430061
34.010    0.007681    0.430127
34.160    0.007823    0.430195
34.310    0.007976    0.430263
34.450    0.008129    0.430333
34.600    0.008301    0.430404
34.750    0.008484    0.430476
34.900    0.008679    0.430549
35.050    0.008887    0.430624
35.190    0.009096    0.430700
35.340    0.009331    0.430778
35.490    0.009582    0.430858
35.640    0.009850    0.430939
35.780    0.010119    0.431023
35.930    0.010425    0.431108
36.080    0.010753    0.431196
36.230    0.011104    0.431287
36.380    0.011483    0.431380
36.520    0.011865    0.431476
36.670    0.012304    0.431574
36.820    0.012780    0.431677
36.970    0.013297    0.431783
37.120    0.013863    0.431893
37.260    0.014444    0.432008
37.410    0.015125    0.432127
37.560    0.015882    0.432252
37.710    0.016729    0.432382
37.850    0.017622    0.432520
38.000    0.018708    0.432665
38.150    0.019966    0.432819
38.300    0.021448    0.432985
38.450    0.023232    0.433163
38.590    0.025279    0.433356
38.740    0.028049    0.433570
38.890    0.031725    0.433810
39.040    0.036857    0.434089
39.190    0.044468    0.434424
39.330    0.055556    0.434840
39.480    0.075247    0.435402
39.630    0.108447    0.436210
39.780    0.154639    0.437357
39.920    0.189026    0.438753
40.070    0.186092    0.440123
40.220    0.134621    0.441111
40.370    0.089538    0.441765
40.520    0.071081    0.442283
40.660    0.064176    0.442748
40.810    0.062374    0.443199
40.960    0.065345    0.443670
41.110    0.072086    0.444187
41.260    0.077836    0.444743
41.400    0.082951    0.445335
41.550    0.089393    0.445969
41.700    0.097075    0.446656
41.850    0.106160    0.447404
41.990    0.115712    0.448217
42.140    0.127650    0.449111
42.290    0.144000    0.450115
42.440    0.167165    0.451277
42.590    0.198894    0.452655
42.730    0.237322    0.454293
42.880    0.283446    0.456243
43.030    0.325628    0.458476
43.180    0.364013    0.460963
43.330    0.406015    0.463727
43.470    0.445084    0.466747
43.620    0.472376    0.469942
43.770    0.474270    0.473139
43.920    0.454424    0.476191
44.070    0.424635    0.479033
44.210    0.396846    0.481681
44.360    0.370096    0.484142
44.510    0.363474    0.486551
44.660    0.379242    0.489057
44.800    0.341172    0.491303
44.950    0.304208    0.493300
45.100    0.276529    0.495108
45.250    0.254250    0.496766
45.400    0.244834    0.498357
45.540    0.240352    0.499914
45.690    0.239093    0.501457
45.840    0.239148    0.502996
45.990    0.239276    0.504531
46.140    0.247903    0.506116
46.280    0.268187    0.507826
46.430    0.298911    0.509725
46.580    0.298039    0.511612
46.730    0.279174    0.513375
46.870    0.238570    0.514876
47.020    0.194996    0.516100
47.170    0.165749    0.517136
47.320    0.147201    0.518054
47.470    0.135390    0.518895
47.610    0.128498    0.519692
47.760    0.124064    0.520458
47.910    0.121281    0.521205
48.060    0.116467    0.521920
48.210    0.109284    0.522588
48.350    0.099535    0.523196
48.500    0.087785    0.523730
48.650    0.076734    0.524195
48.800    0.067279    0.524602
48.940    0.059958    0.524963
49.090    0.053468    0.525284
49.240    0.048103    0.525572
49.390    0.043614    0.525833
49.540    0.039806    0.526070
49.680    0.036747    0.526288
49.830    0.033884    0.526489
49.980    0.031376    0.526674
50.130    0.029163    0.526846
50.280    0.027195    0.527005
50.420    0.025550    0.527155
50.570    0.023955    0.527294
50.720    0.022514    0.527425
50.870    0.021206    0.527548
51.020    0.020015    0.527664
51.160    0.018999    0.527774
51.310    0.017994    0.527877
51.460    0.017070    0.527975
51.610    0.016218    0.528068
51.750    0.015483    0.528156
51.900    0.014750    0.528240
52.050    0.014068    0.528319
52.200    0.013435    0.528395
52.350    0.012844    0.528468
52.490    0.012329    0.528537
52.640    0.011811    0.528603
52.790    0.011325    0.528667
52.940    0.010869    0.528727
53.090    0.010441    0.528785
53.230    0.010065    0.528841
53.380    0.009684    0.528894
53.530    0.009324    0.528946
53.680    0.008984    0.528995
53.820    0.008685    0.529043
53.970    0.008379    0.529089
54.120    0.008090    0.529133
54.270    0.007815    0.529175
54.420    0.007554    0.529216
54.560    0.007324    0.529256
54.710    0.007087    0.529294
54.860    0.006862    0.529331
55.010    0.006648    0.529366
55.160    0.006443    0.529401
55.300    0.006262    0.529434
55.450    0.006075    0.529467
55.600    0.005896    0.529498
55.750    0.005725    0.529528
55.890    0.005573    0.529558
56.040    0.005416    0.529586
56.190    0.005265    0.529614
56.340    0.005121    0.529641
56.490    0.004982    0.529667
56.630    0.004859    0.529692
56.780    0.004730    0.529717
56.930    0.004607    0.529740
57.080    0.004489    0.529764
57.230    0.004375    0.529786
57.370    0.004273    0.529808
57.520    0.004167    0.529829
57.670    0.004065    0.529850
57.820    0.003967    0.529871
57.960    0.003879    0.529890
58.110    0.003787    0.529909
58.260    0.003699    0.529928
58.410    0.003613    0.529946
58.560    0.003531    0.529964
58.700    0.003457    0.529982
58.850    0.003379    0.529999
59.000    0.003304    0.530015
