-0.102  0.000000
-0.101  0.180926
-0.100  0.170316
-0.099  0.168586
-0.098  0.173484
-0.097  0.171791
-0.096  0.175754
-0.095  0.174964
-0.094  0.173314
-0.093  0.175880
-0.092  0.175608
-0.091  0.174683
-0.090  0.175675
-0.089  0.176010
-0.088  0.176924
-0.087  0.176291
-0.086  0.176826
-0.085  0.178181
-0.084  0.177787
-0.083  0.179224
-0.082  0.178203
-0.081  0.178980
-0.080  0.179167
-0.079  0.179610
-0.078  0.180652
-0.077  0.180290
-0.076  0.180678
-0.075  0.181296
-0.074  0.181156
-0.073  0.181974
-0.072  0.183047
-0.071  0.182453
-0.070  0.183050
-0.069  0.183135
-0.068  0.183325
-0.067  0.184018
-0.066  0.184978
-0.065  0.184983
-0.064  0.185134
-0.063  0.185676
-0.062  0.185554
-0.061  0.186057
-0.060  0.186766
-0.059  0.187594
-0.058  0.187788
-0.057  0.187951
-0.056  0.187961
-0.055  0.188226
-0.054  0.188697
-0.053  0.189362
-0.052  0.190086
-0.051  0.190871
-0.050  0.190738
-0.049  0.190894
-0.048  0.190935
-0.047  0.191361
-0.046  0.191928
-0.045  0.192544
-0.044  0.193255
-0.043  0.193983
-0.042  0.193866
-0.041  0.193893
-0.040  0.194164
-0.039  0.194546
-0.038  0.195093
-0.037  0.195700
-0.036  0.196326
-0.035  0.197023
-0.034  0.197240
-0.033  0.197155
-0.032  0.197433
-0.031  0.197851
-0.030  0.198326
-0.029  0.198843
-0.028  0.199449
-0.027  0.200067
-0.026  0.200715
-0.025  0.200851
-0.024  0.200898
-0.023  0.201207
-0.022  0.201648
-0.021  0.202139
-0.020  0.202667
-0.019  0.203217
-0.018  0.203810
-0.017  0.204427
-0.016  0.204854
-0.015  0.204817
-0.014  0.205147
-0.013  0.205535
-0.012  0.206025
-0.011  0.206533
-0.010  0.207077
-0.009  0.207641
-0.008  0.208206
-0.007  0.208658
-0.006  0.209013
-0.005  0.209213
-0.004  0.209595
-0.003  0.210042
-0.002  0.210518
-0.001  0.211041
 0.000  0.211571
 0.001  0.212132
 0.002  0.212628
 0.003  0.213100
 0.004  0.213636
 0.005  0.213820
 0.006  0.214223
 0.007  0.214672
 0.008  0.215162
 0.009  0.215665
 0.010  0.216201
 0.011  0.216741
 0.012  0.217215
 0.013  0.217738
 0.014  0.218274
 0.015  0.218643
 0.016  0.219011
 0.017  0.219470
 0.018  0.219953
 0.019  0.220462
 0.020  0.220984
 0.021  0.221517
 0.022  0.222012
 0.023  0.222535
 0.024  0.223086
 0.025  0.223643
 0.026  0.224024
 0.027  0.224446
 0.028  1.137958
 0.029  1.174276
 0.030  1.164596
 0.031  1.153595
 0.032  1.173999
 0.033  1.160282
 0.034  1.170070
 0.035  1.167340
 0.036  1.170108
 0.037  1.184447
 0.038  1.175013
 0.039  1.178094
 0.040  1.185313
 0.041  1.183020
 0.042  1.185703
 0.043  1.190887
 0.044  1.194143
 0.045  1.192250
 0.046  1.195882
 0.047  1.201520
 0.048  1.202094
 0.049  1.204457
 0.050  1.205905
 0.051  1.210066
 0.052  1.211479
 0.053  1.215171
 0.054  1.216139
 0.055  1.219160
 0.056  1.221068
 0.057  1.224121
 0.058  1.228330
 0.059  1.229518
 0.060  1.232712
 0.061  1.234135
 0.062  1.236619
 0.063  1.241653
 0.064  1.243168
 0.065  1.246514
 0.066  1.246738
 0.067  1.250083
 0.068  1.253855
 0.069  1.257445
 0.070  1.260902
 0.071  1.260780
 0.072  1.263718
 0.073  1.267019
 0.074  1.270395
 0.075  1.274245
 0.076  1.277496
 0.077  1.278445
 0.078  1.281754
 0.079  1.284041
 0.080  1.287977
 0.081  1.290732
 0.082  1.294220
 0.083  1.297768
 0.084  1.298948
 0.085  1.302061
 0.086  1.304965
 0.087  1.308617
 0.088  1.312534
 0.089  1.315741
 0.090  1.318548
 0.091  1.320790
 0.092  1.323439
 0.093  1.327026
 0.094  1.331045
 0.095  1.334205
 0.096  1.337064
 0.097  1.340365
 0.098  1.344086
 0.099  1.346814
 0.100  1.350530
 0.101  1.354587
 0.102  1.356718
 0.103  1.359778
 0.104  1.363406
 0.105  1.367338
 0.106  1.371535
 0.107  1.374850
 0.108  1.378093
 0.109  1.380740
 0.110  1.384256
 0.111  1.388137
 0.112  1.392153
 0.113  1.396374
 0.114  1.400730
 0.115  1.403834
 0.116  1.406344
 0.117  1.409853
 0.118  1.413842
 0.119  1.417942
 0.120  1.422290
 0.121  1.426839
 0.122  1.430941
 0.123  1.434499
 0.124  1.437694
 0.125  1.441448
 0.126  1.445426
 0.127  1.449804
 0.128  1.454389
 0.129  1.458714
 0.130  1.463267
 0.131  1.466723
 0.132  1.470965
 0.133  1.474857
 0.134  1.479785
 0.135  1.484424
 0.136  1.488746
 0.137  1.493270
 0.138  1.497376
 0.139  1.501276
 0.140  1.506601
 0.141  1.511694
 0.142  1.516343
 0.143  1.520659
 0.144  1.525233
 0.145  1.530108
 0.146  1.535474
 0.147  1.540377
 0.148  1.545298
 0.149  1.550230
 0.150  1.555108
 0.151  1.559995
 0.152  1.565663
 0.153  1.571626
 0.154  1.577201
 0.155  1.581532
 0.156  1.586373
 0.157  1.591672
 0.158  1.597745
 0.159  1.604398
 0.160  1.610411
 0.161  1.616224
 0.162  1.621507
 0.163  1.626408
 0.164  1.632665
 0.165  1.639539
 0.166  1.645765
 0.167  1.651763
 0.168  1.657637
 0.169  1.663759
 0.170  1.671846
 0.171  1.679617
 0.172  1.685200
 0.173  1.691142
 0.174  1.697453
 0.175  1.703483
 0.176  1.713252
 0.177  1.721021
 0.178  1.728197
 0.179  1.735012
 0.180  1.741880
 0.181  1.750689
 0.182  1.759518
 0.183  1.767336
 0.184  1.774652
 0.185  1.782019
 0.186  1.792166
 0.187  1.802765
 0.188  1.811628
 0.189  1.819894
 0.190  1.826599
 0.191  1.838136
 0.192  1.849623
 0.193  1.859161
 0.194  1.867975
 0.195  1.876398
 0.196  1.892307
 0.197  1.904148
 0.198  1.914794
 0.199  1.923226
 0.200  1.938915
 0.201  1.952177
 0.202  1.963586
 0.203  1.974162
 0.204  1.993277
 0.205  2.009187
 0.206  2.022538
 0.207  2.035075
 0.208  2.060211
 0.209  2.074878
 0.210  2.088188
 0.211  2.113011
 0.212  2.133870
 0.213  2.151118
 0.214  2.180580
 0.215  2.207726
 0.216  2.227619
 0.217  2.270100
 0.218  2.296979
 0.219  2.337616
 0.220  2.377116
 0.221  2.428998
 0.222  2.482873
 0.223  2.568706
 0.224  2.636953
 0.225  2.778115
 0.226  3.165331
 0.227  3.150107
 0.228  2.820038
 0.229  2.646137
 0.230  2.573462
 0.231  2.500509
 0.232  2.444095
 0.233  2.401807
 0.234  2.353074
 0.235  2.325468
 0.236  2.298980
 0.237  2.271073
 0.238  2.243328
 0.239  2.225081
 0.240  2.207790
 0.241  2.188119
 0.242  2.170821
 0.243  2.158802
 0.244  2.146046
 0.245  2.132134
 0.246  2.117448
 0.247  2.108660
 0.248  2.099537
 0.249  2.089516
 0.250  2.079556
 0.251  2.070291
 0.252  2.063950
 0.253  2.058503
 0.254  2.051981
 0.255  2.044189
 0.256  2.037072
 0.257  2.034213
 0.258  2.030024
 0.259  2.025172
 0.260  2.019956
 0.261  2.012897
 0.262  2.011339
 0.263  2.009246
 0.264  2.006615
 0.265  2.004581
 0.266  2.003645
 0.267  1.999256
 0.268  1.998153
 0.269  1.996621
 0.270  1.994727
 0.271  1.994173
 0.272  1.993751
 0.273  1.991556
 0.274  1.991947
 0.275  1.994696
 0.276  1.995739
 0.277  1.996156
 0.278  1.996103
 0.279  1.995316
 0.280  1.995458
 0.281  1.998040
 0.282  2.000439
 0.283  2.004628
 0.284  2.007952
 0.285  2.010131
 0.286  2.011474
 0.287  2.011946
 0.288  2.016314
 0.289  2.020426
 0.290  2.025126
 0.291  2.032074
 0.292  2.036880
 0.293  2.040060
 0.294  2.042407
 0.295  2.046655
 0.296  2.054292
 0.297  2.060149
 0.298  2.068989
 0.299  2.077503
 0.300  2.084349
 0.301  2.089098
 0.302  2.095236
 0.303  2.105452
 0.304  2.113852
 0.305  2.125201
 0.306  2.137153
 0.307  2.146626
 0.308  2.154664
 0.309  2.163446
 0.310  2.178561
 0.311  2.194465
 0.312  2.209584
 0.313  2.223485
 0.314  2.235981
 0.315  2.253103
 0.316  2.269556
 0.317  2.292790
 0.318  2.311335
 0.319  2.328330
 0.320  2.351738
 0.321  2.384533
 0.322  2.417292
 0.323  2.442209
 0.324  2.464315
 0.325  2.516581
 0.326  2.563548
 0.327  2.599468
 0.328  2.662183
 0.329  2.754787
 0.330  2.814943
 0.331  3.002024
 0.332  3.201444
 0.333  3.794103
 0.334  3.154477
 0.335  2.953253
 0.336  2.832200
 0.337  2.749586
 0.338  2.680906
 0.339  2.621986
 0.340  2.578231
 0.341  2.538360
 0.342  2.502814
 0.343  2.475288
 0.344  2.444162
 0.345  2.423489
 0.346  2.397898
 0.347  2.380581
 0.348  2.359936
 0.349  2.345776
 0.350  2.329829
 0.351  2.313671
 0.352  2.301089
 0.353  2.285444
 0.354  2.275132
 0.355  2.266192
 0.356  2.257474
 0.357  2.249772
 0.358  2.239765
 0.359  2.230999
 0.360  2.222608
 0.361  2.215184
 0.362  2.213027
 0.363  2.210090
 0.364  2.204944
 0.365  2.200776
 0.366  2.195962
 0.367  2.193245
 0.368  2.192706
 0.369  2.189897
 0.370  2.188089
 0.371  2.188693
 0.372  2.187565
 0.373  2.191235
 0.374  2.195306
 0.375  2.196471
 0.376  2.197032
 0.377  2.198357
 0.378  2.204884
 0.379  2.212348
 0.380  2.218103
 0.381  2.225119
 0.382  2.230051
 0.383  2.240124
 0.384  2.253071
 0.385  2.265221
 0.386  2.276051
 0.387  2.286778
 0.388  2.308549
 0.389  2.328477
 0.390  2.346889
 0.391  2.367660
 0.392  2.397994
 0.393  2.433257
 0.394  2.466674
 0.395  2.507427
 0.396  2.571527
 0.397  2.637374
 0.398  2.699463
 0.399  2.894072
 0.400  3.081999
 0.401  3.277773
 0.402  2.902789
 0.403  2.758511
 0.404  2.672077
 0.405  2.608158
 0.406  2.534376
 0.407  2.482443
 0.408  2.424140
 0.409  2.396030
 0.410  2.357158
 0.411  2.346199
 0.412  2.341275
 0.413  2.343225
 0.414  2.350815
 0.415  2.361198
 0.416  2.379834
 0.417  2.393462
 0.418  2.411221
 0.419  2.413059
 0.420  2.421326
 0.421  2.428114
 0.422  2.433958
 0.423  2.442142
 0.424  2.464811
 0.425  2.472142
 0.426  2.478261
 0.427  2.490058
 0.428  2.505426
 0.429  2.518246
 0.430  2.531375
 0.431  2.547356
 0.432  2.563948
 0.433  2.569198
 0.434  2.586570
 0.435  2.607219
 0.436  2.624656
 0.437  2.633663
 0.438  2.648534
 0.439  2.682433
 0.440  2.699400
 0.441  2.711614
 0.442  2.727292
 0.443  2.772795
 0.444  2.785597
 0.445  2.802199
 0.446  2.825444
 0.447  2.870121
 0.448  2.891854
 0.449  2.915015
 0.450  2.951244
 0.451  2.995697
 0.452  3.026538
 0.453  3.063503
 0.454  3.122957
 0.455  3.162246
 0.456  3.213818
 0.457  3.287787
 0.458  3.347812
 0.459  3.424323
 0.460  3.528567
 0.461  3.631746
 0.462  3.777420
 0.463  3.962877
 0.464  4.243347
 0.465  4.793142
 0.466  5.302247
 0.467  4.474510
 0.468  4.172009
 0.469  3.987158
 0.470  3.857070
 0.471  3.755016
 0.472  3.677850
 0.473  3.561553
 0.474  0.700396
 0.475  0.706910
 0.476  0.712899
 0.477  0.718525
 0.478  0.724707
 0.479  0.731855
 0.480  0.738316
 0.481  0.744290
 0.482  0.750563
 0.483  0.756156
 0.484  0.762972
 0.485  0.769534
 0.486  0.775670
 0.487  0.781553
 0.488  0.788153
 0.489  0.795490
 0.490  0.802823
 0.491  0.809298
 0.492  0.815531
 0.493  0.821484
 0.494  0.827336
 0.495  0.835636
 0.496  0.842423
 0.497  0.848795
 0.498  0.854683
 0.499  0.861539
 0.500  0.869551
 0.501  0.877026
 0.502  0.884277
 0.503  0.891099
 0.504  0.897510
 0.505  0.905235
 0.506  0.912513
 0.507  0.919227
 0.508  0.926993
 0.509  0.934421
 0.510  0.942529
 0.511  0.950578
 0.512  0.957791
 0.513  0.964620
 0.514  0.972516
 0.515  0.980145
 0.516  0.989177
 0.517  0.996899
 0.518  1.004214
 0.519  1.011552
 0.520  1.020514
 0.521  1.030726
 0.522  1.039225
 0.523  1.047117
 0.524  1.054669
 0.525  1.062515
 0.526  1.073683
 0.527  1.082595
 0.528  1.090881
 0.529  1.098733
 0.530  1.107045
 0.531  1.119210
 0.532  1.129171
 0.533  1.138353
 0.534  1.146974
 0.535  1.156542
 0.536  1.167523
 0.537  1.178385
 0.538  1.188041
 0.539  1.197157
 0.540  1.208809
 0.541  1.219582
 0.542  1.231796
 0.543  1.242127
 0.544  1.251933
 0.545  1.264810
 0.546  1.275417
 0.547  1.288338
 0.548  1.299195
 0.549  1.312580
 0.550  1.324752
 0.551  1.337968
 0.552  1.350672
 0.553  1.364740
 0.554  1.378469
 0.555  1.390833
 0.556  1.405195
 0.557  1.420335
 0.558  1.435399
 0.559  1.448746
 0.560  1.463638
 0.561  1.481649
 0.562  1.497758
 0.563  1.512568
 0.564  1.528741
 0.565  1.549219
 0.566  1.566311
 0.567  1.582036
 0.568  1.603134
 0.569  1.623536
 0.570  1.641531
 0.571  1.658906
 0.572  1.686439
 0.573  1.707272
 0.574  1.726228
 0.575  1.754980
 0.576  1.778492
 0.577  1.799694
 0.578  1.831094
 0.579  1.857471
 0.580  1.884533
 0.581  1.918555
 0.582  1.947696
 0.583  1.982535
 0.584  2.019189
 0.585  2.055660
 0.586  2.096841
 0.587  2.134805
 0.588  2.182908
 0.589  2.230062
 0.590  2.285677
 0.591  2.346841
 0.592  2.407472
 0.593  2.487105
 0.594  2.563446
 0.595  2.658562
 0.596  2.779390
 0.597  2.924605
 0.598  3.113883
 0.599  3.384318
 0.600  3.995975
 0.601  4.080104
 0.602  3.445870
 0.603  3.186386
 0.604  2.996164
 0.605  2.855929
 0.606  2.774385
 0.607  2.680522
 0.608  2.618788
 0.609  2.553151
 0.610  2.498274
 0.611  2.459969
 0.612  2.415661
 0.613  2.374080
 0.614  2.340409
 0.615  2.311824
 0.616  2.275886
 0.617  2.248605
 0.618  2.228099
 0.619  2.205455
 0.620  2.176223
 0.621  2.157356
 0.622  2.142129
 0.623  2.122973
 0.624  2.096548
 0.625  2.085170
 0.626  2.072150
 0.627  2.055993
 0.628  2.033605
 0.629  2.023607
 0.630  2.013042
 0.631  2.000170
 0.632  1.987255
 0.633  1.972227
 0.634  1.963904
 0.635  1.953656
 0.636  1.943239
 0.637  1.934314
 0.638  1.921046
 0.639  1.912353
 0.640  1.903225
 0.641  1.897183
 0.642  1.890138
 0.643  1.881280
 0.644  1.868257
 0.645  1.863393
 0.646  1.857846
 0.647  1.851817
 0.648  1.844423
 0.649  1.835715
 0.650  1.827739
 0.651  1.823965
 0.652  1.819233
 0.653  1.812626
 0.654  1.807637
 0.655  1.802194
 0.656  1.794381
 0.657  1.790195
 0.658  1.784557
 0.659  1.780996
 0.660  1.777331
 0.661  1.773243
 0.662  1.767428
 0.663  1.760693
 0.664  1.758006
 0.665  1.755086
 0.666  1.751778
 0.667  1.747841
 0.668  1.742857
 0.669  1.738228
 0.670  1.734828
 0.671  1.732577
 0.672  1.729794
 0.673  1.726167
 0.674  1.723669
 0.675  1.720731
 0.676  1.716909
 0.677  1.712431
 0.678  1.709343
 0.679  1.707857
 0.680  1.706191
 0.681  1.704043
 0.682  1.701526
 0.683  1.697829
 0.684  1.693702
 0.685  1.692242
 0.686  1.690625
 0.687  1.688759
 0.688  1.686326
 0.689  1.685038
 0.690  1.683316
 0.691  1.681019
 0.692  1.677575
 0.693  1.675977
 0.694  1.674282
 0.695  1.673004
 0.696  1.671544
 0.697  1.669846
 0.698  1.668398
 0.699  1.666102
 0.700  1.663445
 0.701  1.662560
 0.702  1.661528
 0.703  1.660308
 0.704  1.658615
 0.705  1.657432
 0.706  1.656056
 0.707  1.654909
 0.708  1.652240
 0.709  1.651210
 0.710  1.650298
 0.711  1.649476
 0.712  1.648520
 0.713  1.647388
 0.714  1.646003
 0.715  1.644310
 0.716  1.643058
 0.717  1.641439
 0.718  1.640787
 0.719  1.639953
 0.720  1.638854
 0.721  1.638024
 0.722  1.637061
 0.723  1.635937
 0.724  1.634534
 0.725  1.632602
 0.726  1.631728
 0.727  1.631111
 0.728  1.630363
 0.729  1.629462
 0.730  1.628361
 0.731  1.627186
 0.732  1.626039
 0.733  1.624627
 0.734  1.622780
 0.735  1.622014
 0.736  1.621012
 0.737  1.620232
 0.738  1.619335
 0.739  1.618302
 0.740  1.617092
 0.741  1.615528
 0.742  1.614205
 0.743  1.612338
 0.744  1.611445
 0.745  1.610388
 0.746  1.608954
 0.747  1.607815
 0.748  1.606664
 0.749  1.605369
 0.750  1.603814
 0.751  1.602097
 0.752  1.600042
 0.753  1.598496
 0.754  1.597307
 0.755  1.595944
 0.756  1.594350
 0.757  1.592366
 0.758  1.591000
 0.759  1.589469
 0.760  1.587746
 0.761  1.585611
 0.762  1.582519
 0.763  1.581138
 0.764  1.579625
 0.765  1.577947
 0.766  1.576042
 0.767  1.573645
 0.768  1.571283
 0.769  1.569419
 0.770  1.567326
 0.771  1.564535
 0.772  1.562230
 0.773  1.559223
 0.774  1.557511
 0.775  1.555649
 0.776  1.553586
 0.777  1.551198
 0.778  1.547679
 0.779  1.544890
 0.780  1.542593
 0.781  1.539930
 0.782  1.537570
 0.783  1.534733
 0.784  1.530873
 0.785  1.528922
 0.786  1.526864
 0.787  1.524044
 0.788  1.521116
 0.789  1.517457
 0.790  1.513449
 0.791  1.511150
 0.792  1.508940
 0.793  1.506493
 0.794  1.503657
 0.795  1.499810
 0.796  1.495800
 0.797  1.493423
 0.798  1.490896
 0.799  1.488083
 0.800  1.484585
 0.801  1.480428
 0.802  1.476978
 0.803  1.475024
 0.804  1.472886
 0.805  1.469585
 0.806  1.466341
 0.807  1.462300
 0.808  1.457810
 0.809  1.455696
 0.810  1.453263
 0.811  1.450968
 0.812  1.448345
 0.813  1.445173
 0.814  1.438811
 0.815  1.436718
 0.816  1.434589
 0.817  1.432310
 0.818  1.429793
 0.819  1.426870
 0.820  1.423184
 0.821  1.418320
 0.822  1.416871
 0.823  1.414465
 0.824  1.412022
 0.825  1.409544
 0.826  1.406767
 0.827  1.403329
 0.828  1.398205
 0.829  1.396755
 0.830  1.395179
 0.831  1.393608
 0.832  1.391599
 0.833  1.388499
 0.834  1.385405
 0.835  1.380768
 0.836  1.378059
 0.837  1.376764
 0.838  1.375388
 0.839  1.373854
 0.840  1.372146
 0.841  1.370252
 0.842  1.366943
 0.843  1.361194
 0.844  1.360098
 0.845  1.358998
 0.846  1.357836
 0.847  1.356586
 0.848  1.355194
 0.849  1.353552
 0.850  1.351538
 0.851  1.348347
 0.852  1.344830
 0.853  1.343837
 0.854  1.342930
 0.855  1.342010
 0.856  1.340993
 0.857  1.339866
 0.858  1.338497
 0.859  1.336700
 0.860  1.332324
 0.861  1.332296
 0.862  1.331172
 0.863  1.330539
 0.864  1.329948
 0.865  1.329308
 0.866  1.328595
 0.867  1.327704
 0.868  1.326498
 0.869  1.324371
 0.870  1.322528
 0.871  1.322853
 0.872  1.322232
 0.873  1.322059
 0.874  1.321916
 0.875  1.321765
 0.876  1.321521
 0.877  1.321119
 0.878  1.320403
 0.879  1.318440
 0.880  1.318028
 0.881  1.318842
 0.882  1.318930
 0.883  1.319387
 0.884  1.319909
 0.885  1.320414
 0.886  1.320864
 0.887  1.321237
 0.888  1.321422
 0.889  1.321107
 0.890  1.319976
 0.891  1.321440
 0.892  1.322502
 0.893  1.323817
 0.894  1.325179
 0.895  1.326591
 0.896  1.328001
 0.897  1.329410
 0.898  1.330777
 0.899  1.331983
 0.900  1.332612
 0.901  1.332617
 0.902  1.335036
 0.903  1.337550
 0.904  1.340112
 0.905  1.342744
 0.906  1.345464
 0.907  1.348254
 0.908  1.351179
 0.909  1.353941
 0.910  1.356659
 0.911  1.359526
 0.912  1.361508
 0.913  1.364804
 0.914  1.369154
 0.915  1.373702
 0.916  1.378421
 0.917  1.383318
 0.918  1.388476
 0.919  1.393620
 0.920  1.399655
 0.921  1.405852
 0.922  1.412089
 0.923  1.418394
 0.924  1.424488
 0.925  1.431009
 0.926  1.439548
 0.927  1.448696
 0.928  1.458041
 0.929  1.470337
 0.930  1.482261
 0.931  1.494884
 0.932  1.508326
 0.933  1.523032
 0.934  1.538911
 0.935  1.556400
 0.936  1.578287
 0.937  1.602573
 0.938  1.630560
 0.939  1.663924
 0.940  1.703673
 0.941  1.753068
 0.942  1.820058
 0.943  1.932179
 0.944  2.146304
 0.945  2.328480
 0.946  1.920941
 0.947  1.829192
 0.948  1.727677
 0.949  1.653168
 0.950  1.604141
 0.951  1.559868
 0.952  1.518549
 0.953  1.479563
 0.954  1.459046
 0.955  1.429020
 0.956  1.405791
 0.957  1.384316
 0.958  1.360125
 0.959  1.344642
 0.960  1.325948
 0.961  1.309948
 0.962  1.295224
 0.963  1.277583
 0.964  1.266229
 0.965  1.246463
 0.966  1.238030
 0.967  1.227031
 0.968  1.212289
 0.969  1.204228
 0.970  1.194092
 0.971  1.181383
 0.972  1.174154
 0.973  1.165540
 0.974  1.152962
 0.975  1.146651
 0.976  1.138743
 0.977  1.128480
 0.978  1.120250
 0.979  1.113103
 0.980  1.105439
 0.981  1.095899
 0.982  1.090727
 0.983  1.085006
 0.984  1.078325
 0.985  1.069168
 0.986  1.064540
 0.987  1.059174
 0.988  1.053119
 0.989  1.044810
 0.990  1.040646
 0.991  1.035805
 0.992  1.030322
 0.993  1.023609
 0.994  1.016688
 0.995  1.012216
 0.996  1.007908
 0.997  1.003151
 0.998  0.996921
 0.999  0.992624
 1.000  0.988712
 1.001  0.984647
 1.002  0.980016
 1.003  0.974371
 1.004  0.969742
 1.005  0.966307
 1.006  0.962829
 1.007  0.959013
 1.008  0.953981
 1.009  0.948444
 1.010  0.944250
 1.011  0.940998
 1.012  0.937580
 1.013  0.933824
 1.014  0.929402
 1.015  0.925863
 1.016  0.922790
 1.017  0.919643
 1.018  0.916257
 1.019  0.912654
 1.020  0.907620
 1.021  0.904907
 1.022  0.902772
 1.023  0.899736
 1.024  0.896468
 1.025  0.892683
 1.026  0.887971
 1.027  0.884277
 1.028  0.881846
 1.029  0.879481
 1.030  0.877307
 1.031  0.874306
 1.032  0.871005
 1.033  0.866856
 1.034  0.864521
 1.035  0.862282
 1.036  0.859945
 1.037  0.857740
 1.038  0.855050
 1.039  0.851676
 1.040  0.847760
 1.041  0.845320
 1.042  0.842720
 1.043  0.839921
 1.044  0.837875
 1.045  0.835852
 1.046  0.832955
 1.047  0.829458
 1.048  0.827574
 1.049  0.825444
 1.050  0.823334
 1.051  0.821308
 1.052  0.819503
 1.053  0.816756
 1.054  0.813581
 1.055  0.810843
 1.056  0.808793
 1.057  0.806819
 1.058  0.805041
 1.059  0.803214
 1.060  0.800512
 1.061  0.797922
 1.062  0.794678
 1.063  0.792848
 1.064  0.791198
 1.065  0.790219
 1.066  0.787992
 1.067  0.785831
 1.068  0.783646
 1.069  0.781423
 1.070  0.778562
 1.071  0.777545
 1.072  0.776218
 1.073  0.774035
 1.074  0.771896
 1.075  0.769792
 1.076  0.767658
 1.077  0.765303
 1.078  0.763582
 1.079  0.761306
 1.080  0.759570
 1.081  0.758033
 1.082  0.756714
 1.083  0.755182
 1.084  0.754039
 1.085  0.751805
 1.086  0.749505
 1.087  0.746750
 1.088  0.745271
 1.089  0.744240
 1.090  0.743094
 1.091  0.741287
 1.092  0.739793
 1.093  0.737728
 1.094  0.735867
 1.095  0.734551
 1.096  0.731802
 1.097  0.730032
 1.098  0.728418
 1.099  0.727112
 1.100  0.726757
 1.101  0.725741
 1.102  0.723564
 1.103  0.721523
 1.104  0.719610
 1.105  0.718215
 1.106  0.716793
 1.107  0.714939
 1.108  0.713321
 1.109  0.712157
 1.110  0.712684
 1.111  0.710175
 1.112  0.707868
 1.113  0.705574
 1.114  0.703793
 1.115  0.703271
 1.116  0.701326
 1.117  0.700066
 1.118  0.699486
 1.119  0.699327
 1.120  0.696821
 1.121  0.694718
 1.122  0.693112
 1.123  0.693135
 1.124  0.690438
 1.125  0.689621
 1.126  0.688248
 1.127  0.687926
 1.128  0.685215
 1.129  0.683246
 1.130  0.683351
 1.131  0.682199
 1.132  0.680210
 1.133  0.678560
 1.134  0.677489
 1.135  0.674878
 1.136  0.674028
 1.137  0.675981
 1.138  0.672205
 1.139  0.671316
 1.140  0.669718
 1.141  0.668031
 1.142  0.670845
 1.143  0.665025
 1.144  0.667136
 1.145  0.662428
 1.146  0.667428
 1.147  0.658068
 1.148  0.660711
 1.149  0.661178
 1.150  0.650462
 1.151  0.654748
 1.152  0.672454
 1.153  0.382541
 1.154  0.381237
 1.155  0.380531
 1.156  0.379806
 1.157  0.379062
 1.158  0.378314
 1.159  0.377559
 1.160  0.376750
 1.161  0.375929
 1.162  0.375055
 1.163  0.374123
 1.164  0.372997
 1.165  0.371978
 1.166  0.371248
 1.167  0.370489
 1.168  0.369654
 1.169  0.368938
 1.170  0.368209
 1.171  0.367477
 1.172  0.366689
 1.173  0.365893
 1.174  0.364974
 1.175  0.363777
 1.176  0.363143
 1.177  0.362496
 1.178  0.361825
 1.179  0.361151
 1.180  0.360472
 1.181  0.359759
 1.182  0.359021
 1.183  0.358271
 1.184  0.357429
 1.185  0.356514
 1.186  0.355355
 1.187  0.354679
 1.188  0.354077
 1.189  0.353473
 1.190  0.352846
 1.191  0.352196
 1.192  0.351536
 1.193  0.350860
 1.194  0.350148
 1.195  0.349420
 1.196  0.348576
 1.197  0.347550
 1.198  0.346974
 1.199  0.346384
 1.200  0.345774
 1.201  0.345160
 1.202  0.344541
 1.203  0.343892
 1.204  0.343210
 1.205  0.342473
 1.206  0.341750
 1.207  0.340998
 1.208  0.339979
 1.209  0.339431
 1.210  0.338882
 1.211  0.338332
 1.212  0.337773
 1.213  0.337186
 1.214  0.336588
 1.215  0.335987
 1.216  0.335345
 1.217  0.334697
 1.218  0.333971
 1.219  0.333066
 1.220  0.332413
 1.221  0.331882
 1.222  0.331331
 1.223  0.330765
 1.224  0.330175
 1.225  0.329629
 1.226  0.329049
 1.227  0.328462
 1.228  0.327856
 1.229  0.327199
 1.230  0.326462
 1.231  0.325635
 1.232  0.325134
 1.233  0.324632
 1.234  0.324129
 1.235  0.323614
 1.236  0.323079
 1.237  0.322533
 1.238  0.321985
 1.239  0.321399
 1.240  0.320809
 1.241  0.320146
 1.242  0.319312
 1.243  0.318730
 1.244  0.318254
 1.245  0.317764
 1.246  0.317267
 1.247  0.316769
 1.248  0.316269
 1.249  0.315742
 1.250  0.315206
 1.251  0.314662
 1.252  0.314065
 1.253  0.313426
 1.254  0.312613
 1.255  0.312155
 1.256  0.311698
 1.257  0.311240
 1.258  0.310778
 1.259  0.310294
 1.260  0.309804
 1.261  0.309316
 1.262  0.308802
 1.263  0.308265
 1.264  0.307694
 1.265  0.307065
 1.266  0.306334
 1.267  0.305899
 1.268  0.305457
 1.269  0.305000
 1.270  0.304544
 1.271  0.304088
 1.272  0.303621
 1.273  0.303134
 1.274  0.302645
 1.275  0.302128
 1.276  0.301585
 1.277  0.300948
 1.278  0.300326
 1.279  0.299920
 1.280  0.299545
 1.281  0.299115
 1.282  0.298673
 1.283  0.298217
 1.284  0.297755
 1.285  0.297293
 1.286  0.296801
 1.287  0.296308
 1.288  0.295764
 1.289  0.295133
 1.290  0.294566
 1.291  0.294167
 1.292  0.293759
 1.293  0.293345
 1.294  0.292932
 1.295  0.292519
 1.296  0.292098
 1.297  0.291667
 1.298  0.291248
 1.299  0.290812
 1.300  0.290297
 1.301  0.289680
 1.302  0.289118
 1.303  0.288721
 1.304  0.288325
 1.305  0.287928
 1.306  0.287520
 1.307  0.287100
 1.308  0.286678
 1.309  0.286255
 1.310  0.285808
 1.311  0.285359
 1.312  0.284866
 1.313  0.284296
 1.314  0.283790
 1.315  0.283439
 1.316  0.283095
 1.317  0.282806
 1.318  0.282401
 1.319  0.281998
 1.320  0.281583
 1.321  0.281155
 1.322  0.280726
 1.323  0.280269
 1.324  0.279797
 1.325  0.279243
 1.326  0.278710
 1.327  0.278349
 1.328  0.277988
 1.329  0.277628
 1.330  0.277261
 1.331  0.276886
 1.332  0.276513
 1.333  0.276147
 1.334  0.275770
 1.335  0.275433
 1.336  0.275015
 1.337  0.274503
 1.338  0.273943
 1.339  0.273582
 1.340  0.273216
 1.341  0.272844
 1.342  0.272473
 1.343  0.272104
 1.344  0.271727
 1.345  0.271337
 1.346  0.270949
 1.347  0.270541
 1.348  0.270118
 1.349  0.269642
 1.350  0.269134
 1.351  0.268825
 1.352  0.268530
 1.353  0.268284
 1.354  0.267991
 1.355  0.267608
 1.356  0.267225
 1.357  0.266843
 1.358  0.266444
 1.359  0.266040
 1.360  0.265615
 1.361  0.265157
 1.362  0.264614
 1.363  0.264285
 1.364  0.263957
 1.365  0.263624
 1.366  0.263296
 1.367  0.262971
 1.368  0.262649
 1.369  0.262323
 1.370  0.262015
 1.371  0.261813
 1.372  0.261385
 1.373  0.260921
 1.374  0.260378
 1.375  0.260042
 1.376  0.259705
 1.377  0.259370
 1.378  0.259031
 1.379  0.258682
 1.380  0.258337
 1.381  0.257991
 1.382  0.257638
 1.383  0.257279
 1.384  0.256913
 1.385  0.256514
 1.386  0.256030
 1.387  0.255774
 1.388  0.255552
 1.389  0.255370
 1.390  0.255021
 1.391  0.254674
 1.392  0.254323
 1.393  0.253961
 1.394  0.253598
 1.395  0.253227
 1.396  0.252840
 1.397  0.252427
 1.398  0.251927
 1.399  0.251626
 1.400  0.251333
 1.401  0.251040
 1.402  0.250752
 1.403  0.250464
 1.404  0.250193
 1.405  0.249958
 1.406  0.249806
 1.407  0.249427
 1.408  0.249036
 1.409  0.248615
 1.410  0.248112
 1.411  0.247798
 1.412  0.247482
 1.413  0.247167
 1.414  0.246854
 1.415  0.246544
 1.416  0.246231
 1.417  0.245915
 1.418  0.245605
 1.419  0.245290
 1.420  0.244969
 1.421  0.244640
 1.422  0.244301
 1.423  0.244206
 1.424  0.243879
 1.425  0.243552
 1.426  0.243221
 1.427  0.242889
 1.428  0.242560
 1.429  0.242230
 1.430  0.241891
 1.431  0.241552
 1.432  0.241195
 1.433  0.240825
 1.434  0.240419
 1.435  0.240161
 1.436  0.239905
 1.437  0.239662
 1.438  0.239454
 1.439  0.239356
 1.440  0.239117
 1.441  0.238766
 1.442  0.238419
 1.443  0.238053
 1.444  0.237689
 1.445  0.237267
 1.446  0.236893
 1.447  0.236604
 1.448  0.236317
 1.449  0.236032
 1.450  0.235751
 1.451  0.235476
 1.452  0.235215
 1.453  0.234962
 1.454  0.234731
 1.455  0.234580
 1.456  0.234369
 1.457  0.233904
 1.458  0.233590
 1.459  0.233278
 1.460  0.232967
 1.461  0.232660
 1.462  0.232356
 1.463  0.232046
 1.464  0.231746
 1.465  0.231448
 1.466  0.231147
 1.467  0.230848
 1.468  0.230524
 1.469  0.230239
 1.470  0.230072
 1.471  0.230143
 1.472  0.229814
 1.473  0.229482
 1.474  0.229151
 1.475  0.228830
 1.476  0.228500
 1.477  0.228171
 1.478  0.227841
 1.479  0.227496
 1.480  0.227118
 1.481  0.226858
 1.482  0.226608
 1.483  0.226366
 1.484  0.226156
 1.485  0.225975
 1.486  0.225886
 1.487  0.225775
 1.488  0.225427
 1.489  0.225069
 1.490  0.224705
 1.491  0.224293
 1.492  0.223996
 1.493  0.223707
 1.494  0.223422
 1.495  0.223140
 1.496  0.222878
 1.497  0.222617
 1.498  0.222377
 1.499  0.222156
 1.500  0.221978
 1.501  0.221944
 1.502  0.221675
 1.503  0.221351
 1.504  0.221027
 1.505  0.220706
 1.506  0.220400
 1.507  0.220097
 1.508  0.219793
 1.509  0.219503
 1.510  0.219214
 1.511  0.218944
 1.512  0.218668
 1.513  0.218393
 1.514  0.218235
 1.515  0.218172
 1.516  0.218181
 1.517  0.217837
 1.518  0.217501
 1.519  0.217168
 1.520  0.216837
 1.521  0.216525
 1.522  0.216208
 1.523  0.215894
 1.524  0.215577
 1.525  0.215327
 1.526  0.215104
 1.527  0.214905
 1.528  0.214744
 1.529  0.214740
 1.530  0.214694
 1.531  0.214335
 1.532  0.213982
 1.533  0.213636
 1.534  0.213272
 1.535  0.212973
 1.536  0.212681
 1.537  0.212393
 1.538  0.212130
 1.539  0.211882
 1.540  0.211681
 1.541  0.211516
 1.542  0.211443
 1.543  0.211564
 1.544  0.211187
 1.545  0.210826
 1.546  0.210485
 1.547  0.210158
 1.548  0.209835
 1.549  0.209540
 1.550  0.209250
 1.551  0.208975
 1.552  0.208735
 1.553  0.208543
 1.554  0.208396
 1.555  0.208405
 1.556  0.208455
 1.557  0.208084
 1.558  0.207716
 1.559  0.207362
 1.560  0.207033
 1.561  0.206710
 1.562  0.206414
 1.563  0.206143
 1.564  0.205913
 1.565  0.205699
 1.566  0.205559
 1.567  0.205531
 1.568  0.205713
 1.569  0.205314
 1.570  0.204934
 1.571  0.204573
 1.572  0.204240
 1.573  0.203942
 1.574  0.203657
 1.575  0.203379
 1.576  0.203111
 1.577  0.202922
 1.578  0.202812
 1.579  0.202952
 1.580  0.202920
 1.581  0.202510
 1.582  0.202159
 1.583  0.201863
 1.584  0.201497
 1.585  0.201156
 1.586  0.200837
 1.587  0.200590
 1.588  0.200364
 1.589  0.200274
 1.590  0.200413
 1.591  0.200545
 1.592  0.200171
 1.593  0.199737
 1.594  0.199340
 1.595  0.198953
 1.596  0.198619
 1.597  0.198319
 1.598  0.198094
 1.599  0.197964
 1.600  0.198130
 1.601  0.198555
 1.602  0.198044
 1.603  0.197552
 1.604  0.197114
 1.605  0.196729
 1.606  0.196381
 1.607  0.196117
 1.608  0.195972
 1.609  0.195951
 1.610  0.196019
 1.611  0.196292
 1.612  0.195763
 1.613  0.195266
 1.614  0.194807
 1.615  0.194517
 1.616  0.194368
 1.617  0.194117
 1.618  0.193861
 1.619  0.193859
 1.620  0.194418
 1.621  0.193842
 1.622  0.193357
 1.623  0.192958
 1.624  0.192828
 1.625  0.192396
 1.626  0.192049
 1.627  0.191852
 1.628  0.192267
 1.629  0.192353
 1.630  0.191860
 1.631  0.191674
 1.632  0.191029
 1.633  0.190595
 1.634  0.190210
 1.635  0.190132
 1.636  0.190718
 1.637  0.190889
 1.638  0.190465
 1.639  0.189705
 1.640  0.189049
 1.641  0.188671
 1.642  0.188461
 1.643  0.188936
 1.644  0.189943
 1.645  0.188991
 1.646  0.188056
 1.647  0.187412
 1.648  0.187026
 1.649  0.187366
 1.650  0.189244
 1.651  0.187974
 1.652  0.186959
 1.653  0.186009
 1.654  0.185760
 1.655  0.186840
 1.656  0.187981
 1.657  0.186327
 1.658  0.185341
 1.659  0.184657
 1.660  0.185452
 1.661  0.186206
 1.662  0.185419
 1.663  0.184168
 1.664  0.184526
 1.665  0.184192
 1.666  0.185742
 1.667  0.183234
 1.668  0.184569
 1.669  0.183024
 1.670  0.184654
 1.671  0.182460
 1.672  0.182490
 1.673  0.184867
 1.674  0.182264
 1.675  0.180867
 1.676  0.181090
 1.677  0.178057
 1.678  0.178902
 1.679  0.189866
 1.680  0.000000
