-0.102  0.000000  0.000000
-0.101  0.180502  0.000423
-0.100  0.169749  0.000567
-0.099  0.167867  0.000719
-0.098  0.172594  0.000891
-0.097  0.170761  0.001029
-0.096  0.174558  0.001196
-0.095  0.173637  0.001328
-0.094  0.171857  0.001456
-0.093  0.174263  0.001617
-0.092  0.173860  0.001748
-0.091  0.172808  0.001875
-0.090  0.173656  0.002019
-0.089  0.173856  0.002154
-0.088  0.174628  0.002295
-0.087  0.173871  0.002421
-0.086  0.174266  0.002559
-0.085  0.175471  0.002710
-0.084  0.174955  0.002832
-0.083  0.176239  0.002985
-0.082  0.175103  0.003099
-0.081  0.175738  0.003242
-0.080  0.175795  0.003372
-0.079  0.176103  0.003507
-0.078  0.176997  0.003655
-0.077  0.176513  0.003778
-0.076  0.176763  0.003914
-0.075  0.177241  0.004055
-0.074  0.176979  0.004178
-0.073  0.177651  0.004323
-0.072  0.178571  0.004476
-0.071  0.177863  0.004590
-0.070  0.178318  0.004733
-0.069  0.178275  0.004860
-0.068  0.178335  0.004990
-0.067  0.178884  0.005134
-0.066  0.179691  0.005287
-0.065  0.179567  0.005415
-0.064  0.179587  0.005547
-0.063  0.179986  0.005689
-0.062  0.179744  0.005810
-0.061  0.180106  0.005951
-0.060  0.180667  0.006099
-0.059  0.181342  0.006252
-0.058  0.181401  0.006387
-0.057  0.181432  0.006519
-0.056  0.181317  0.006644
-0.055  0.181448  0.006778
-0.054  0.181777  0.006920
-0.053  0.182293  0.007069
-0.052  0.182864  0.007222
-0.051  0.183493  0.007378
-0.050  0.183237  0.007501
-0.049  0.183261  0.007633
-0.048  0.183175  0.007760
-0.047  0.183459  0.007902
-0.046  0.183878  0.008051
-0.045  0.184342  0.008202
-0.044  0.184896  0.008358
-0.043  0.185467  0.008516
-0.042  0.185226  0.008640
-0.041  0.185127  0.008766
-0.040  0.185261  0.008903
-0.039  0.185500  0.009046
-0.038  0.185896  0.009197
-0.037  0.186348  0.009351
-0.036  0.186819  0.009507
-0.035  0.187356  0.009667
-0.034  0.187434  0.009806
-0.033  0.187226  0.009928
-0.032  0.187365  0.010068
-0.031  0.187635  0.010216
-0.030  0.187959  0.010367
-0.029  0.188323  0.010520
-0.028  0.188770  0.010679
-0.027  0.189229  0.010838
-0.026  0.189715  0.011001
-0.025  0.189715  0.011136
-0.024  0.189632  0.011266
-0.023  0.189797  0.011410
-0.022  0.190087  0.011562
-0.021  0.190422  0.011717
-0.020  0.190792  0.011874
-0.019  0.191183  0.012034
-0.018  0.191614  0.012196
-0.017  0.192066  0.012361
-0.016  0.192340  0.012514
-0.015  0.192176  0.012641
-0.014  0.192357  0.012790
-0.013  0.192594  0.012942
-0.012  0.192925  0.013101
-0.011  0.193272  0.013261
-0.010  0.193653  0.013424
-0.009  0.194051  0.013589
-0.008  0.194451  0.013755
-0.007  0.194745  0.013913
-0.006  0.194947  0.014066
-0.005  0.195003  0.014209
-0.004  0.195231  0.014364
-0.003  0.195518  0.014524
-0.002  0.195832  0.014686
-0.001  0.196189  0.014852
 0.000  0.196553  0.015019
 0.001  0.196944  0.015188
 0.002  0.197275  0.015353
 0.003  0.197583  0.015517
 0.004  0.197951  0.015686
 0.005  0.197989  0.015831
 0.006  0.198231  0.015992
 0.007  0.198516  0.016156
 0.008  0.198838  0.016324
 0.009  0.199172  0.016493
 0.010  0.199537  0.016665
 0.011  0.199904  0.016838
 0.012  0.200209  0.017005
 0.013  0.200561  0.017178
 0.014  0.200922  0.017351
 0.015  0.201129  0.017514
 0.016  0.201335  0.017676
 0.017  0.201625  0.017845
 0.018  0.201936  0.018017
 0.019  0.202271  0.018191
 0.020  0.202617  0.018367
 0.021  0.202973  0.018544
 0.022  0.203294  0.018718
 0.023  0.203640  0.018895
 0.024  0.204010  0.019075
 0.025  0.204386  0.019256
 0.026  0.204599  0.019424
 0.027  0.204850  0.019595
 0.028  0.388266  0.749693
 0.029  0.395751  0.778525
 0.030  0.394194  0.770402
 0.031  0.392436  0.761159
 0.032  0.396991  0.777008
 0.033  0.394747  0.765535
 0.034  0.397265  0.772806
 0.035  0.397249  0.770091
 0.036  0.398375  0.771734
 0.037  0.401813  0.782634
 0.038  0.400350  0.774663
 0.039  0.401556  0.776538
 0.040  0.403576  0.781737
 0.041  0.403666  0.779354
 0.042  0.404845  0.780858
 0.043  0.406502  0.784385
 0.044  0.407740  0.786403
 0.045  0.408009  0.784241
 0.046  0.409380  0.786501
 0.047  0.411158  0.790361
 0.048  0.411906  0.790188
 0.049  0.412955  0.791502
 0.050  0.413845  0.792061
 0.051  0.415343  0.794723
 0.052  0.416243  0.795236
 0.053  0.417660  0.797511
 0.054  0.418523  0.797616
 0.055  0.419835  0.799325
 0.056  0.420884  0.800184
 0.057  0.422165  0.801956
 0.058  0.423695  0.804635
 0.059  0.424643  0.804875
 0.060  0.425979  0.806733
 0.061  0.426891  0.807244
 0.062  0.428051  0.808568
 0.063  0.429804  0.811850
 0.064  0.430854  0.812315
 0.065  0.432275  0.814239
 0.066  0.432977  0.813761
 0.067  0.434370  0.815713
 0.068  0.435877  0.817978
 0.069  0.437358  0.820087
 0.070  0.438813  0.822089
 0.071  0.439456  0.821324
 0.072  0.440763  0.822955
 0.073  0.442174  0.824845
 0.074  0.443674  0.826721
 0.075  0.445241  0.829004
 0.076  0.446659  0.830836
 0.077  0.447579  0.830866
 0.078  0.449022  0.832732
 0.079  0.450272  0.833768
 0.080  0.451868  0.836109
 0.081  0.453183  0.837549
 0.082  0.454666  0.839553
 0.083  0.456164  0.841604
 0.084  0.457187  0.841761
 0.085  0.458698  0.843363
 0.086  0.460106  0.844859
 0.087  0.461681  0.846935
 0.088  0.463314  0.849221
 0.089  0.464775  0.850966
 0.090  0.466179  0.852369
 0.091  0.467443  0.853347
 0.092  0.468790  0.854649
 0.093  0.470356  0.856670
 0.094  0.472021  0.859024
 0.095  0.473486  0.860719
 0.096  0.475039  0.862025
 0.097  0.476608  0.863757
 0.098  0.478259  0.865827
 0.099  0.479690  0.867124
 0.100  0.481341  0.869190
 0.101  0.483069  0.871518
 0.102  0.484364  0.872353
 0.103  0.485856  0.873921
 0.104  0.487484  0.875922
 0.105  0.489185  0.878153
 0.106  0.490948  0.880587
 0.107  0.492610  0.882240
 0.108  0.494282  0.883811
 0.109  0.495776  0.884965
 0.110  0.497453  0.886803
 0.111  0.499208  0.888930
 0.112  0.500992  0.891161
 0.113  0.502820  0.893554
 0.114  0.504681  0.896049
 0.115  0.506265  0.897569
 0.116  0.507697  0.898647
 0.117  0.509368  0.900485
 0.118  0.511256  0.902587
 0.119  0.513121  0.904821
 0.120  0.515097  0.907193
 0.121  0.517125  0.909714
 0.122  0.519039  0.911902
 0.123  0.520800  0.913700
 0.124  0.522463  0.915231
 0.125  0.524256  0.917193
 0.126  0.526098  0.919328
 0.127  0.528047  0.921757
 0.128  0.530052  0.924336
 0.129  0.532101  0.926612
 0.130  0.534175  0.929092
 0.131  0.535954  0.930769
 0.132  0.537969  0.932996
 0.133  0.539938  0.934919
 0.134  0.542149  0.937637
 0.135  0.544260  0.940164
 0.136  0.546299  0.942447
 0.137  0.548367  0.944903
 0.138  0.550330  0.947046
 0.139  0.552235  0.949041
 0.140  0.554618  0.951982
 0.141  0.556936  0.954757
 0.142  0.559101  0.957241
 0.143  0.561179  0.959480
 0.144  0.563340  0.961893
 0.145  0.565695  0.964413
 0.146  0.568143  0.967330
 0.147  0.570452  0.969925
 0.148  0.572735  0.972564
 0.149  0.575012  0.975218
 0.150  0.577264  0.977844
 0.151  0.579566  0.980429
 0.152  0.582185  0.983479
 0.153  0.584833  0.986793
 0.154  0.587347  0.989854
 0.155  0.589536  0.991996
 0.156  0.591839  0.994535
 0.157  0.594473  0.997199
 0.158  0.597233  1.000512
 0.159  0.600154  1.004244
 0.160  0.602859  1.007552
 0.161  0.605489  1.010735
 0.162  0.607963  1.013544
 0.163  0.610511  1.015897
 0.164  0.613403  1.019262
 0.165  0.616460  1.023079
 0.166  0.619289  1.026476
 0.167  0.622031  1.029732
 0.168  0.624759  1.032878
 0.169  0.627738  1.036021
 0.170  0.631265  1.040580
 0.171  0.634669  1.044947
 0.172  0.637442  1.047758
 0.173  0.640273  1.050869
 0.174  0.643330  1.054123
 0.175  0.646215  1.057269
 0.176  0.650364  1.062889
 0.177  0.653817  1.067204
 0.178  0.657061  1.071136
 0.179  0.660173  1.074839
 0.180  0.663422  1.078458
 0.181  0.667547  1.083141
 0.182  0.671514  1.088004
 0.183  0.675097  1.092240
 0.184  0.678485  1.096168
 0.185  0.682021  1.099998
 0.186  0.686478  1.105688
 0.187  0.691079  1.111687
 0.188  0.695049  1.116578
 0.189  0.698800  1.121094
 0.190  0.702112  1.124488
 0.191  0.707104  1.131032
 0.192  0.712301  1.137322
 0.193  0.716707  1.142454
 0.194  0.720795  1.147180
 0.195  0.724715  1.151683
 0.196  0.731536  1.160771
 0.197  0.736797  1.167351
 0.198  0.741549  1.173245
 0.199  0.745632  1.177594
 0.200  0.752403  1.186512
 0.201  0.758232  1.193945
 0.202  0.763349  1.200238
 0.203  0.768253  1.205909
 0.204  0.776548  1.216729
 0.205  0.783518  1.225669
 0.206  0.789452  1.233087
 0.207  0.795167  1.239908
 0.208  0.805718  1.254494
 0.209  0.812539  1.262339
 0.210  0.818651  1.269537
 0.211  0.829204  1.283807
 0.212  0.838216  1.295654
 0.213  0.845780  1.305339
 0.214  0.858173  1.322407
 0.215  0.869938  1.337787
 0.216  0.878715  1.348904
 0.217  0.896424  1.373676
 0.218  0.908366  1.388614
 0.219  0.925872  1.411744
 0.220  0.942732  1.434385
 0.221  0.964544  1.464454
 0.222  0.987163  1.495710
 0.223  1.022625  1.546081
 0.224  1.051077  1.585876
 0.225  1.109205  1.668910
 0.226  1.267798  1.897532
 0.227  1.263172  1.886935
 0.228  1.130425  1.689613
 0.229  1.060689  1.585448
 0.230  1.031916  1.541546
 0.231  1.002651  1.497858
 0.232  0.980248  1.463846
 0.233  0.963833  1.437974
 0.234  0.944266  1.408808
 0.235  0.933864  1.391604
 0.236  0.924147  1.374833
 0.237  0.913640  1.357433
 0.238  0.903155  1.340173
 0.239  0.896702  1.328378
 0.240  0.890249  1.317541
 0.241  0.882675  1.305444
 0.242  0.876116  1.294704
 0.243  0.871844  1.286958
 0.244  0.867234  1.278812
 0.245  0.862056  1.270078
 0.246  0.856699  1.260749
 0.247  0.854183  1.254477
 0.248  0.851251  1.248286
 0.249  0.847901  1.241615
 0.250  0.844409  1.235148
 0.251  0.841142  1.229149
 0.252  0.839206  1.224743
 0.253  0.837549  1.220954
 0.254  0.835433  1.216548
 0.255  0.832712  1.211477
 0.256  0.830625  1.206447
 0.257  0.830231  1.203983
 0.258  0.829266  1.200758
 0.259  0.828036  1.197135
 0.260  0.826686  1.193269
 0.261  0.824255  1.188642
 0.262  0.824265  1.187074
 0.263  0.824034  1.185212
 0.264  0.823557  1.183058
 0.265  0.823065  1.181516
 0.266  0.823825  1.179820
 0.267  0.822644  1.176612
 0.268  0.822969  1.175184
 0.269  0.823096  1.173524
 0.270  0.823120  1.171607
 0.271  0.823779  1.170394
 0.272  0.824234  1.169517
 0.273  0.823624  1.167932
 0.274  0.824217  1.167730
 0.275  0.826765  1.167932
 0.276  0.828116  1.167624
 0.277  0.829081  1.167075
 0.278  0.829789  1.166314
 0.279  0.830142  1.165174
 0.280  0.830837  1.164621
 0.281  0.832842  1.165198
 0.282  0.834438  1.166001
 0.283  0.837472  1.167156
 0.284  0.839994  1.167957
 0.285  0.841819  1.168312
 0.286  0.843177  1.168297
 0.287  0.844080  1.167866
 0.288  0.846772  1.169542
 0.289  0.849348  1.171078
 0.290  0.851678  1.173448
 0.291  0.856404  1.175671
 0.292  0.859803  1.177077
 0.293  0.862344  1.177716
 0.294  0.864252  1.178155
 0.295  0.866981  1.179674
 0.296  0.871281  1.183012
 0.297  0.874718  1.185431
 0.298  0.879539  1.189450
 0.299  0.884874  1.192629
 0.300  0.889170  1.195180
 0.301  0.892378  1.196720
 0.302  0.896173  1.199063
 0.303  0.901934  1.203518
 0.304  0.906827  1.207025
 0.305  0.914164  1.211036
 0.306  0.920892  1.216261
 0.307  0.926407  1.220219
 0.308  0.931145  1.223519
 0.309  0.936230  1.227216
 0.310  0.944655  1.233906
 0.311  0.954469  1.239996
 0.312  0.963936  1.245649
 0.313  0.971794  1.251690
 0.314  0.978781  1.257199
 0.315  0.988325  1.264778
 0.316  0.997603  1.271954
 0.317  1.012783  1.280007
 0.318  1.023956  1.287379
 0.319  1.034134  1.294196
 0.320  1.047732  1.304007
 0.321  1.066428  1.318105
 0.322  1.086515  1.330777
 0.323  1.101441  1.340768
 0.324  1.114638  1.349677
 0.325  1.146351  1.370230
 0.326  1.175925  1.387623
 0.327  1.198081  1.401387
 0.328  1.234912  1.427270
 0.329  1.293883  1.460904
 0.330  1.331189  1.483755
 0.331  1.449909  1.552116
 0.332  1.575579  1.625865
 0.333  1.958481  1.835623
 0.334  1.541810  1.612667
 0.335  1.408427  1.544826
 0.336  1.327019  1.505181
 0.337  1.271076  1.478511
 0.338  1.224339  1.456567
 0.339  1.184035  1.437951
 0.340  1.153500  1.424731
 0.341  1.125786  1.412574
 0.342  1.099865  1.402949
 0.343  1.078691  1.396597
 0.344  1.055768  1.388394
 0.345  1.039504  1.383985
 0.346  1.020431  1.377466
 0.347  1.006543  1.374038
 0.348  0.990687  1.369249
 0.349  0.977134  1.368642
 0.350  0.963304  1.366524
 0.351  0.949760  1.363912
 0.352  0.938410  1.362679
 0.353  0.925383  1.360061
 0.354  0.915633  1.359499
 0.355  0.905712  1.360480
 0.356  0.895363  1.362111
 0.357  0.886232  1.363540
 0.358  0.876012  1.363753
 0.359  0.866654  1.364345
 0.360  0.857570  1.365037
 0.361  0.848375  1.366809
 0.362  0.840802  1.372225
 0.363  0.833879  1.376211
 0.364  0.825918  1.379027
 0.365  0.818560  1.382216
 0.366  0.810959  1.385003
 0.367  0.803301  1.389943
 0.368  0.796348  1.396358
 0.369  0.788665  1.401232
 0.370  0.781735  1.406353
 0.371  0.776246  1.412447
 0.372  0.769783  1.417782
 0.373  0.763395  1.427840
 0.374  0.758063  1.437243
 0.375  0.751511  1.444960
 0.376  0.744725  1.452307
 0.377  0.738445  1.459912
 0.378  0.732959  1.471924
 0.379  0.727545  1.484803
 0.380  0.721852  1.496251
 0.381  0.717041  1.508078
 0.382  0.710838  1.519213
 0.383  0.704937  1.535187
 0.384  0.699816  1.553255
 0.385  0.695048  1.570173
 0.386  0.689456  1.586595
 0.387  0.683504  1.603275
 0.388  0.678864  1.629684
 0.389  0.674008  1.654469
 0.390  0.668089  1.678800
 0.391  0.662491  1.705169
 0.392  0.658029  1.739965
 0.393  0.653854  1.779403
 0.394  0.648367  1.818307
 0.395  0.642974  1.864454
 0.396  0.638308  1.933219
 0.397  0.631459  2.005915
 0.398  0.624734  2.074729
 0.399  0.620186  2.273885
 0.400  0.616718  2.465281
 0.401  0.608904  2.668869
 0.402  0.601769  2.301020
 0.403  0.596100  2.162411
 0.404  0.592477  2.079600
 0.405  0.587092  2.021066
 0.406  0.581019  1.953357
 0.407  0.574146  1.908297
 0.408  0.568765  1.855375
 0.409  0.562187  1.833843
 0.410  0.557128  1.800031
 0.411  0.553395  1.792805
 0.412  0.552595  1.788680
 0.413  0.549037  1.794188
 0.414  0.546330  1.804485
 0.415  0.544787  1.816411
 0.416  0.545656  1.834179
 0.417  0.544477  1.848985
 0.418  0.544483  1.866738
 0.419  0.542745  1.870314
 0.420  0.542661  1.878666
 0.421  0.538976  1.889138
 0.422  0.535783  1.898175
 0.423  0.533633  1.908509
 0.424  0.536445  1.928366
 0.425  0.533503  1.938639
 0.426  0.530704  1.947557
 0.427  0.529021  1.961037
 0.428  0.529255  1.976170
 0.429  0.528305  1.989942
 0.430  0.526821  2.004554
 0.431  0.525951  2.021406
 0.432  0.525899  2.038049
 0.433  0.521190  2.048008
 0.434  0.520820  2.065750
 0.435  0.521710  2.085509
 0.436  0.521115  2.103542
 0.437  0.516660  2.117003
 0.438  0.513666  2.134868
 0.439  0.519131  2.163302
 0.440  0.517416  2.181984
 0.441  0.513117  2.198497
 0.442  0.509345  2.217947
 0.443  0.517708  2.255087
 0.444  0.512399  2.273198
 0.445  0.508146  2.294053
 0.446  0.505477  2.319967
 0.447  0.511526  2.358594
 0.448  0.507632  2.384222
 0.449  0.503823  2.411192
 0.450  0.503743  2.447501
 0.451  0.506128  2.489569
 0.452  0.502269  2.524269
 0.453  0.499868  2.563635
 0.454  0.504278  2.618679
 0.455  0.499435  2.662811
 0.456  0.497310  2.716509
 0.457  0.501174  2.786613
 0.458  0.497421  2.850392
 0.459  0.495777  2.928546
 0.460  0.498835  3.029732
 0.461  0.495563  3.136183
 0.462  0.497244  3.280176
 0.463  0.496726  3.466151
 0.464  0.497774  3.745573
 0.465  0.501642  4.291500
 0.466  0.506885  4.795363
 0.467  0.511931  3.962579
 0.468  0.519662  3.652347
 0.469  0.516499  3.470658
 0.470  0.519367  3.337703
 0.471  0.521021  3.233995
 0.472  0.521656  3.156194
 0.473  0.517455  3.044099
 0.474  0.121485  0.578910
 0.475  0.122938  0.583972
 0.476  0.124332  0.588567
 0.477  0.125703  0.592822
 0.478  0.127396  0.597311
 0.479  0.129059  0.602796
 0.480  0.130600  0.607716
 0.481  0.132112  0.612178
 0.482  0.133679  0.616885
 0.483  0.135128  0.621028
 0.484  0.136644  0.626328
 0.485  0.138143  0.631392
 0.486  0.139633  0.636037
 0.487  0.141122  0.640431
 0.488  0.142906  0.645246
 0.489  0.144738  0.650752
 0.490  0.146478  0.656346
 0.491  0.148105  0.661193
 0.492  0.149721  0.665811
 0.493  0.151309  0.670175
 0.494  0.152882  0.674454
 0.495  0.154659  0.680977
 0.496  0.156321  0.686102
 0.497  0.157948  0.690847
 0.498  0.159533  0.695150
 0.499  0.161565  0.699973
 0.500  0.163420  0.706131
 0.501  0.165294  0.711732
 0.502  0.167168  0.717109
 0.503  0.168965  0.722134
 0.504  0.170706  0.726804
 0.505  0.172517  0.732718
 0.506  0.174305  0.738208
 0.507  0.176046  0.743181
 0.508  0.178032  0.748960
 0.509  0.180161  0.754259
 0.510  0.182244  0.760286
 0.511  0.184251  0.766327
 0.512  0.186162  0.771629
 0.513  0.188046  0.776574
 0.514  0.190165  0.782351
 0.515  0.192173  0.787972
 0.516  0.194258  0.794919
 0.517  0.196254  0.800646
 0.518  0.198216  0.805997
 0.519  0.200281  0.811271
 0.520  0.202822  0.817692
 0.521  0.205213  0.825513
 0.522  0.207447  0.831778
 0.523  0.209591  0.837526
 0.524  0.211697  0.842971
 0.525  0.213893  0.848622
 0.526  0.216462  0.857222
 0.527  0.218762  0.863833
 0.528  0.220996  0.869885
 0.529  0.223189  0.875543
 0.530  0.225706  0.881339
 0.531  0.228601  0.890609
 0.532  0.231211  0.897960
 0.533  0.233703  0.904649
 0.534  0.236121  0.910853
 0.535  0.238613  0.917930
 0.536  0.241324  0.926199
 0.537  0.244141  0.934244
 0.538  0.246748  0.941293
 0.539  0.249286  0.947870
 0.540  0.252263  0.956546
 0.541  0.255147  0.964435
 0.542  0.258393  0.973402
 0.543  0.261261  0.980866
 0.544  0.264032  0.987902
 0.545  0.267130  0.997679
 0.546  0.269978  1.005439
 0.547  0.273384  1.014954
 0.548  0.276385  1.022810
 0.549  0.279657  1.032923
 0.550  0.282858  1.041894
 0.551  0.286515  1.051453
 0.552  0.290030  1.060641
 0.553  0.293616  1.071125
 0.554  0.297139  1.081329
 0.555  0.300495  1.090338
 0.556  0.304355  1.100840
 0.557  0.308204  1.112131
 0.558  0.312027  1.123372
 0.559  0.315613  1.133132
 0.560  0.319629  1.144008
 0.561  0.324294  1.157355
 0.562  0.328538  1.169220
 0.563  0.332557  1.180011
 0.564  0.336953  1.191788
 0.565  0.341964  1.207254
 0.566  0.346442  1.219868
 0.567  0.350708  1.231328
 0.568  0.356030  1.247105
 0.569  0.361194  1.262342
 0.570  0.365969  1.275563
 0.571  0.370819  1.288087
 0.572  0.377577  1.308862
 0.573  0.383080  1.324192
 0.574  0.388247  1.337981
 0.575  0.395275  1.359706
 0.576  0.401386  1.377105
 0.577  0.407090  1.392604
 0.578  0.414751  1.416343
 0.579  0.421598  1.435872
 0.580  0.428499  1.456034
 0.581  0.437028  1.481527
 0.582  0.444716  1.502980
 0.583  0.453354  1.529181
 0.584  0.462650  1.556539
 0.585  0.471825  1.583835
 0.586  0.482085  1.614755
 0.587  0.491849  1.642956
 0.588  0.503492  1.679416
 0.589  0.515443  1.714619
 0.590  0.528898  1.756779
 0.591  0.543997  1.802844
 0.592  0.559006  1.848466
 0.593  0.578324  1.908782
 0.594  0.597137  1.966309
 0.595  0.619956  2.038606
 0.596  0.648776  2.130614
 0.597  0.683301  2.241305
 0.598  0.727945  2.385938
 0.599  0.791268  2.593049
 0.600  0.932526  3.063450
 0.601  0.953791  3.126313
 0.602  0.811273  2.634597
 0.603  0.753750  2.432637
 0.604  0.712003  2.284161
 0.605  0.680924  2.175005
 0.606  0.664160  2.110225
 0.607  0.643557  2.036965
 0.608  0.631263  1.987525
 0.609  0.616658  1.936492
 0.610  0.606283  1.891990
 0.611  0.598242  1.861728
 0.612  0.589142  1.826519
 0.613  0.581496  1.792585
 0.614  0.574247  1.766162
 0.615  0.568743  1.743082
 0.616  0.562321  1.713565
 0.617  0.556393  1.692212
 0.618  0.552615  1.675484
 0.619  0.548588  1.656866
 0.620  0.543132  1.633091
 0.621  0.539381  1.617976
 0.622  0.536980  1.605149
 0.623  0.533665  1.589309
 0.624  0.528646  1.567902
 0.625  0.526883  1.558288
 0.626  0.524711  1.547439
 0.627  0.521778  1.534215
 0.628  0.517900  1.515705
 0.629  0.516385  1.507222
 0.630  0.514657  1.498384
 0.631  0.512379  1.487791
 0.632  0.510307  1.476948
 0.633  0.508330  1.463898
 0.634  0.507068  1.456836
 0.635  0.505257  1.448399
 0.636  0.503468  1.439771
 0.637  0.502324  1.431990
 0.638  0.500537  1.420509
 0.639  0.499111  1.413242
 0.640  0.497430  1.405795
 0.641  0.496913  1.400270
 0.642  0.496158  1.393980
 0.643  0.495009  1.386270
 0.644  0.492892  1.375366
 0.645  0.492448  1.370945
 0.646  0.491858  1.365988
 0.647  0.491121  1.360696
 0.648  0.490033  1.354390
 0.649  0.488728  1.346987
 0.650  0.487933  1.339807
 0.651  0.487808  1.336157
 0.652  0.487351  1.331881
 0.653  0.486289  1.326338
 0.654  0.485847  1.321790
 0.655  0.485414  1.316780
 0.656  0.484671  1.309710
 0.657  0.484185  1.306009
 0.658  0.483232  1.301325
 0.659  0.483023  1.297972
 0.660  0.482887  1.294444
 0.661  0.482743  1.290500
 0.662  0.482223  1.285205
 0.663  0.481374  1.279319
 0.664  0.481328  1.276678
 0.665  0.481206  1.273880
 0.666  0.480985  1.270793
 0.667  0.480601  1.267241
 0.668  0.479942  1.262915
 0.669  0.479690  1.258538
 0.670  0.479776  1.255052
 0.671  0.479801  1.252776
 0.672  0.479646  1.250148
 0.673  0.479217  1.246950
 0.674  0.479219  1.244450
 0.675  0.479146  1.241586
 0.676  0.478946  1.237964
 0.677  0.478612  1.233820
 0.678  0.478204  1.231138
 0.679  0.478430  1.229427
 0.680  0.478635  1.227556
 0.681  0.478684  1.225359
 0.682  0.478613  1.222913
 0.683  0.478217  1.219612
 0.684  0.478110  1.215592
 0.685  0.478177  1.214066
 0.686  0.478194  1.212430
 0.687  0.478144  1.210615
 0.688  0.477907  1.208419
 0.689  0.478202  1.206836
 0.690  0.478339  1.204977
 0.691  0.478372  1.202647
 0.692  0.478270  1.199306
 0.693  0.478207  1.197769
 0.694  0.478116  1.196166
 0.695  0.478187  1.194817
 0.696  0.478214  1.193330
 0.697  0.478189  1.191657
 0.698  0.478394  1.190004
 0.699  0.478319  1.187783
 0.700  0.478347  1.185097
 0.701  0.478449  1.184111
 0.702  0.478504  1.183025
 0.703  0.478492  1.181815
 0.704  0.478327  1.180288
 0.705  0.478360  1.179072
 0.706  0.478361  1.177695
 0.707  0.478580  1.176329
 0.708  0.478567  1.173673
 0.709  0.478536  1.172674
 0.710  0.478538  1.171760
 0.711  0.478580  1.170896
 0.712  0.478585  1.169935
 0.713  0.478537  1.168851
 0.714  0.478423  1.167580
 0.715  0.478252  1.166058
 0.716  0.478395  1.164663
 0.717  0.478411  1.163028
 0.718  0.478415  1.162372
 0.719  0.478350  1.161603
 0.720  0.478183  1.160670
 0.721  0.478124  1.159900
 0.722  0.478028  1.159033
 0.723  0.477899  1.158038
 0.724  0.477717  1.156817
 0.725  0.477592  1.155011
 0.726  0.477548  1.154180
 0.727  0.477461  1.153650
 0.728  0.477327  1.153036
 0.729  0.477141  1.152321
 0.730  0.476886  1.151476
 0.731  0.476614  1.150571
 0.732  0.476381  1.149658
 0.733  0.476107  1.148521
 0.734  0.475943  1.146837
 0.735  0.475702  1.146312
 0.736  0.475368  1.145644
 0.737  0.475108  1.145124
 0.738  0.474805  1.144530
 0.739  0.474461  1.143841
 0.740  0.474060  1.143033
 0.741  0.473544  1.141984
 0.742  0.473154  1.141052
 0.743  0.472835  1.139503
 0.744  0.472446  1.138999
 0.745  0.471991  1.138397
 0.746  0.471399  1.137556
 0.747  0.470909  1.136906
 0.748  0.470415  1.136248
 0.749  0.469883  1.135486
 0.750  0.469289  1.134524
 0.751  0.468639  1.133459
 0.752  0.467968  1.132074
 0.753  0.467387  1.131109
 0.754  0.466780  1.130527
 0.755  0.466109  1.129836
 0.756  0.465353  1.128997
 0.757  0.464460  1.127906
 0.758  0.463784  1.127216
 0.759  0.463064  1.126406
 0.760  0.462293  1.125453
 0.761  0.461429  1.124182
 0.762  0.460294  1.122224
 0.763  0.459529  1.121609
 0.764  0.458717  1.120907
 0.765  0.457853  1.120094
 0.766  0.456910  1.119132
 0.767  0.455808  1.117838
 0.768  0.454720  1.116563
 0.769  0.453788  1.115631
 0.770  0.452807  1.114519
 0.771  0.451742  1.112793
 0.772  0.450589  1.111641
 0.773  0.449196  1.110027
 0.774  0.448239  1.109272
 0.775  0.447234  1.108415
 0.776  0.446165  1.107421
 0.777  0.444994  1.106204
 0.778  0.443431  1.104248
 0.779  0.442130  1.102760
 0.780  0.441034  1.101559
 0.781  0.439876  1.100054
 0.782  0.438663  1.098907
 0.783  0.437300  1.097434
 0.784  0.435604  1.095268
 0.785  0.434543  1.094379
 0.786  0.433435  1.093429
 0.787  0.432047  1.091997
 0.788  0.430660  1.090456
 0.789  0.429059  1.088398
 0.790  0.427397  1.086052
 0.791  0.426258  1.084892
 0.792  0.425073  1.083867
 0.793  0.423820  1.082674
 0.794  0.422450  1.081207
 0.795  0.420769  1.079041
 0.796  0.418986  1.076814
 0.797  0.417757  1.075666
 0.798  0.416502  1.074394
 0.799  0.415184  1.072899
 0.800  0.413743  1.070842
 0.801  0.411976  1.068451
 0.802  0.410443  1.066535
 0.803  0.409358  1.065667
 0.804  0.408224  1.064662
 0.805  0.406675  1.062909
 0.806  0.405197  1.061144
 0.807  0.403502  1.058798
 0.808  0.401694  1.056117
 0.809  0.400616  1.055080
 0.810  0.399499  1.053764
 0.811  0.398339  1.052628
 0.812  0.397095  1.051250
 0.813  0.395700  1.049472
 0.814  0.393316  1.045495
 0.815  0.392217  1.044501
 0.816  0.391130  1.043459
 0.817  0.390020  1.042291
 0.818  0.388861  1.040932
 0.819  0.387616  1.039254
 0.820  0.386189  1.036995
 0.821  0.384382  1.033938
 0.822  0.383538  1.033332
 0.823  0.382365  1.032100
 0.824  0.381213  1.030809
 0.825  0.380084  1.029460
 0.826  0.378894  1.027873
 0.827  0.377546  1.025783
 0.828  0.375765  1.022440
 0.829  0.374997  1.021758
 0.830  0.374215  1.020964
 0.831  0.373408  1.020201
 0.832  0.372471  1.019128
 0.833  0.371187  1.017313
 0.834  0.369972  1.015432
 0.835  0.368388  1.012380
 0.836  0.367329  1.010730
 0.837  0.366650  1.010114
 0.838  0.365963  1.009424
 0.839  0.365255  1.008598
 0.840  0.364516  1.007629
 0.841  0.363723  1.006529
 0.842  0.362500  1.004444
 0.843  0.360713  1.000482
 0.844  0.360123  0.999974
 0.845  0.359555  0.999443
 0.846  0.358987  0.998849
 0.847  0.358416  0.998171
 0.848  0.357826  0.997367
 0.849  0.357195  0.996356
 0.850  0.356487  0.995051
 0.851  0.355507  0.992840
 0.852  0.354353  0.990476
 0.853  0.353872  0.989965
 0.854  0.353442  0.989489
 0.855  0.353027  0.988983
 0.856  0.352606  0.988387
 0.857  0.352181  0.987685
 0.858  0.351716  0.986781
 0.859  0.351171  0.985529
 0.860  0.350060  0.982264
 0.861  0.349948  0.982348
 0.862  0.349480  0.981692
 0.863  0.349209  0.981330
 0.864  0.348977  0.980970
 0.865  0.348755  0.980553
 0.866  0.348540  0.980055
 0.867  0.348305  0.979399
 0.868  0.348018  0.978480
 0.869  0.347549  0.976822
 0.870  0.347171  0.975357
 0.871  0.347270  0.975584
 0.872  0.347068  0.975164
 0.873  0.347048  0.975011
 0.874  0.347061  0.974855
 0.875  0.347104  0.974661
 0.876  0.347148  0.974373
 0.877  0.347178  0.973941
 0.878  0.347163  0.973240
 0.879  0.346911  0.971529
 0.880  0.347013  0.971014
 0.881  0.347380  0.971463
 0.882  0.347519  0.971411
 0.883  0.347815  0.971571
 0.884  0.348163  0.971746
 0.885  0.348531  0.971883
 0.886  0.348911  0.971953
 0.887  0.349303  0.971934
 0.888  0.349678  0.971744
 0.889  0.349980  0.971127
 0.890  0.350169  0.969806
 0.891  0.350879  0.970561
 0.892  0.351478  0.971023
 0.893  0.352194  0.971623
 0.894  0.352952  0.972227
 0.895  0.353760  0.972831
 0.896  0.354594  0.973407
 0.897  0.355459  0.973951
 0.898  0.356332  0.974445
 0.899  0.357226  0.974757
 0.900  0.358065  0.974547
 0.901  0.358814  0.973803
 0.902  0.360055  0.974981
 0.903  0.361359  0.976191
 0.904  0.362714  0.977398
 0.905  0.364125  0.978619
 0.906  0.365601  0.979863
 0.907  0.367131  0.981123
 0.908  0.368697  0.982482
 0.909  0.370344  0.983597
 0.910  0.372029  0.984630
 0.911  0.373859  0.985667
 0.912  0.375618  0.985889
 0.913  0.377664  0.987140
 0.914  0.379942  0.989213
 0.915  0.382342  0.991360
 0.916  0.384844  0.993576
 0.917  0.387432  0.995886
 0.918  0.390176  0.998300
 0.919  0.393024  1.000596
 0.920  0.396294  1.003361
 0.921  0.399729  1.006122
 0.922  0.403274  1.008815
 0.923  0.406967  1.011427
 0.924  0.410790  1.013698
 0.925  0.414837  1.016172
 0.926  0.419411  1.020136
 0.927  0.424256  1.024440
 0.928  0.429400  1.028641
 0.929  0.435893  1.034444
 0.930  0.442394  1.039867
 0.931  0.449354  1.045530
 0.932  0.456821  1.051505
 0.933  0.465053  1.057979
 0.934  0.473997  1.064914
 0.935  0.483904  1.072496
 0.936  0.496074  1.082214
 0.937  0.509970  1.092603
 0.938  0.525937  1.104624
 0.939  0.544691  1.119234
 0.940  0.567192  1.136481
 0.941  0.595341  1.157727
 0.942  0.633786  1.186272
 0.943  0.697507  1.234672
 0.944  0.821489  1.324815
 0.945  0.925552  1.402927
 0.946  0.684984  1.235957
 0.947  0.628647  1.200544
 0.948  0.568380  1.159298
 0.949  0.524288  1.128880
 0.950  0.495139  1.109002
 0.951  0.469218  1.090650
 0.952  0.444662  1.073888
 0.953  0.421706  1.057856
 0.954  0.408980  1.050066
 0.955  0.391283  1.037737
 0.956  0.377590  1.028201
 0.957  0.365002  1.019314
 0.958  0.351171  1.008955
 0.959  0.342010  1.002632
 0.960  0.331324  0.994625
 0.961  0.322141  0.987807
 0.962  0.313721  0.981503
 0.963  0.303957  0.973626
 0.964  0.297446  0.968784
 0.965  0.287252  0.959211
 0.966  0.282169  0.955861
 0.967  0.275932  0.951100
 0.968  0.267984  0.944305
 0.969  0.263284  0.940944
 0.970  0.257653  0.936440
 0.971  0.250872  0.930511
 0.972  0.246656  0.927498
 0.973  0.241833  0.923706
 0.974  0.235431  0.917531
 0.975  0.231915  0.914736
 0.976  0.227740  0.911002
 0.977  0.222580  0.905900
 0.978  0.218406  0.901844
 0.979  0.214875  0.898228
 0.980  0.210981  0.894458
 0.981  0.206032  0.889866
 0.982  0.203168  0.887560
 0.983  0.200143  0.884863
 0.984  0.196738  0.881588
 0.985  0.192347  0.876820
 0.986  0.189861  0.874679
 0.987  0.187089  0.872085
 0.988  0.184051  0.869068
 0.989  0.180093  0.864716
 0.990  0.177781  0.862865
 0.991  0.175404  0.860401
 0.992  0.172812  0.857510
 0.993  0.169782  0.853827
 0.994  0.166777  0.849911
 0.995  0.164694  0.847523
 0.996  0.162517  0.845391
 0.997  0.160166  0.842985
 0.998  0.157141  0.839780
 0.999  0.155102  0.837522
 1.000  0.153219  0.835493
 1.001  0.151293  0.833354
 1.002  0.149172  0.830844
 1.003  0.146693  0.827677
 1.004  0.144598  0.825144
 1.005  0.142924  0.823383
 1.006  0.141175  0.821654
 1.007  0.139387  0.819626
 1.008  0.137291  0.816690
 1.009  0.135053  0.813391
 1.010  0.133493  0.810758
 1.011  0.131979  0.809019
 1.012  0.130411  0.807169
 1.013  0.128715  0.805109
 1.014  0.126739  0.802663
 1.015  0.125124  0.800739
 1.016  0.123778  0.799012
 1.017  0.122408  0.797235
 1.018  0.120970  0.795287
 1.019  0.119457  0.793197
 1.020  0.117487  0.790133
 1.021  0.116240  0.788667
 1.022  0.115035  0.787737
 1.023  0.113781  0.785955
 1.024  0.112518  0.783950
 1.025  0.111120  0.781563
 1.026  0.109522  0.778449
 1.027  0.108124  0.776153
 1.028  0.107045  0.774801
 1.029  0.105958  0.773523
 1.030  0.104825  0.772481
 1.031  0.103664  0.770642
 1.032  0.102415  0.768591
 1.033  0.100914  0.765943
 1.034  0.099942  0.764578
 1.035  0.098966  0.763316
 1.036  0.097958  0.761987
 1.037  0.096945  0.760794
 1.038  0.095873  0.759177
 1.039  0.094716  0.756959
 1.040  0.093415  0.754345
 1.041  0.092529  0.752791
 1.042  0.091613  0.751106
 1.043  0.090679  0.749242
 1.044  0.089760  0.748115
 1.045  0.088822  0.747031
 1.046  0.087810  0.745145
 1.047  0.086630  0.742828
 1.048  0.085847  0.741727
 1.049  0.085053  0.740391
 1.050  0.084243  0.739090
 1.051  0.083419  0.737889
 1.052  0.082589  0.736914
 1.053  0.081705  0.735051
 1.054  0.080708  0.732873
 1.055  0.079820  0.731024
 1.056  0.079099  0.729694
 1.057  0.078363  0.728456
 1.058  0.077627  0.727414
 1.059  0.076864  0.726350
 1.060  0.076064  0.724448
 1.061  0.075257  0.722665
 1.062  0.074285  0.720393
 1.063  0.073641  0.719206
 1.064  0.072998  0.718200
 1.065  0.072350  0.717869
 1.066  0.071682  0.716310
 1.067  0.071013  0.714819
 1.068  0.070324  0.713322
 1.069  0.069612  0.711811
 1.070  0.068720  0.709842
 1.071  0.068137  0.709407
 1.072  0.067549  0.708669
 1.073  0.066946  0.707089
 1.074  0.066345  0.705550
 1.075  0.065738  0.704054
 1.076  0.065104  0.702555
 1.077  0.064428  0.700875
 1.078  0.063706  0.699876
 1.079  0.063078  0.698227
 1.080  0.062551  0.697019
 1.081  0.062025  0.696007
 1.082  0.061499  0.695215
 1.083  0.060949  0.694233
 1.084  0.060401  0.693638
 1.085  0.059835  0.691970
 1.086  0.059249  0.690256
 1.087  0.058553  0.688197
 1.088  0.058074  0.687197
 1.089  0.057591  0.686648
 1.090  0.057102  0.685992
 1.091  0.056612  0.684675
 1.092  0.056125  0.683669
 1.093  0.055613  0.682115
 1.094  0.055095  0.680772
 1.095  0.054527  0.680024
 1.096  0.053931  0.677871
 1.097  0.053499  0.676534
 1.098  0.053064  0.675354
 1.099  0.052631  0.674481
 1.100  0.052195  0.674561
 1.101  0.051753  0.673989
 1.102  0.051303  0.672261
 1.103  0.050837  0.670686
 1.104  0.050355  0.669256
 1.105  0.049803  0.668412
 1.106  0.049408  0.667385
 1.107  0.049013  0.665926
 1.108  0.048612  0.664709
 1.109  0.048209  0.663948
 1.110  0.047810  0.664874
 1.111  0.047396  0.662779
 1.112  0.046973  0.660895
 1.113  0.046528  0.659046
 1.114  0.046030  0.657764
 1.115  0.045651  0.657620
 1.116  0.045293  0.656033
 1.117  0.044937  0.655130
 1.118  0.044583  0.654903
 1.119  0.044220  0.655107
 1.120  0.043852  0.652969
 1.121  0.043484  0.651234
 1.122  0.043100  0.650013
 1.123  0.042703  0.650432
 1.124  0.042265  0.648173
 1.125  0.041943  0.647678
 1.126  0.041616  0.646632
 1.127  0.041286  0.646641
 1.128  0.040951  0.644265
 1.129  0.040617  0.642629
 1.130  0.040281  0.643070
 1.131  0.039934  0.642265
 1.132  0.039594  0.640616
 1.133  0.039231  0.639328
 1.134  0.038848  0.638641
 1.135  0.038553  0.636325
 1.136  0.038256  0.635772
 1.137  0.037964  0.638016
 1.138  0.037667  0.634538
 1.139  0.037366  0.633950
 1.140  0.037063  0.632655
 1.141  0.036761  0.631270
 1.142  0.036448  0.634397
 1.143  0.036114  0.628912
 1.144  0.035767  0.631369
 1.145  0.035497  0.626931
 1.146  0.035230  0.632198
 1.147  0.034955  0.623113
 1.148  0.034681  0.626031
 1.149  0.034401  0.626777
 1.150  0.034122  0.616340
 1.151  0.033850  0.620899
 1.152  0.033577  0.638877
 1.153  0.033205  0.349336
 1.154  0.032884  0.348353
 1.155  0.032646  0.347885
 1.156  0.032406  0.347400
 1.157  0.032166  0.346896
 1.158  0.031927  0.346387
 1.159  0.031688  0.345871
 1.160  0.031444  0.345306
 1.161  0.031201  0.344728
 1.162  0.030952  0.344103
 1.163  0.030698  0.343425
 1.164  0.030422  0.342575
 1.165  0.030163  0.341815
 1.166  0.029943  0.341305
 1.167  0.029723  0.340766
 1.168  0.029500  0.340154
 1.169  0.029281  0.339657
 1.170  0.029062  0.339147
 1.171  0.028844  0.338633
 1.172  0.028620  0.338069
 1.173  0.028397  0.337496
 1.174  0.028160  0.336814
 1.175  0.027893  0.335884
 1.176  0.027695  0.335449
 1.177  0.027496  0.335000
 1.178  0.027296  0.334529
 1.179  0.027097  0.334055
 1.180  0.026898  0.333574
 1.181  0.026697  0.333062
 1.182  0.026495  0.332526
 1.183  0.026293  0.331978
 1.184  0.026082  0.331347
 1.185  0.025866  0.330648
 1.186  0.025627  0.329728
 1.187  0.025443  0.329236
 1.188  0.025263  0.328814
 1.189  0.025083  0.328389
 1.190  0.024903  0.327943
 1.191  0.024720  0.327475
 1.192  0.024538  0.326998
 1.193  0.024355  0.326505
 1.194  0.024169  0.325979
 1.195  0.023983  0.325437
 1.196  0.023786  0.324789
 1.197  0.023572  0.323977
 1.198  0.023407  0.323567
 1.199  0.023241  0.323143
 1.200  0.023074  0.322700
 1.201  0.022908  0.322253
 1.202  0.022742  0.321799
 1.203  0.022575  0.321317
 1.204  0.022406  0.320804
 1.205  0.022236  0.320237
 1.206  0.022064  0.319687
 1.207  0.021889  0.319109
 1.208  0.021689  0.318289
 1.209  0.021538  0.317893
 1.210  0.021387  0.317495
 1.211  0.021236  0.317096
 1.212  0.021086  0.316687
 1.213  0.020933  0.316252
 1.214  0.020781  0.315807
 1.215  0.020629  0.315357
 1.216  0.020475  0.314870
 1.217  0.020320  0.314376
 1.218  0.020160  0.313811
 1.219  0.019985  0.313081
 1.220  0.019834  0.312579
 1.221  0.019695  0.312187
 1.222  0.019556  0.311775
 1.223  0.019416  0.311349
 1.224  0.019276  0.310898
 1.225  0.019139  0.310490
 1.226  0.018999  0.310050
 1.227  0.018860  0.309602
 1.228  0.018720  0.309137
 1.229  0.018576  0.308623
 1.230  0.018426  0.308036
 1.231  0.018270  0.307365
 1.232  0.018143  0.306991
 1.233  0.018016  0.306616
 1.234  0.017890  0.306239
 1.235  0.017763  0.305851
 1.236  0.017636  0.305443
 1.237  0.017508  0.305025
 1.238  0.017381  0.304604
 1.239  0.017252  0.304147
 1.240  0.017123  0.303686
 1.241  0.016990  0.303156
 1.242  0.016843  0.302468
 1.243  0.016719  0.302011
 1.244  0.016603  0.301651
 1.245  0.016486  0.301278
 1.246  0.016370  0.300897
 1.247  0.016254  0.300515
 1.248  0.016139  0.300130
 1.249  0.016022  0.299721
 1.250  0.015905  0.299302
 1.251  0.015788  0.298875
 1.252  0.015667  0.298398
 1.253  0.015545  0.297882
 1.254  0.015410  0.297203
 1.255  0.015303  0.296853
 1.256  0.015196  0.296501
 1.257  0.015090  0.296150
 1.258  0.014984  0.295794
 1.259  0.014877  0.295418
 1.260  0.014770  0.295034
 1.261  0.014664  0.294652
 1.262  0.014556  0.294245
 1.263  0.014449  0.293816
 1.264  0.014339  0.293355
 1.265  0.014226  0.292839
 1.266  0.014107  0.292227
 1.267  0.014009  0.291890
 1.268  0.013911  0.291545
 1.269  0.013813  0.291187
 1.270  0.013715  0.290829
 1.271  0.013618  0.290470
 1.272  0.013520  0.290101
 1.273  0.013422  0.289713
 1.274  0.013323  0.289322
 1.275  0.013224  0.288904
 1.276  0.013123  0.288461
 1.277  0.013017  0.287930
 1.278  0.012913  0.287413
 1.279  0.012823  0.287097
 1.280  0.012735  0.286810
 1.281  0.012645  0.286469
 1.282  0.012556  0.286118
 1.283  0.012465  0.285752
 1.284  0.012375  0.285380
 1.285  0.012285  0.285008
 1.286  0.012194  0.284607
 1.287  0.012104  0.284204
 1.288  0.012010  0.283753
 1.289  0.011913  0.283220
 1.290  0.011819  0.282747
 1.291  0.011737  0.282430
 1.292  0.011654  0.282105
 1.293  0.011571  0.281774
 1.294  0.011488  0.281444
 1.295  0.011406  0.281113
 1.296  0.011324  0.280774
 1.297  0.011241  0.280425
 1.298  0.011159  0.280089
 1.299  0.011077  0.279735
 1.300  0.010992  0.279305
 1.301  0.010902  0.278778
 1.302  0.010816  0.278302
 1.303  0.010740  0.277982
 1.304  0.010664  0.277661
 1.305  0.010588  0.277340
 1.306  0.010512  0.277008
 1.307  0.010435  0.276664
 1.308  0.010359  0.276318
 1.309  0.010284  0.275971
 1.310  0.010207  0.275601
 1.311  0.010130  0.275228
 1.312  0.010052  0.274814
 1.313  0.009970  0.274326
 1.314  0.009892  0.273898
 1.315  0.009822  0.273617
 1.316  0.009753  0.273342
 1.317  0.009685  0.273121
 1.318  0.009615  0.272787
 1.319  0.009545  0.272453
 1.320  0.009475  0.272109
 1.321  0.009404  0.271751
 1.322  0.009334  0.271392
 1.323  0.009263  0.271006
 1.324  0.009191  0.270606
 1.325  0.009116  0.270126
 1.326  0.009043  0.269667
 1.327  0.008978  0.269370
 1.328  0.008914  0.269074
 1.329  0.008849  0.268779
 1.330  0.008785  0.268476
 1.331  0.008720  0.268165
 1.332  0.008656  0.267857
 1.333  0.008592  0.267554
 1.334  0.008528  0.267241
 1.335  0.008465  0.266968
 1.336  0.008400  0.266615
 1.337  0.008332  0.266170
 1.338  0.008263  0.265680
 1.339  0.008203  0.265378
 1.340  0.008143  0.265072
 1.341  0.008084  0.264761
 1.342  0.008024  0.264449
 1.343  0.007965  0.264139
 1.344  0.007905  0.263822
 1.345  0.007845  0.263491
 1.346  0.007786  0.263163
 1.347  0.007726  0.262815
 1.348  0.007666  0.262452
 1.349  0.007604  0.262038
 1.350  0.007541  0.261594
 1.351  0.007486  0.261339
 1.352  0.007432  0.261098
 1.353  0.007378  0.260906
 1.354  0.007324  0.260666
 1.355  0.007269  0.260339
 1.356  0.007214  0.260011
 1.357  0.007159  0.259684
 1.358  0.007104  0.259340
 1.359  0.007048  0.258992
 1.360  0.006993  0.258623
 1.361  0.006936  0.258221
 1.362  0.006876  0.257737
 1.363  0.006825  0.257459
 1.364  0.006774  0.257183
 1.365  0.006723  0.256900
 1.366  0.006673  0.256623
 1.367  0.006623  0.256349
 1.368  0.006572  0.256076
 1.369  0.006522  0.255801
 1.370  0.006472  0.255543
 1.371  0.006424  0.255389
 1.372  0.006373  0.255012
 1.373  0.006320  0.254601
 1.374  0.006265  0.254113
 1.375  0.006218  0.253824
 1.376  0.006170  0.253535
 1.377  0.006123  0.253247
 1.378  0.006076  0.252955
 1.379  0.006029  0.252654
 1.380  0.005982  0.252355
 1.381  0.005935  0.252056
 1.382  0.005888  0.251750
 1.383  0.005842  0.251437
 1.384  0.005795  0.251119
 1.385  0.005747  0.250767
 1.386  0.005697  0.250333
 1.387  0.005654  0.250120
 1.388  0.005611  0.249941
 1.389  0.005570  0.249800
 1.390  0.005526  0.249495
 1.391  0.005482  0.249191
 1.392  0.005439  0.248884
 1.393  0.005395  0.248565
 1.394  0.005352  0.248246
 1.395  0.005308  0.247919
 1.396  0.005264  0.247576
 1.397  0.005220  0.247207
 1.398  0.005173  0.246754
 1.399  0.005133  0.246493
 1.400  0.005093  0.246241
 1.401  0.005052  0.245988
 1.402  0.005012  0.245740
 1.403  0.004973  0.245492
 1.404  0.004933  0.245260
 1.405  0.004894  0.245064
 1.406  0.004857  0.244950
 1.407  0.004816  0.244611
 1.408  0.004776  0.244261
 1.409  0.004734  0.243880
 1.410  0.004691  0.243421
 1.411  0.004654  0.243145
 1.412  0.004616  0.242866
 1.413  0.004578  0.242589
 1.414  0.004541  0.242313
 1.415  0.004504  0.242040
 1.416  0.004467  0.241764
 1.417  0.004430  0.241485
 1.418  0.004393  0.241212
 1.419  0.004356  0.240933
 1.420  0.004319  0.240650
 1.421  0.004282  0.240358
 1.422  0.004244  0.240057
 1.423  0.004212  0.239994
 1.424  0.004177  0.239702
 1.425  0.004142  0.239410
 1.426  0.004107  0.239114
 1.427  0.004072  0.238817
 1.428  0.004037  0.238522
 1.429  0.004003  0.238227
 1.430  0.003968  0.237923
 1.431  0.003934  0.237618
 1.432  0.003899  0.237296
 1.433  0.003864  0.236961
 1.434  0.003829  0.236590
 1.435  0.003797  0.236364
 1.436  0.003765  0.236140
 1.437  0.003733  0.235928
 1.438  0.003702  0.235752
 1.439  0.003672  0.235684
 1.440  0.003641  0.235476
 1.441  0.003609  0.235157
 1.442  0.003577  0.234842
 1.443  0.003544  0.234509
 1.444  0.003512  0.234177
 1.445  0.003479  0.233788
 1.446  0.003447  0.233446
 1.447  0.003417  0.233186
 1.448  0.003387  0.232930
 1.449  0.003358  0.232674
 1.450  0.003328  0.232423
 1.451  0.003299  0.232178
 1.452  0.003269  0.231946
 1.453  0.003240  0.231722
 1.454  0.003211  0.231519
 1.455  0.003184  0.231396
 1.456  0.003155  0.231214
 1.457  0.003124  0.230780
 1.458  0.003096  0.230495
 1.459  0.003067  0.230211
 1.460  0.003039  0.229928
 1.461  0.003012  0.229649
 1.462  0.002984  0.229372
 1.463  0.002956  0.229089
 1.464  0.002929  0.228817
 1.465  0.002901  0.228547
 1.466  0.002874  0.228273
 1.467  0.002847  0.228001
 1.468  0.002819  0.227705
 1.469  0.002792  0.227446
 1.470  0.002767  0.227305
 1.471  0.002744  0.227399
 1.472  0.002718  0.227096
 1.473  0.002692  0.226790
 1.474  0.002666  0.226485
 1.475  0.002640  0.226190
 1.476  0.002614  0.225886
 1.477  0.002589  0.225582
 1.478  0.002563  0.225278
 1.479  0.002538  0.224958
 1.480  0.002512  0.224606
 1.481  0.002488  0.224370
 1.482  0.002464  0.224144
 1.483  0.002440  0.223927
 1.484  0.002417  0.223740
 1.485  0.002393  0.223582
 1.486  0.002371  0.223515
 1.487  0.002349  0.223426
 1.488  0.002325  0.223102
 1.489  0.002301  0.222768
 1.490  0.002277  0.222429
 1.491  0.002252  0.222041
 1.492  0.002230  0.221767
 1.493  0.002207  0.221500
 1.494  0.002184  0.221238
 1.495  0.002162  0.220978
 1.496  0.002140  0.220738
 1.497  0.002118  0.220499
 1.498  0.002096  0.220281
 1.499  0.002075  0.220082
 1.500  0.002054  0.219924
 1.501  0.002033  0.219911
 1.502  0.002012  0.219663
 1.503  0.001990  0.219361
 1.504  0.001969  0.219058
 1.505  0.001948  0.218758
 1.506  0.001927  0.218473
 1.507  0.001906  0.218190
 1.508  0.001885  0.217908
 1.509  0.001865  0.217638
 1.510  0.001844  0.217369
 1.511  0.001824  0.217119
 1.512  0.001804  0.216864
 1.513  0.001784  0.216609
 1.514  0.001765  0.216470
 1.515  0.001747  0.216425
 1.516  0.001729  0.216452
 1.517  0.001709  0.216127
 1.518  0.001690  0.215812
 1.519  0.001670  0.215498
 1.520  0.001651  0.215186
 1.521  0.001632  0.214894
 1.522  0.001613  0.214596
 1.523  0.001594  0.214300
 1.524  0.001575  0.214002
 1.525  0.001557  0.213771
 1.526  0.001539  0.213565
 1.527  0.001521  0.213384
 1.528  0.001504  0.213241
 1.529  0.001487  0.213253
 1.530  0.001471  0.213224
 1.531  0.001452  0.212883
 1.532  0.001434  0.212547
 1.533  0.001417  0.212220
 1.534  0.001399  0.211873
 1.535  0.001382  0.211591
 1.536  0.001365  0.211317
 1.537  0.001348  0.211046
 1.538  0.001331  0.210800
 1.539  0.001314  0.210567
 1.540  0.001298  0.210383
 1.541  0.001282  0.210234
 1.542  0.001266  0.210176
 1.543  0.001252  0.210312
 1.544  0.001235  0.209952
 1.545  0.001219  0.209607
 1.546  0.001203  0.209282
 1.547  0.001187  0.208971
 1.548  0.001171  0.208664
 1.549  0.001155  0.208384
 1.550  0.001140  0.208110
 1.551  0.001124  0.207850
 1.552  0.001109  0.207626
 1.553  0.001094  0.207449
 1.554  0.001079  0.207317
 1.555  0.001066  0.207339
 1.556  0.001052  0.207402
 1.557  0.001037  0.207047
 1.558  0.001022  0.206694
 1.559  0.001007  0.206354
 1.560  0.000993  0.206040
 1.561  0.000978  0.205731
 1.562  0.000964  0.205450
 1.563  0.000950  0.205193
 1.564  0.000936  0.204977
 1.565  0.000922  0.204777
 1.566  0.000909  0.204650
 1.567  0.000896  0.204635
 1.568  0.000885  0.204828
 1.569  0.000871  0.204443
 1.570  0.000857  0.204077
 1.571  0.000843  0.203730
 1.572  0.000830  0.203410
 1.573  0.000817  0.203125
 1.574  0.000804  0.202854
 1.575  0.000791  0.202589
 1.576  0.000778  0.202334
 1.577  0.000765  0.202157
 1.578  0.000753  0.202059
 1.579  0.000742  0.202210
 1.580  0.000730  0.202189
 1.581  0.000718  0.201792
 1.582  0.000705  0.201454
 1.583  0.000693  0.201170
 1.584  0.000681  0.200816
 1.585  0.000669  0.200487
 1.586  0.000657  0.200180
 1.587  0.000645  0.199945
 1.588  0.000634  0.199730
 1.589  0.000623  0.199652
 1.590  0.000612  0.199800
 1.591  0.000602  0.199943
 1.592  0.000591  0.199580
 1.593  0.000579  0.199158
 1.594  0.000568  0.198773
 1.595  0.000556  0.198396
 1.596  0.000545  0.198074
 1.597  0.000534  0.197785
 1.598  0.000524  0.197570
 1.599  0.000513  0.197451
 1.600  0.000504  0.197626
 1.601  0.000495  0.198060
 1.602  0.000484  0.197559
 1.603  0.000474  0.197079
 1.604  0.000463  0.196650
 1.605  0.000453  0.196276
 1.606  0.000443  0.195938
 1.607  0.000433  0.195684
 1.608  0.000423  0.195549
 1.609  0.000414  0.195537
 1.610  0.000405  0.195613
 1.611  0.000397  0.195895
 1.612  0.000387  0.195376
 1.613  0.000377  0.194889
 1.614  0.000368  0.194439
 1.615  0.000359  0.194158
 1.616  0.000350  0.194019
 1.617  0.000341  0.193776
 1.618  0.000332  0.193529
 1.619  0.000324  0.193536
 1.620  0.000316  0.194102
 1.621  0.000307  0.193535
 1.622  0.000298  0.193059
 1.623  0.000290  0.192668
 1.624  0.000282  0.192546
 1.625  0.000273  0.192123
 1.626  0.000265  0.191784
 1.627  0.000257  0.191594
 1.628  0.000250  0.192017
 1.629  0.000243  0.192110
 1.630  0.000235  0.191624
 1.631  0.000228  0.191446
 1.632  0.000220  0.190810
 1.633  0.000212  0.190383
 1.634  0.000204  0.190005
 1.635  0.000197  0.189935
 1.636  0.000191  0.190527
 1.637  0.000185  0.190705
 1.638  0.000178  0.190287
 1.639  0.000170  0.189534
 1.640  0.000163  0.188886
 1.641  0.000156  0.188514
 1.642  0.000150  0.188311
 1.643  0.000144  0.188791
 1.644  0.000139  0.189804
 1.645  0.000133  0.188858
 1.646  0.000126  0.187930
 1.647  0.000120  0.187293
 1.648  0.000114  0.186912
 1.649  0.000108  0.187258
 1.650  0.000104  0.189140
 1.651  0.000098  0.187876
 1.652  0.000092  0.186866
 1.653  0.000087  0.185922
 1.654  0.000082  0.185678
 1.655  0.000077  0.186762
 1.656  0.000074  0.187907
 1.657  0.000069  0.186258
 1.658  0.000064  0.185277
 1.659  0.000059  0.184598
 1.660  0.000055  0.185397
 1.661  0.000052  0.186154
 1.662  0.000048  0.185370
 1.663  0.000045  0.184124
 1.664  0.000041  0.184485
 1.665  0.000038  0.184154
 1.666  0.000037  0.185705
 1.667  0.000034  0.183201
 1.668  0.000031  0.184538
 1.669  0.000029  0.182996
 1.670  0.000028  0.184625
 1.671  0.000027  0.182433
 1.672  0.000026  0.182463
 1.673  0.000028  0.184839
 1.674  0.000028  0.182236
 1.675  0.000029  0.180839
 1.676  0.000033  0.181057
 1.677  0.000037  0.178020
 1.678  0.000045  0.178857
 1.679  0.000062  0.189803
 1.680  0.000000  0.000000
