0.000    0.000232    0.000000
0.150    0.000241    0.000473
0.300    0.000250    0.000720
0.440    0.000260    0.000894
0.590    0.000271    0.001030
0.740    0.000283    0.001143
0.890    0.000297    0.001241
1.040    0.000311    0.001329
1.180    0.000326    0.001410
1.330    0.000343    0.001486
1.480    0.000362    0.001559
1.630    0.000383    0.001628
1.770    0.000405    0.001695
1.920    0.000431    0.001762
2.070    0.000461    0.001827
2.220    0.000496    0.001893
2.370    0.000535    0.001960
2.510    0.000578    0.002028
2.660    0.000632    0.002098
2.810    0.000698    0.002171
2.960    0.000778    0.002249
3.110    0.000880    0.002332
3.250    0.001003    0.002423
3.400    0.001181    0.002526
3.550    0.001440    0.002645
3.700    0.001856    0.002793
3.840    0.002571    0.002991
3.990    0.004525    0.003326
4.140    0.010150    0.004049
4.290    0.033400    0.006346
4.440    0.029607    0.008313
4.580    0.020971    0.009663
4.730    0.021830    0.011025
4.880    0.030685    0.012880
5.030    0.035237    0.014946
5.180    0.027836    0.016532
5.320    0.030161    0.018204
5.470    0.033355    0.020003
5.620    0.051093    0.022685
5.770    0.038519    0.024654
5.910    0.028907    0.026097
6.060    0.049616    0.028512
6.210    0.048992    0.030840
6.360    0.044568    0.032907
6.510    0.042374    0.034827
6.650    0.034750    0.036369
6.800    0.072640    0.039520
6.950    0.049335    0.041614
7.100    0.046566    0.043549
7.250    0.051409    0.045641
7.390    0.080722    0.048863
7.540    0.070692    0.051629
7.690    0.063070    0.054048
7.840    0.079295    0.057032
7.980    0.111320    0.061147
8.130    0.110187    0.065145
8.280    0.078425    0.067939
8.430    0.075745    0.070590
8.580    0.145386    0.075589
8.720    0.081731    0.078354
8.870    0.080421    0.081028
9.020    0.054838    0.082822
9.170    0.053868    0.084555
9.320    0.037690    0.085748
9.460    0.018778    0.086333
9.610    0.012935    0.086730
9.760    0.008753    0.086995
9.910    0.005424    0.087156
10.060    0.003444    0.087257
10.200    0.002607    0.087333
10.350    0.002103    0.087393
10.500    0.001759    0.087442
10.650    0.001543    0.087485
10.790    0.001395    0.087523
10.940    0.001276    0.087558
11.090    0.001184    0.087589
11.240    0.001113    0.087618
11.390    0.001057    0.087646
11.530    0.001017    0.087672
11.680    0.000984    0.087696
11.830    0.000960    0.087720
11.980    0.000944    0.087744
12.130    0.000936    0.087766
12.270    0.000937    0.087789
12.420    0.000941    0.087811
12.570    0.000965    0.087834
12.720    0.000985    0.087857
12.860    0.001021    0.087880
13.010    0.001081    0.087905
13.160    0.001118    0.087930
13.310    0.001204    0.087956
13.460    0.001259    0.087984
13.600    0.001342    0.088013
13.750    0.001426    0.088044
13.900    0.001512    0.088076
14.050    0.001615    0.088110
14.200    0.001721    0.088145
14.340    0.001842    0.088183
14.490    0.001986    0.088224
14.640    0.002157    0.088267
14.790    0.002362    0.088314
14.930    0.002590    0.088365
15.080    0.002888    0.088422
15.230    0.003272    0.088485
15.380    0.003752    0.088557
15.530    0.004389    0.088641
15.670    0.005209    0.088739
15.820    0.006455    0.088859
15.970    0.008396    0.089014
16.120    0.011902    0.089232
16.270    0.019764    0.089590
16.410    0.044702    0.090394
16.560    0.120242    0.092536
16.710    0.168168    0.095505
16.860    0.149178    0.098115
17.010    0.128793    0.100349
17.150    0.119762    0.102409
17.300    0.125069    0.104541
17.450    0.236643    0.108542
17.600    0.639714    0.119264
17.740    0.923212    0.134617
17.890    0.318118    0.139862
18.040    0.093725    0.141395
18.190    0.044738    0.142120
18.340    0.026769    0.142551
18.480    0.018465    0.142846
18.630    0.013235    0.143055
18.780    0.009904    0.143211
18.930    0.007656    0.143330
19.080    0.006115    0.143425
19.220    0.005111    0.143503
19.370    0.004339    0.143569
19.520    0.003772    0.143626
19.670    0.003348    0.143677
19.810    0.003052    0.143722
19.960    0.002821    0.143764
20.110    0.002672    0.143803
20.260    0.002605    0.143841
20.410    0.002633    0.143879
20.550    0.002775    0.143919
20.700    0.003134    0.143963
20.850    0.003944    0.144019
21.000    0.006115    0.144105
21.150    0.011951    0.144272
21.290    0.023871    0.144602
21.440    0.045214    0.145225
21.590    0.078281    0.146294
21.740    0.083553    0.147428
21.880    0.058842    0.148221
22.030    0.035496    0.148697
22.180    0.011151    0.148845
22.330    0.005305    0.148915
22.480    0.003362    0.148959
22.620    0.002477    0.148991
22.770    0.001925    0.149016
22.920    0.001575    0.149037
23.070    0.001335    0.149054
23.220    0.001161    0.149068
23.360    0.001038    0.149082
23.510    0.000935    0.149093
23.660    0.000853    0.149104
23.810    0.000786    0.149114
23.950    0.000733    0.149123
24.100    0.000686    0.149131
24.250    0.000646    0.149139
24.400    0.000611    0.149146
24.550    0.000581    0.149153
24.690    0.000557    0.149160
24.840    0.000533    0.149166
24.990    0.000513    0.149172
25.140    0.000494    0.149178
25.290    0.000478    0.149184
25.430    0.000464    0.149189
25.580    0.000451    0.149194
25.730    0.000439    0.149199
25.880    0.000428    0.149204
26.030    0.000418    0.149209
26.170    0.000410    0.149214
26.320    0.000402    0.149218
26.470    0.000395    0.149223
26.620    0.000388    0.149227
26.760    0.000383    0.149231
26.910    0.000378    0.149235
27.060    0.000373    0.149239
27.210    0.000369    0.149243
27.360    0.000366    0.149247
27.500    0.000363    0.149251
27.650    0.000360    0.149255
27.800    0.000358    0.149259
27.950    0.000356    0.149262
28.100    0.000354    0.149266
28.240    0.000353    0.149270
28.390    0.000352    0.149274
28.540    0.000352    0.149277
28.690    0.000352    0.149281
28.830    0.000352    0.149284
28.980    0.000352    0.149288
29.130    0.000353    0.149292
29.280    0.000354    0.149295
29.430    0.000356    0.149299
29.570    0.000357    0.149302
29.720    0.000359    0.149306
29.870    0.000362    0.149309
30.020    0.000364    0.149313
30.170    0.000367    0.149317
30.310    0.000370    0.149320
30.460    0.000374    0.149324
30.610    0.000378    0.149327
30.760    0.000382    0.149331
30.900    0.000386    0.149335
31.050    0.000391    0.149339
31.200    0.000397    0.149342
31.350    0.000402    0.149346
31.500    0.000408    0.149350
31.640    0.000414    0.149354
31.790    0.000421    0.149358
31.940    0.000428    0.149362
32.090    0.000436    0.149366
32.240    0.000444    0.149370
32.380    0.000452    0.149374
32.530    0.000462    0.149378
32.680    0.000471    0.149382
32.830    0.000482    0.149387
32.970    0.000492    0.149391
33.120    0.000503    0.149395
33.270    0.000515    0.149400
33.420    0.000528    0.149405
33.570    0.000542    0.149409
33.710    0.000556    0.149414
33.860    0.000571    0.149419
34.010    0.000587    0.149424
34.160    0.000605    0.149430
34.310    0.000623    0.149435
34.450    0.000642    0.149440
34.600    0.000663    0.149446
34.750    0.000685    0.149452
34.900    0.000709    0.149458
35.050    0.000735    0.149464
35.190    0.000760    0.149470
35.340    0.000790    0.149477
35.490    0.000822    0.149484
35.640    0.000856    0.149491
35.780    0.000891    0.149498
35.930    0.000931    0.149506
36.080    0.000974    0.149514
36.230    0.001022    0.149522
36.380    0.001075    0.149531
36.520    0.001129    0.149540
36.670    0.001193    0.149550
36.820    0.001264    0.149560
36.970    0.001344    0.149571
37.120    0.001434    0.149582
37.260    0.001529    0.149594
37.410    0.001647    0.149607
37.560    0.001783    0.149621
37.710    0.001945    0.149636
37.850    0.002124    0.149653
38.000    0.002356    0.149671
38.150    0.002647    0.149692
38.300    0.003020    0.149715
38.450    0.003516    0.149742
38.590    0.004151    0.149774
38.740    0.005138    0.149813
38.890    0.006702    0.149863
39.040    0.009479    0.149935
39.190    0.015386    0.150051
39.330    0.030887    0.150283
39.480    0.115502    0.151146
39.630    0.185928    0.152530
39.780    0.167146    0.153769
39.920    0.181056    0.155107
40.070    0.126121    0.156036
40.220    0.037235    0.156309
40.370    0.017351    0.156436
40.520    0.011555    0.156520
40.660    0.009319    0.156587
40.810    0.008302    0.156647
40.960    0.008281    0.156707
41.110    0.009892    0.156778
41.260    0.011472    0.156860
41.400    0.011221    0.156940
41.550    0.010768    0.157016
41.700    0.011799    0.157100
41.850    0.013480    0.157195
41.990    0.015032    0.157300
42.140    0.016710    0.157417
42.290    0.019783    0.157555
42.440    0.025876    0.157735
42.590    0.042351    0.158029
42.730    0.068696    0.158503
42.880    0.073278    0.159007
43.030    0.091546    0.159635
43.180    0.163786    0.160754
43.330    0.462776    0.163904
43.470    1.501537    0.174094
43.620    1.480501    0.184107
43.770    1.180981    0.192066
43.920    1.089222    0.199382
44.070    1.195595    0.207386
44.210    1.126014    0.214899
44.360    0.284349    0.216790
44.510    0.139871    0.217717
44.660    0.132308    0.218591
44.800    0.107647    0.219300
44.950    0.105513    0.219992
45.100    0.099391    0.220642
45.250    0.057225    0.221015
45.400    0.035019    0.221243
45.540    0.031585    0.221448
45.690    0.048718    0.221762
45.840    0.106783    0.222449
45.990    0.128841    0.223276
46.140    0.148425    0.224225
46.280    0.172006    0.225321
46.430    0.205135    0.226625
46.580    0.247323    0.228191
46.730    0.174328    0.229291
46.870    0.059074    0.229663
47.020    0.025400    0.229823
47.170    0.016708    0.229927
47.320    0.012075    0.230002
47.470    0.009138    0.230059
47.610    0.007305    0.230104
47.760    0.005716    0.230140
47.910    0.004781    0.230169
48.060    0.004144    0.230195
48.210    0.003658    0.230217
48.350    0.003294    0.230237
48.500    0.002973    0.230255
48.650    0.002704    0.230272
48.800    0.002475    0.230286
48.940    0.002291    0.230300
49.090    0.002119    0.230313
49.240    0.001967    0.230325
49.390    0.001834    0.230336
49.540    0.001715    0.230346
49.680    0.001615    0.230356
49.830    0.001518    0.230365
49.980    0.001430    0.230373
50.130    0.001351    0.230381
50.280    0.001278    0.230388
50.420    0.001216    0.230396
50.570    0.001155    0.230402
50.720    0.001098    0.230409
50.870    0.001046    0.230415
51.020    0.000998    0.230421
51.160    0.000956    0.230426
51.310    0.000914    0.230431
51.460    0.000875    0.230436
51.610    0.000838    0.230441
51.750    0.000806    0.230446
51.900    0.000774    0.230450
52.050    0.000744    0.230454
52.200    0.000716    0.230458
52.350    0.000689    0.230462
52.490    0.000665    0.230466
52.640    0.000642    0.230470
52.790    0.000619    0.230473
52.940    0.000598    0.230476
53.090    0.000578    0.230480
53.230    0.000560    0.230483
53.380    0.000541    0.230486
53.530    0.000524    0.230489
53.680    0.000508    0.230491
53.820    0.000493    0.230494
53.970    0.000478    0.230497
54.120    0.000464    0.230499
54.270    0.000450    0.230502
54.420    0.000437    0.230504
54.560    0.000426    0.230506
54.710    0.000414    0.230509
54.860    0.000402    0.230511
55.010    0.000391    0.230513
55.160    0.000381    0.230515
55.300    0.000371    0.230517
55.450    0.000362    0.230519
55.600    0.000352    0.230521
55.750    0.000343    0.230522
55.890    0.000335    0.230524
56.040    0.000327    0.230526
56.190    0.000319    0.230528
56.340    0.000312    0.230529
56.490    0.000304    0.230531
56.630    0.000298    0.230532
56.780    0.000291    0.230534
56.930    0.000284    0.230535
57.080    0.000278    0.230537
57.230    0.000271    0.230538
57.370    0.000266    0.230540
57.520    0.000260    0.230541
57.670    0.000254    0.230542
57.820    0.000249    0.230543
57.960    0.000244    0.230545
58.110    0.000239    0.230546
58.260    0.000234    0.230547
58.410    0.000229    0.230548
58.560    0.000225    0.230549
58.700    0.000221    0.230550
58.850    0.000216    0.230552
59.000    0.000212    0.230553
