0.000    0.000832    0.000000
0.150    0.000942    0.001852
0.300    0.001091    0.002925
0.440    0.001291    0.003790
0.590    0.001202    0.004391
0.740    0.000869    0.004737
0.890    0.000546    0.004918
1.040    0.000461    0.005049
1.180    0.000383    0.005145
1.330    0.000312    0.005214
1.480    0.000326    0.005279
1.630    0.000345    0.005342
1.770    0.000365    0.005403
1.920    0.000388    0.005462
2.070    0.000415    0.005521
2.220    0.000445    0.005580
2.370    0.000479    0.005640
2.510    0.000522    0.005701
2.660    0.000604    0.005768
2.810    0.000660    0.005838
2.960    0.000729    0.005910
3.110    0.000814    0.005987
3.250    0.000913    0.006070
3.400    0.001055    0.006162
3.550    0.001253    0.006266
3.700    0.001553    0.006390
3.840    0.002032    0.006546
3.990    0.003248    0.006786
4.140    0.005372    0.007169
4.290    0.015437    0.008230
4.440    0.032226    0.010372
4.580    0.024742    0.011965
4.730    0.026733    0.013632
4.880    0.018455    0.014748
5.030    0.038726    0.017019
5.180    0.035766    0.019056
5.320    0.022999    0.020331
5.470    0.034221    0.022177
5.620    0.041823    0.024372
5.770    0.045510    0.026699
5.910    0.040170    0.028704
6.060    0.029563    0.030143
6.210    0.050042    0.032521
6.360    0.045703    0.034640
6.510    0.040479    0.036475
6.650    0.037165    0.038123
6.800    0.043155    0.039996
6.950    0.063297    0.042682
7.100    0.049438    0.044736
7.250    0.048259    0.046700
7.390    0.051612    0.048760
7.540    0.082865    0.052002
7.690    0.059857    0.054299
7.840    0.056893    0.056439
7.980    0.089297    0.059740
8.130    0.105990    0.063586
8.280    0.115780    0.067711
8.430    0.082499    0.070598
8.580    0.086371    0.073568
8.720    0.135031    0.078136
8.870    0.073341    0.080575
9.020    0.068174    0.082805
9.170    0.051517    0.084462
9.320    0.051969    0.086107
9.460    0.030222    0.087049
9.610    0.017352    0.087582
9.760    0.011330    0.087925
9.910    0.007282    0.088141
10.060    0.004909    0.088285
10.200    0.003118    0.088376
10.350    0.002385    0.088443
10.500    0.001926    0.088498
10.650    0.001624    0.088543
10.790    0.001438    0.088582
10.940    0.001289    0.088617
11.090    0.001176    0.088648
11.240    0.001088    0.088677
11.390    0.001018    0.088703
11.530    0.000965    0.088728
11.680    0.000920    0.088751
11.830    0.000885    0.088773
11.980    0.000857    0.088794
12.130    0.000837    0.088814
12.270    0.000828    0.088834
12.420    0.000818    0.088854
12.570    0.000825    0.088873
12.720    0.000836    0.088892
12.860    0.000846    0.088912
13.010    0.000897    0.088932
13.160    0.000900    0.088952
13.310    0.000972    0.088974
13.460    0.000996    0.088996
13.600    0.001052    0.089019
13.750    0.001102    0.089042
13.900    0.001149    0.089067
14.050    0.001207    0.089092
14.200    0.001260    0.089118
14.340    0.001323    0.089145
14.490    0.001388    0.089174
14.640    0.001467    0.089203
14.790    0.001550    0.089234
14.930    0.001646    0.089267
15.080    0.001762    0.089301
15.230    0.001902    0.089338
15.380    0.002054    0.089377
15.530    0.002246    0.089420
15.670    0.002468    0.089466
15.820    0.002757    0.089518
15.970    0.003107    0.089575
16.120    0.003591    0.089641
16.270    0.004255    0.089718
16.410    0.005274    0.089813
16.560    0.007540    0.089947
16.710    0.013234    0.090181
16.860    0.017984    0.090496
17.010    0.021018    0.090860
17.150    0.026868    0.091322
17.300    0.039302    0.091992
17.450    0.048526    0.092813
17.600    0.064742    0.093898
17.740    0.087428    0.095352
17.890    0.172554    0.098197
18.040    0.514846    0.106616
18.190    0.929687    0.121694
18.340    0.537831    0.130345
18.480    0.284961    0.134893
18.630    0.146785    0.137218
18.780    0.072686    0.138359
18.930    0.037722    0.138947
19.080    0.026043    0.139350
19.220    0.017580    0.139620
19.370    0.013957    0.139832
19.520    0.009370    0.139974
19.670    0.007713    0.140090
19.810    0.007394    0.140200
19.960    0.004968    0.140273
20.110    0.004237    0.140335
20.260    0.003635    0.140388
20.410    0.003195    0.140434
20.550    0.002953    0.140477
20.700    0.002801    0.140517
20.850    0.002756    0.140556
21.000    0.002845    0.140596
21.150    0.003147    0.140640
21.290    0.003839    0.140693
21.440    0.005889    0.140774
21.590    0.010856    0.140922
21.740    0.024124    0.141250
21.880    0.048392    0.141902
22.030    0.067920    0.142812
22.180    0.057608    0.143578
22.330    0.039722    0.144102
22.480    0.027284    0.144461
22.620    0.019769    0.144718
22.770    0.014267    0.144903
22.920    0.010317    0.145036
23.070    0.007605    0.145133
23.220    0.005777    0.145207
23.360    0.004035    0.145258
23.510    0.003019    0.145295
23.660    0.003187    0.145335
23.810    0.002680    0.145368
23.950    0.001939    0.145392
24.100    0.002210    0.145419
24.250    0.002064    0.145444
24.400    0.001167    0.145459
24.550    0.001271    0.145474
24.690    0.001788    0.145495
24.840    0.001790    0.145516
24.990    0.001017    0.145528
25.140    0.000746    0.145537
25.290    0.000716    0.145546
25.430    0.000879    0.145556
25.580    0.002148    0.145581
25.730    0.000964    0.145592
25.880    0.000621    0.145599
26.030    0.000550    0.145605
26.170    0.000573    0.145611
26.320    0.000875    0.145621
26.470    0.000535    0.145627
26.620    0.000454    0.145632
26.760    0.000428    0.145637
26.910    0.000412    0.145641
27.060    0.000400    0.145646
27.210    0.000391    0.145650
27.360    0.000384    0.145654
27.500    0.000378    0.145658
27.650    0.000372    0.145662
27.800    0.000368    0.145666
27.950    0.000364    0.145670
28.100    0.000360    0.145674
28.240    0.000357    0.145677
28.390    0.000355    0.145681
28.540    0.000353    0.145685
28.690    0.000351    0.145688
28.830    0.000350    0.145692
28.980    0.000349    0.145695
29.130    0.000349    0.145699
29.280    0.000349    0.145703
29.430    0.000349    0.145706
29.570    0.000349    0.145710
29.720    0.000350    0.145713
29.870    0.000351    0.145716
30.020    0.000353    0.145720
30.170    0.000355    0.145723
30.310    0.000357    0.145727
30.460    0.000359    0.145730
30.610    0.000362    0.145734
30.760    0.000365    0.145737
30.900    0.000368    0.145741
31.050    0.000372    0.145744
31.200    0.000376    0.145748
31.350    0.000380    0.145752
31.500    0.000385    0.145755
31.640    0.000390    0.145759
31.790    0.000396    0.145762
31.940    0.000401    0.145766
32.090    0.000408    0.145770
32.240    0.000415    0.145774
32.380    0.000421    0.145778
32.530    0.000429    0.145781
32.680    0.000437    0.145785
32.830    0.000445    0.145789
32.970    0.000454    0.145793
33.120    0.000464    0.145798
33.270    0.000474    0.145802
33.420    0.000485    0.145806
33.570    0.000496    0.145810
33.710    0.000508    0.145815
33.860    0.000521    0.145819
34.010    0.000534    0.145824
34.160    0.000549    0.145829
34.310    0.000565    0.145834
34.450    0.000580    0.145839
34.600    0.000598    0.145844
34.750    0.000617    0.145849
34.900    0.000637    0.145854
35.050    0.000659    0.145860
35.190    0.000680    0.145866
35.340    0.000705    0.145871
35.490    0.000731    0.145877
35.640    0.000760    0.145884
35.780    0.000789    0.145890
35.930    0.000822    0.145897
36.080    0.000859    0.145904
36.230    0.000899    0.145911
36.380    0.000942    0.145919
36.520    0.000986    0.145927
36.670    0.001039    0.145935
36.820    0.001097    0.145944
36.970    0.001162    0.145953
37.120    0.001235    0.145963
37.260    0.001311    0.145974
37.410    0.001405    0.145985
37.560    0.001512    0.145997
37.710    0.001638    0.146009
37.850    0.001775    0.146023
38.000    0.001950    0.146038
38.150    0.002164    0.146055
38.300    0.002430    0.146074
38.450    0.002770    0.146095
38.590    0.003184    0.146119
38.740    0.003786    0.146148
38.890    0.004653    0.146183
39.040    0.005985    0.146229
39.190    0.008227    0.146291
39.330    0.012155    0.146382
39.480    0.022066    0.146547
39.630    0.056874    0.146970
39.780    0.220634    0.148606
39.920    0.237892    0.150364
40.070    0.214260    0.151942
40.220    0.084613    0.152562
40.370    0.027650    0.152764
40.520    0.014870    0.152873
40.660    0.010467    0.152948
40.810    0.008300    0.153008
40.960    0.007372    0.153062
41.110    0.007506    0.153115
41.260    0.008413    0.153176
41.400    0.009519    0.153243
41.550    0.009784    0.153313
41.700    0.009355    0.153379
41.850    0.009921    0.153449
41.990    0.010964    0.153526
42.140    0.011696    0.153608
42.290    0.012388    0.153694
42.440    0.014406    0.153794
42.590    0.018459    0.153922
42.730    0.027702    0.154114
42.880    0.054656    0.154490
43.030    0.057766    0.154886
43.180    0.057877    0.155281
43.330    0.088056    0.155880
43.470    0.182054    0.157116
43.620    0.641110    0.161452
43.770    1.238986    0.169802
43.920    0.992973    0.176472
44.070    0.770177    0.181627
44.210    0.635284    0.185866
44.360    0.535010    0.189424
44.510    0.464495    0.192503
44.660    0.444967    0.195442
44.800    0.441435    0.198349
44.950    0.325558    0.200485
45.100    0.283572    0.202340
45.250    0.246667    0.203948
45.400    0.321055    0.206034
45.540    0.184562    0.207230
45.690    0.196142    0.208496
45.840    0.211484    0.209857
45.990    0.195153    0.211109
46.140    0.155681    0.212105
46.280    0.205628    0.213415
46.430    0.233478    0.214899
46.580    0.368489    0.217232
46.730    0.478834    0.220255
46.870    0.211498    0.221586
47.020    0.068452    0.222016
47.170    0.034658    0.222233
47.320    0.023617    0.222380
47.470    0.018480    0.222495
47.610    0.017749    0.222605
47.760    0.028103    0.222778
47.910    0.091270    0.223340
48.060    0.024770    0.223492
48.210    0.010944    0.223559
48.350    0.007427    0.223605
48.500    0.005707    0.223639
48.650    0.004713    0.223668
48.800    0.004043    0.223692
48.940    0.003579    0.223714
49.090    0.003190    0.223733
49.240    0.002875    0.223750
49.390    0.002614    0.223766
49.540    0.002394    0.223780
49.680    0.002216    0.223793
49.830    0.002050    0.223805
49.980    0.001905    0.223817
50.130    0.001776    0.223827
50.280    0.001661    0.223837
50.420    0.001565    0.223846
50.570    0.001472    0.223855
50.720    0.001387    0.223863
50.870    0.001310    0.223870
51.020    0.001240    0.223877
51.160    0.001180    0.223884
51.310    0.001121    0.223891
51.460    0.001066    0.223897
51.610    0.001015    0.223903
51.750    0.000971    0.223908
51.900    0.000928    0.223913
52.050    0.000887    0.223918
52.200    0.000849    0.223923
52.350    0.000814    0.223928
52.490    0.000783    0.223932
52.640    0.000752    0.223936
52.790    0.000723    0.223941
52.940    0.000695    0.223944
53.090    0.000669    0.223948
53.230    0.000646    0.223952
53.380    0.000623    0.223955
53.530    0.000602    0.223958
53.680    0.000581    0.223962
53.820    0.000563    0.223965
53.970    0.000544    0.223968
54.120    0.000526    0.223971
54.270    0.000509    0.223973
54.420    0.000493    0.223976
54.560    0.000479    0.223979
54.710    0.000465    0.223981
54.860    0.000451    0.223984
55.010    0.000438    0.223986
55.160    0.000425    0.223988
55.300    0.000414    0.223990
55.450    0.000402    0.223993
55.600    0.000391    0.223995
55.750    0.000380    0.223997
55.890    0.000371    0.223999
56.040    0.000361    0.224000
56.190    0.000352    0.224002
56.340    0.000343    0.224004
56.490    0.000334    0.224006
56.630    0.000326    0.224008
56.780    0.000318    0.224009
56.930    0.000311    0.224011
57.080    0.000303    0.224012
57.230    0.000296    0.224014
57.370    0.000290    0.224015
57.520    0.000283    0.224017
57.670    0.000276    0.224018
57.820    0.000270    0.224020
57.960    0.000265    0.224021
58.110    0.000259    0.224022
58.260    0.000253    0.224024
58.410    0.000248    0.224025
58.560    0.000243    0.224026
58.700    0.000238    0.224027
58.850    0.000233    0.224028
59.000    0.000228    0.224030
