0.000    0.000001    0.000000
0.150    0.000019    0.000038
0.300    0.000038    0.000076
0.440    0.000058    0.000114
0.590    0.000076    0.000152
0.740    0.000093    0.000189
0.890    0.000109    0.000225
1.040    0.000123    0.000260
1.180    0.000137    0.000294
1.330    0.000151    0.000328
1.480    0.000169    0.000362
1.630    0.000188    0.000396
1.770    0.000208    0.000430
1.920    0.000228    0.000465
2.070    0.000250    0.000501
2.220    0.000273    0.000537
2.370    0.000299    0.000575
2.510    0.000345    0.000615
2.660    0.000433    0.000663
2.810    0.000469    0.000712
2.960    0.000510    0.000763
3.110    0.000556    0.000816
3.250    0.000606    0.000871
3.400    0.000670    0.000929
3.550    0.000750    0.000991
3.700    0.000857    0.001060
3.840    0.001009    0.001137
3.990    0.001312    0.001234
4.140    0.001985    0.001376
4.290    0.008431    0.001955
4.440    0.040268    0.004631
4.580    0.020322    0.005940
4.730    0.024660    0.007478
4.880    0.007601    0.007937
5.030    0.046207    0.010647
5.180    0.025506    0.012100
5.320    0.011640    0.012745
5.470    0.049485    0.015414
5.620    0.041474    0.017591
5.770    0.086308    0.022004
5.910    0.047734    0.024386
6.060    0.014082    0.025072
6.210    0.049177    0.027408
6.360    0.034996    0.029031
6.510    0.039452    0.030819
6.650    0.034278    0.032340
6.800    0.032576    0.033753
6.950    0.073633    0.036878
7.100    0.059628    0.039356
7.250    0.042627    0.041090
7.390    0.038525    0.042628
7.540    0.076202    0.045610
7.690    0.045552    0.047357
7.840    0.043045    0.048977
7.980    0.093018    0.052415
8.130    0.120950    0.056804
8.280    0.144111    0.061938
8.430    0.086601    0.064969
8.580    0.072240    0.067453
8.720    0.149958    0.072526
8.870    0.060836    0.074549
9.020    0.070466    0.076854
9.170    0.047185    0.078372
9.320    0.057430    0.080189
9.460    0.028127    0.081067
9.610    0.016833    0.081583
9.760    0.010282    0.081894
9.910    0.007079    0.082105
10.060    0.005286    0.082260
10.200    0.003485    0.082361
10.350    0.003032    0.082447
10.500    0.002762    0.082525
10.650    0.002611    0.082597
10.790    0.002554    0.082667
10.940    0.002527    0.082735
11.090    0.002528    0.082802
11.240    0.002549    0.082869
11.390    0.002586    0.082936
11.530    0.002635    0.083003
11.680    0.002698    0.083072
11.830    0.002772    0.083141
11.980    0.002858    0.083211
12.130    0.002954    0.083283
12.270    0.003064    0.083357
12.420    0.003176    0.083432
12.570    0.003321    0.083510
12.720    0.003492    0.083591
12.860    0.003624    0.083674
13.010    0.003883    0.083762
13.160    0.004003    0.083852
13.310    0.004323    0.083948
13.460    0.004509    0.084047
13.600    0.004783    0.084150
13.750    0.005116    0.084260
13.900    0.005389    0.084374
14.050    0.005761    0.084495
14.200    0.006110    0.084622
14.340    0.006515    0.084756
14.490    0.006976    0.084898
14.640    0.007497    0.085049
14.790    0.008056    0.085210
14.930    0.008682    0.085382
15.080    0.009412    0.085566
15.230    0.010260    0.085764
15.380    0.011223    0.085980
15.530    0.012361    0.086215
15.670    0.013602    0.086471
15.820    0.015172    0.086754
15.970    0.017047    0.087068
16.120    0.019366    0.087423
16.270    0.022282    0.087827
16.410    0.025893    0.088292
16.560    0.031431    0.088852
16.710    0.038930    0.089540
16.860    0.045961    0.090344
17.010    0.053625    0.091274
17.150    0.063324    0.092363
17.300    0.076743    0.093672
17.450    0.093899    0.095259
17.600    0.117165    0.097223
17.740    0.147274    0.099672
17.890    0.189051    0.102789
18.040    0.231462    0.106574
18.190    0.251553    0.110654
18.340    0.232938    0.114401
18.480    0.193730    0.117493
18.630    0.151112    0.119886
18.780    0.117210    0.121727
18.930    0.092243    0.123165
19.080    0.074049    0.124310
19.220    0.061405    0.125252
19.370    0.051105    0.126030
19.520    0.043220    0.126684
19.670    0.037093    0.127240
19.810    0.032576    0.127725
19.960    0.028712    0.128149
20.110    0.025631    0.128525
20.260    0.023141    0.128862
20.410    0.021127    0.129168
20.550    0.019640    0.129450
20.700    0.018511    0.129713
20.850    0.017862    0.129966
21.000    0.017710    0.130215
21.150    0.018132    0.130468
21.290    0.019160    0.130733
21.440    0.021079    0.131023
21.590    0.023924    0.131350
21.740    0.027429    0.131722
21.880    0.030414    0.132132
22.030    0.031868    0.132559
22.180    0.030740    0.132968
22.330    0.027763    0.133335
22.480    0.024156    0.133652
22.620    0.020941    0.133925
22.770    0.017959    0.134158
22.920    0.015498    0.134357
23.070    0.013500    0.134530
23.220    0.011881    0.134681
23.360    0.010647    0.134815
23.510    0.009556    0.134935
23.660    0.008657    0.135043
23.810    0.007909    0.135141
23.950    0.007323    0.135231
24.100    0.006788    0.135314
24.250    0.006332    0.135391
24.400    0.005941    0.135463
24.550    0.005604    0.135530
24.690    0.005331    0.135594
24.840    0.005073    0.135654
24.990    0.004847    0.135712
25.140    0.004649    0.135766
25.290    0.004474    0.135818
25.430    0.004330    0.135869
25.580    0.004193    0.135917
25.730    0.004072    0.135964
25.880    0.003966    0.136009
26.030    0.003875    0.136053
26.170    0.003803    0.136096
26.320    0.003737    0.136137
26.470    0.003680    0.136178
26.620    0.003629    0.136219
26.760    0.003574    0.136258
26.910    0.003487    0.136296
27.060    0.003389    0.136333
27.210    0.003303    0.136369
27.360    0.003233    0.136404
27.500    0.003180    0.136438
27.650    0.003132    0.136471
27.800    0.003093    0.136504
27.950    0.003061    0.136537
28.100    0.003035    0.136568
28.240    0.003017    0.136600
28.390    0.003001    0.136631
28.540    0.002989    0.136662
28.690    0.002981    0.136693
28.830    0.002978    0.136723
28.980    0.002978    0.136753
29.130    0.002980    0.136784
29.280    0.002986    0.136814
29.430    0.002994    0.136844
29.570    0.003006    0.136874
29.720    0.003020    0.136904
29.870    0.003036    0.136934
30.020    0.003056    0.136964
30.170    0.003078    0.136994
30.310    0.003102    0.137024
30.460    0.003129    0.137054
30.610    0.003159    0.137085
30.760    0.003191    0.137115
30.900    0.003225    0.137146
31.050    0.003262    0.137177
31.200    0.003302    0.137208
31.350    0.003345    0.137240
31.500    0.003391    0.137272
31.640    0.003437    0.137304
31.790    0.003488    0.137336
31.940    0.003542    0.137369
32.090    0.003599    0.137402
32.240    0.003660    0.137435
32.380    0.003720    0.137469
32.530    0.003787    0.137504
32.680    0.003857    0.137538
32.830    0.003932    0.137574
32.970    0.004005    0.137610
33.120    0.004087    0.137646
33.270    0.004173    0.137683
33.420    0.004263    0.137721
33.570    0.004358    0.137759
33.710    0.004452    0.137798
33.860    0.004557    0.137838
34.010    0.004667    0.137878
34.160    0.004783    0.137919
34.310    0.004905    0.137961
34.450    0.005026    0.138005
34.600    0.005161    0.138049
34.750    0.005304    0.138094
34.900    0.005454    0.138140
35.050    0.005613    0.138187
35.190    0.005771    0.138235
35.340    0.005948    0.138285
35.490    0.006136    0.138336
35.640    0.006335    0.138388
35.780    0.006533    0.138442
35.930    0.006758    0.138498
36.080    0.006997    0.138555
36.230    0.007253    0.138614
36.380    0.007527    0.138675
36.520    0.007803    0.138738
36.670    0.008118    0.138803
36.820    0.008459    0.138871
36.970    0.008828    0.138942
37.120    0.009230    0.139015
37.260    0.009641    0.139091
37.410    0.010122    0.139171
37.560    0.010655    0.139255
37.710    0.011250    0.139343
37.850    0.011875    0.139435
38.000    0.012632    0.139533
38.150    0.013505    0.139638
38.300    0.014530    0.139750
38.450    0.015757    0.139871
38.590    0.017154    0.140002
38.740    0.019030    0.140147
38.890    0.021491    0.140310
39.040    0.024877    0.140498
39.190    0.029817    0.140722
39.330    0.036910    0.140999
39.480    0.049496    0.141369
39.630    0.071996    0.141905
39.780    0.109591    0.142717
39.920    0.151839    0.143839
40.070    0.177129    0.145144
40.220    0.147650    0.146226
40.370    0.085509    0.146851
40.520    0.058931    0.147280
40.660    0.048399    0.147632
40.810    0.043443    0.147946
40.960    0.041797    0.148247
41.110    0.042341    0.148550
41.260    0.044055    0.148865
41.400    0.046197    0.149195
41.550    0.049224    0.149544
41.700    0.053134    0.149920
41.850    0.058017    0.150329
41.990    0.063531    0.150775
42.140    0.070547    0.151269
42.290    0.079165    0.151821
42.440    0.090259    0.152449
42.590    0.104726    0.153174
42.730    0.122086    0.154017
42.880    0.145393    0.155017
43.030    0.173657    0.156208
43.180    0.208092    0.157629
43.330    0.251361    0.159341
43.470    0.299124    0.161371
43.620    0.349456    0.163734
43.770    0.382754    0.166314
43.920    0.388523    0.168923
44.070    0.371151    0.171408
44.210    0.344427    0.173706
44.360    0.313982    0.175794
44.510    0.291657    0.177727
44.660    0.302863    0.179728
44.800    0.286525    0.181614
44.950    0.242465    0.183206
45.100    0.211451    0.184589
45.250    0.186284    0.185803
45.400    0.170344    0.186910
45.540    0.163412    0.187969
45.690    0.160819    0.189007
45.840    0.163896    0.190062
45.990    0.168928    0.191145
46.140    0.177807    0.192282
46.280    0.194388    0.193521
46.430    0.224934    0.194950
46.580    0.232078    0.196420
46.730    0.231728    0.197883
46.870    0.210586    0.199208
47.020    0.171132    0.200282
47.170    0.137805    0.201144
47.320    0.117362    0.201876
47.470    0.105755    0.202533
47.610    0.099997    0.203152
47.760    0.097476    0.203754
47.910    0.241949    0.205244
48.060    0.095736    0.205832
48.210    0.091352    0.206391
48.350    0.083793    0.206902
48.500    0.073714    0.207350
48.650    0.063876    0.207738
48.800    0.055416    0.208073
48.940    0.048916    0.208368
49.090    0.043222    0.208627
49.240    0.038575    0.208858
49.390    0.034731    0.209066
49.540    0.031505    0.209254
49.680    0.028935    0.209425
49.830    0.026549    0.209582
49.980    0.024475    0.209727
50.130    0.022656    0.209860
50.280    0.021048    0.209984
50.420    0.019710    0.210099
50.570    0.018419    0.210207
50.720    0.017258    0.210307
50.870    0.016209    0.210401
51.020    0.015257    0.210489
51.160    0.014447    0.210572
51.310    0.013650    0.210651
51.460    0.012918    0.210725
51.610    0.012246    0.210795
51.750    0.011668    0.210861
51.900    0.011092    0.210925
52.050    0.010559    0.210984
52.200    0.010064    0.211041
52.350    0.009603    0.211095
52.490    0.009203    0.211147
52.640    0.008801    0.211196
52.790    0.008424    0.211243
52.940    0.008072    0.211288
53.090    0.007741    0.211331
53.230    0.007452    0.211373
53.380    0.007158    0.211412
53.530    0.006882    0.211450
53.680    0.006622    0.211487
53.820    0.006393    0.211522
53.970    0.006159    0.211555
54.120    0.005938    0.211588
54.270    0.005729    0.211619
54.420    0.005531    0.211649
54.560    0.005355    0.211678
54.710    0.005176    0.211706
54.860    0.005005    0.211733
55.010    0.004843    0.211759
55.160    0.004688    0.211784
55.300    0.004551    0.211808
55.450    0.004410    0.211831
55.600    0.004275    0.211854
55.750    0.004146    0.211876
55.890    0.004032    0.211897
56.040    0.003914    0.211918
56.190    0.003801    0.211938
56.340    0.003692    0.211957
56.490    0.003589    0.211976
56.630    0.003496    0.211994
56.780    0.003400    0.212012
56.930    0.003308    0.212029
57.080    0.003220    0.212046
57.230    0.003135    0.212062
57.370    0.003059    0.212077
57.520    0.002980    0.212093
57.670    0.002904    0.212108
57.820    0.002831    0.212122
57.960    0.002766    0.212136
58.110    0.002698    0.212150
58.260    0.002632    0.212163
58.410    0.002569    0.212176
58.560    0.002508    0.212189
58.700    0.002453    0.212201
58.850    0.002396    0.212213
59.000    0.002341    0.212225
