-0.101  0.000000
-0.100  0.181338
-0.099  0.170815
-0.098  0.168905
-0.097  0.172582
-0.096  0.171410
-0.095  0.175719
-0.094  0.174646
-0.093  0.173036
-0.092  0.175693
-0.091  0.175321
-0.090  0.174295
-0.089  0.175371
-0.088  0.175604
-0.087  0.176606
-0.086  0.175914
-0.085  0.176465
-0.084  0.177722
-0.083  0.177410
-0.082  0.178867
-0.081  0.177808
-0.080  0.178604
-0.079  0.178768
-0.078  0.179223
-0.077  0.180263
-0.076  0.179899
-0.075  0.180282
-0.074  0.180880
-0.073  0.180750
-0.072  0.181565
-0.071  0.182633
-0.070  0.182060
-0.069  0.182639
-0.068  0.182721
-0.067  0.182905
-0.066  0.183591
-0.065  0.184544
-0.064  0.184632
-0.063  0.184716
-0.062  0.185265
-0.061  0.185121
-0.060  0.185618
-0.059  0.186320
-0.058  0.187137
-0.057  0.187386
-0.056  0.187514
-0.055  0.187524
-0.054  0.187777
-0.053  0.188244
-0.052  0.188898
-0.051  0.189615
-0.050  0.190389
-0.049  0.190297
-0.048  0.190472
-0.047  0.190484
-0.046  0.190887
-0.045  0.191451
-0.044  0.192054
-0.043  0.192761
-0.042  0.193483
-0.041  0.193395
-0.040  0.193441
-0.039  0.193685
-0.038  0.194064
-0.037  0.194590
-0.036  0.195193
-0.035  0.195813
-0.034  0.196501
-0.033  0.196875
-0.032  0.196690
-0.031  0.196942
-0.030  0.197339
-0.029  0.197811
-0.028  0.198319
-0.027  0.198912
-0.026  0.199527
-0.025  0.200166
-0.024  0.200408
-0.023  0.200396
-0.022  0.200681
-0.021  0.201112
-0.020  0.201591
-0.019  0.202113
-0.018  0.202659
-0.017  0.203239
-0.016  0.203852
-0.015  0.204287
-0.014  0.204305
-0.013  0.204600
-0.012  0.204976
-0.011  0.205453
-0.010  0.205954
-0.009  0.206486
-0.008  0.207045
-0.007  0.207604
-0.006  0.208064
-0.005  0.208562
-0.004  0.208647
-0.003  0.209005
-0.002  0.209447
-0.001  0.209907
 0.000  0.210423
 0.001  0.210947
 0.002  0.211497
 0.003  0.212017
 0.004  0.212468
 0.005  0.212992
 0.006  0.213231
 0.007  0.213600
 0.008  0.214031
 0.009  0.214516
 0.010  0.215009
 0.011  0.215536
 0.012  0.216070
 0.013  0.216545
 0.014  0.217060
 0.015  0.217590
 0.016  0.218042
 0.017  0.218356
 0.018  0.218792
 0.019  0.219269
 0.020  0.219764
 0.021  0.220279
 0.022  0.220802
 0.023  0.221296
 0.024  0.221813
 0.025  0.222355
 0.026  0.222907
 0.027  0.223377
 0.028  0.223728
 0.029  0.224197
 0.030  0.224696
 0.031  0.225205
 0.032  0.225726
 0.033  0.226244
 0.034  0.226773
 0.035  0.227317
 0.036  0.227867
 0.037  0.228423
 0.038  0.228990
 0.039  1.190495
 0.040  1.152496
 0.041  1.172198
 0.042  1.170660
 0.043  1.165727
 0.044  1.169980
 0.045  1.174751
 0.046  1.172599
 0.047  1.176000
 0.048  1.185447
 0.049  1.177175
 0.050  1.186399
 0.051  1.191038
 0.052  1.184392
 0.053  1.192651
 0.054  1.197983
 0.055  1.194074
 0.056  1.197993
 0.057  1.201777
 0.058  1.205522
 0.059  1.205362
 0.060  1.208135
 0.061  1.211794
 0.062  1.214400
 0.063  1.218381
 0.064  1.217934
 0.065  1.220149
 0.066  1.223279
 0.067  1.228147
 0.068  1.230220
 0.069  1.231335
 0.070  1.232942
 0.071  1.237578
 0.072  1.239850
 0.073  1.243071
 0.074  1.244867
 0.075  1.246875
 0.076  1.251386
 0.077  1.253008
 0.078  1.255579
 0.079  1.258385
 0.080  1.262055
 0.081  1.264410
 0.082  1.267302
 0.083  1.268814
 0.084  1.271477
 0.085  1.275503
 0.086  1.279529
 0.087  1.281404
 0.088  1.284066
 0.089  1.285596
 0.090  1.289133
 0.091  1.293179
 0.092  1.296131
 0.093  1.300418
 0.094  1.301389
 0.095  1.303560
 0.096  1.307050
 0.097  1.309991
 0.098  1.313821
 0.099  1.317854
 0.100  1.321267
 0.101  1.322958
 0.102  1.325585
 0.103  1.328529
 0.104  1.332235
 0.105  1.335729
 0.106  1.339304
 0.107  1.342535
 0.108  1.345781
 0.109  1.348145
 0.110  1.351661
 0.111  1.355196
 0.112  1.358697
 0.113  1.362650
 0.114  1.365400
 0.115  1.368914
 0.116  1.372827
 0.117  1.375850
 0.118  1.378815
 0.119  1.382615
 0.120  1.386451
 0.121  1.389574
 0.122  1.393340
 0.123  1.397431
 0.124  1.401224
 0.125  1.404571
 0.126  1.408091
 0.127  1.411986
 0.128  1.415360
 0.129  1.419000
 0.130  1.423074
 0.131  1.426845
 0.132  1.430997
 0.133  1.435359
 0.134  1.439157
 0.135  1.443346
 0.136  1.446582
 0.137  1.450527
 0.138  1.454265
 0.139  1.458729
 0.140  1.463148
 0.141  1.467667
 0.142  1.472381
 0.143  1.475944
 0.144  1.479549
 0.145  1.483773
 0.146  1.488260
 0.147  1.492985
 0.148  1.497618
 0.149  1.502257
 0.150  1.506917
 0.151  1.511278
 0.152  1.515731
 0.153  1.520234
 0.154  1.524813
 0.155  1.529441
 0.156  1.534107
 0.157  1.538799
 0.158  1.544728
 0.159  1.549869
 0.160  1.554516
 0.161  1.559335
 0.162  1.563814
 0.163  1.568442
 0.164  1.574617
 0.165  1.580479
 0.166  1.586032
 0.167  1.591433
 0.168  1.595695
 0.169  1.600522
 0.170  1.606442
 0.171  1.613247
 0.172  1.618904
 0.173  1.624486
 0.174  1.630023
 0.175  1.635780
 0.176  1.641652
 0.177  1.648561
 0.178  1.654647
 0.179  1.660539
 0.180  1.666341
 0.181  1.672040
 0.182  1.678898
 0.183  1.687283
 0.184  1.694322
 0.185  1.699988
 0.186  1.706044
 0.187  1.712116
 0.188  1.720725
 0.189  1.728715
 0.190  1.736108
 0.191  1.743128
 0.192  1.749781
 0.193  1.756288
 0.194  1.766405
 0.195  1.774511
 0.196  1.782026
 0.197  1.789415
 0.198  1.796771
 0.199  1.808332
 0.200  1.818013
 0.201  1.826621
 0.202  1.834785
 0.203  1.841570
 0.204  1.853463
 0.205  1.863669
 0.206  1.873428
 0.207  1.882462
 0.208  1.891155
 0.209  1.906994
 0.210  1.918506
 0.211  1.928801
 0.212  1.937881
 0.213  1.951934
 0.214  1.965639
 0.215  1.977300
 0.216  1.987954
 0.217  2.004363
 0.218  2.021355
 0.219  2.035196
 0.220  2.047466
 0.221  2.068600
 0.222  2.085606
 0.223  2.100187
 0.224  2.112969
 0.225  2.142575
 0.226  2.160602
 0.227  2.176108
 0.228  2.210700
 0.229  2.233474
 0.230  2.256284
 0.231  2.298251
 0.232  2.320987
 0.233  2.368409
 0.234  2.403252
 0.235  2.463044
 0.236  2.508975
 0.237  2.598385
 0.238  2.687891
 0.239  2.802069
 0.240  3.216712
 0.241  3.135081
 0.242  2.846229
 0.243  2.677390
 0.244  2.602488
 0.245  2.524623
 0.246  2.477136
 0.247  2.430450
 0.248  2.388514
 0.249  2.360024
 0.250  2.331784
 0.251  2.300816
 0.252  2.280515
 0.253  2.262900
 0.254  2.242580
 0.255  2.224086
 0.256  2.211633
 0.257  2.198375
 0.258  2.183716
 0.259  2.168644
 0.260  2.160119
 0.261  2.150449
 0.262  2.141357
 0.263  2.128630
 0.264  2.123047
 0.265  2.117332
 0.266  2.110954
 0.267  2.104107
 0.268  2.094130
 0.269  2.090102
 0.270  2.086301
 0.271  2.081897
 0.272  2.080177
 0.273  2.074889
 0.274  2.070104
 0.275  2.068015
 0.276  2.065717
 0.277  2.062911
 0.278  2.060940
 0.279  2.057420
 0.280  2.056978
 0.281  2.058452
 0.282  2.058872
 0.283  2.058345
 0.284  2.056442
 0.285  2.054370
 0.286  2.053201
 0.287  2.055700
 0.288  2.058403
 0.289  2.061757
 0.290  2.064181
 0.291  2.065138
 0.292  2.065279
 0.293  2.067391
 0.294  2.069012
 0.295  2.072671
 0.296  2.077155
 0.297  2.082639
 0.298  2.086735
 0.299  2.089931
 0.300  2.094064
 0.301  2.097719
 0.302  2.101842
 0.303  2.109527
 0.304  2.116363
 0.305  2.125087
 0.306  2.130989
 0.307  2.136902
 0.308  2.143072
 0.309  2.148777
 0.310  2.159665
 0.311  2.168569
 0.312  2.182701
 0.313  2.191933
 0.314  2.201358
 0.315  2.209969
 0.316  2.224113
 0.317  2.235083
 0.318  2.251376
 0.319  2.266584
 0.320  2.277834
 0.321  2.290941
 0.322  2.312916
 0.323  2.330631
 0.324  2.354843
 0.325  2.372552
 0.326  2.390485
 0.327  2.420789
 0.328  2.448669
 0.329  2.479471
 0.330  2.504858
 0.331  2.545968
 0.332  2.589726
 0.333  2.636735
 0.334  2.692142
 0.335  2.746738
 0.336  2.837051
 0.337  2.947681
 0.338  3.114372
 0.339  3.507179
 0.340  3.503233
 0.341  3.138197
 0.342  2.970123
 0.343  2.862648
 0.344  2.782962
 0.345  2.718924
 0.346  2.666065
 0.347  2.627964
 0.348  2.590969
 0.349  2.557395
 0.350  2.530089
 0.351  2.501990
 0.352  2.478021
 0.353  2.456231
 0.354  2.439045
 0.355  2.420159
 0.356  2.405665
 0.357  2.389288
 0.358  2.376614
 0.359  2.364570
 0.360  2.355295
 0.361  2.344191
 0.362  2.332988
 0.363  2.324894
 0.364  2.316872
 0.365  2.311181
 0.366  2.308267
 0.367  2.301464
 0.368  2.296474
 0.369  2.291316
 0.370  2.283480
 0.371  2.284798
 0.372  2.286169
 0.373  2.284311
 0.374  2.283746
 0.375  2.283074
 0.376  2.284531
 0.377  2.288427
 0.378  2.290577
 0.379  2.290796
 0.380  2.294955
 0.381  2.301442
 0.382  2.311315
 0.383  2.318330
 0.384  2.325056
 0.385  2.332012
 0.386  2.346263
 0.387  2.360640
 0.388  2.373231
 0.389  2.388450
 0.390  2.402463
 0.391  2.429545
 0.392  2.452532
 0.393  2.477966
 0.394  2.505459
 0.395  2.548654
 0.396  2.589247
 0.397  2.629402
 0.398  2.710285
 0.399  2.796115
 0.400  2.871177
 0.401  3.126962
 0.402  3.920393
 0.403  3.193536
 0.404  2.962303
 0.405  2.834782
 0.406  2.741046
 0.407  2.662797
 0.408  2.639645
 0.409  2.572869
 0.410  2.526994
 0.411  2.488684
 0.412  2.454843
 0.413  2.428861
 0.414  2.411322
 0.415  2.404398
 0.416  2.395429
 0.417  2.412312
 0.418  2.420445
 0.419  2.432710
 0.420  2.445705
 0.421  2.461628
 0.422  2.472122
 0.423  2.477013
 0.424  2.483092
 0.425  2.492901
 0.426  2.509780
 0.427  2.523754
 0.428  2.535071
 0.429  2.544484
 0.430  2.564887
 0.431  2.575191
 0.432  2.584780
 0.433  2.600479
 0.434  2.619681
 0.435  2.631123
 0.436  2.648080
 0.437  2.667251
 0.438  2.687855
 0.439  2.697550
 0.440  2.720065
 0.441  2.755474
 0.442  2.767365
 0.443  2.781087
 0.444  2.806115
 0.445  2.844995
 0.446  2.861316
 0.447  2.880833
 0.448  2.922740
 0.449  2.956656
 0.450  2.981468
 0.451  3.009709
 0.452  3.068037
 0.453  3.098148
 0.454  3.137385
 0.455  3.206706
 0.456  3.249614
 0.457  3.303325
 0.458  3.390029
 0.459  3.458315
 0.460  3.543881
 0.461  3.671228
 0.462  3.798758
 0.463  3.982806
 0.464  4.230905
 0.465  4.773646
 0.466  5.379555
 0.467  4.516458
 0.468  4.226639
 0.469  4.039128
 0.470  3.886972
 0.471  3.810030
 0.472  3.697866
 0.473  3.654167
 0.474  3.658425
 0.475  0.680601
 0.476  0.686338
 0.477  0.693686
 0.478  0.699887
 0.479  0.706164
 0.480  0.711877
 0.481  0.717338
 0.482  0.724037
 0.483  0.730361
 0.484  0.736220
 0.485  0.741878
 0.486  0.748193
 0.487  0.755516
 0.488  0.762566
 0.489  0.768798
 0.490  0.774741
 0.491  0.780516
 0.492  0.786059
 0.493  0.794136
 0.494  0.800595
 0.495  0.806621
 0.496  0.812352
 0.497  0.818972
 0.498  0.826508
 0.499  0.833781
 0.500  0.840701
 0.501  0.847160
 0.502  0.853329
 0.503  0.860371
 0.504  0.867418
 0.505  0.873855
 0.506  0.881148
 0.507  0.888471
 0.508  0.895131
 0.509  0.903432
 0.510  0.910357
 0.511  0.916718
 0.512  0.924083
 0.513  0.931197
 0.514  0.939647
 0.515  0.947131
 0.516  0.954124
 0.517  0.961506
 0.518  0.969215
 0.519  0.978363
 0.520  0.986713
 0.521  0.994315
 0.522  1.001577
 0.523  1.008488
 0.524  1.017263
 0.525  1.026642
 0.526  1.034688
 0.527  1.042731
 0.528  1.050565
 0.529  1.058861
 0.530  1.069435
 0.531  1.078609
 0.532  1.087082
 0.533  1.095077
 0.534  1.103311
 0.535  1.113291
 0.536  1.123847
 0.537  1.133279
 0.538  1.142288
 0.539  1.151848
 0.540  1.162169
 0.541  1.172823
 0.542  1.182720
 0.543  1.191813
 0.544  1.202702
 0.545  1.213227
 0.546  1.224115
 0.547  1.235055
 0.548  1.245556
 0.549  1.258363
 0.550  1.269356
 0.551  1.280996
 0.552  1.292548
 0.553  1.305017
 0.554  1.317583
 0.555  1.328784
 0.556  1.341550
 0.557  1.353437
 0.558  1.369197
 0.559  1.381838
 0.560  1.393885
 0.561  1.408456
 0.562  1.425054
 0.563  1.438961
 0.564  1.451973
 0.565  1.467015
 0.566  1.485420
 0.567  1.500474
 0.568  1.515245
 0.569  1.533372
 0.570  1.552742
 0.571  1.569057
 0.572  1.584359
 0.573  1.606715
 0.574  1.625968
 0.575  1.643253
 0.576  1.662215
 0.577  1.687253
 0.578  1.707908
 0.579  1.726819
 0.580  1.755665
 0.581  1.778814
 0.582  1.799750
 0.583  1.830860
 0.584  1.857161
 0.585  1.883874
 0.586  1.916162
 0.587  1.944851
 0.588  1.979147
 0.589  2.014831
 0.590  2.049645
 0.591  2.088041
 0.592  2.128118
 0.593  2.174397
 0.594  2.220465
 0.595  2.274288
 0.596  2.327524
 0.597  2.391283
 0.598  2.463374
 0.599  2.533022
 0.600  2.630422
 0.601  2.737435
 0.602  2.853213
 0.603  3.013928
 0.604  3.250879
 0.605  3.643224
 0.606  5.637548
 0.607  3.643243
 0.608  3.283933
 0.609  3.053781
 0.610  2.947171
 0.611  2.820748
 0.612  2.739871
 0.613  2.655939
 0.614  2.601411
 0.615  2.535559
 0.616  2.493604
 0.617  2.446750
 0.618  2.401957
 0.619  2.371761
 0.620  2.339638
 0.621  2.308355
 0.622  2.276799
 0.623  2.253070
 0.624  2.231294
 0.625  2.200150
 0.626  2.180307
 0.627  2.165031
 0.628  2.146788
 0.629  2.118563
 0.630  2.107242
 0.631  2.094304
 0.632  2.078180
 0.633  2.059291
 0.634  2.045349
 0.635  2.034581
 0.636  2.020637
 0.637  2.008894
 0.638  1.993203
 0.639  1.984654
 0.640  1.973029
 0.641  1.964132
 0.642  1.955212
 0.643  1.943176
 0.644  1.931843
 0.645  1.924001
 0.646  1.917317
 0.647  1.910514
 0.648  1.901313
 0.649  1.889060
 0.650  1.884113
 0.651  1.878605
 0.652  1.872201
 0.653  1.863423
 0.654  1.856721
 0.655  1.848509
 0.656  1.844231
 0.657  1.838968
 0.658  1.832845
 0.659  1.828229
 0.660  1.822613
 0.661  1.814611
 0.662  1.809231
 0.663  1.805476
 0.664  1.801801
 0.665  1.797637
 0.666  1.793486
 0.667  1.786569
 0.668  1.781966
 0.669  1.779194
 0.670  1.776061
 0.671  1.772342
 0.672  1.767642
 0.673  1.764049
 0.674  1.758982
 0.675  1.755710
 0.676  1.753083
 0.677  1.749763
 0.678  1.747493
 0.679  1.744863
 0.680  1.741685
 0.681  1.737315
 0.682  1.732821
 0.683  1.731014
 0.684  1.729542
 0.685  1.727712
 0.686  1.725294
 0.687  1.722222
 0.688  1.719590
 0.689  1.715615
 0.690  1.713971
 0.691  1.712001
 0.692  1.709470
 0.693  1.708272
 0.694  1.706877
 0.695  1.704937
 0.696  1.702199
 0.697  1.698668
 0.698  1.697587
 0.699  1.696352
 0.700  1.694961
 0.701  1.693309
 0.702  1.691479
 0.703  1.690212
 0.704  1.688186
 0.705  1.685773
 0.706  1.684660
 0.707  1.683040
 0.708  1.681974
 0.709  1.680730
 0.710  1.679369
 0.711  1.678180
 0.712  1.676369
 0.713  1.673945
 0.714  1.673253
 0.715  1.672413
 0.716  1.671417
 0.717  1.670168
 0.718  1.668882
 0.719  1.667665
 0.720  1.666617
 0.721  1.664562
 0.722  1.663298
 0.723  1.662318
 0.724  1.661532
 0.725  1.660598
 0.726  1.659496
 0.727  1.658196
 0.728  1.656701
 0.729  1.655665
 0.730  1.653689
 0.731  1.652945
 0.732  1.652020
 0.733  1.650834
 0.734  1.649931
 0.735  1.648895
 0.736  1.647707
 0.737  1.646275
 0.738  1.644694
 0.739  1.642857
 0.740  1.641985
 0.741  1.640979
 0.742  1.639807
 0.743  1.638184
 0.744  1.636983
 0.745  1.635726
 0.746  1.634396
 0.747  1.632726
 0.748  1.630242
 0.749  1.629096
 0.750  1.627933
 0.751  1.626641
 0.752  1.625174
 0.753  1.623342
 0.754  1.621598
 0.755  1.620092
 0.756  1.618268
 0.757  1.615745
 0.758  1.613885
 0.759  1.611900
 0.760  1.610396
 0.761  1.608686
 0.762  1.606864
 0.763  1.604706
 0.764  1.601991
 0.765  1.600051
 0.766  1.597570
 0.767  1.595420
 0.768  1.593189
 0.769  1.590177
 0.770  1.588448
 0.771  1.586545
 0.772  1.584240
 0.773  1.581555
 0.774  1.577751
 0.775  1.575275
 0.776  1.572672
 0.777  1.570452
 0.778  1.567923
 0.779  1.564873
 0.780  1.561539
 0.781  1.559096
 0.782  1.556564
 0.783  1.553771
 0.784  1.550505
 0.785  1.545465
 0.786  1.543272
 0.787  1.541065
 0.788  1.538635
 0.789  1.535844
 0.790  1.531621
 0.791  1.527194
 0.792  1.524765
 0.793  1.522119
 0.794  1.519142
 0.795  1.515500
 0.796  1.511274
 0.797  1.507762
 0.798  1.505507
 0.799  1.502313
 0.800  1.499225
 0.801  1.495733
 0.802  1.490842
 0.803  1.487293
 0.804  1.484871
 0.805  1.482203
 0.806  1.479573
 0.807  1.476226
 0.808  1.471085
 0.809  1.466589
 0.810  1.464281
 0.811  1.461817
 0.812  1.459110
 0.813  1.456021
 0.814  1.452160
 0.815  1.446607
 0.816  1.444940
 0.817  1.441786
 0.818  1.439141
 0.819  1.436351
 0.820  1.433175
 0.821  1.429036
 0.822  1.424360
 0.823  1.422616
 0.824  1.420567
 0.825  1.418613
 0.826  1.415173
 0.827  1.411872
 0.828  1.407801
 0.829  1.402908
 0.830  1.401324
 0.831  1.399660
 0.832  1.397842
 0.833  1.395802
 0.834  1.393339
 0.835  1.389653
 0.836  1.383261
 0.837  1.381779
 0.838  1.380290
 0.839  1.378736
 0.840  1.377060
 0.841  1.375186
 0.842  1.373008
 0.843  1.370182
 0.844  1.365171
 0.845  1.363167
 0.846  1.361684
 0.847  1.360283
 0.848  1.358842
 0.849  1.357274
 0.850  1.355476
 0.851  1.353224
 0.852  1.349328
 0.853  1.347442
 0.854  1.346687
 0.855  1.344946
 0.856  1.343716
 0.857  1.342492
 0.858  1.341177
 0.859  1.339626
 0.860  1.337615
 0.861  1.333160
 0.862  1.333029
 0.863  1.332857
 0.864  1.332151
 0.865  1.330983
 0.866  1.330096
 0.867  1.329190
 0.868  1.328143
 0.869  1.326781
 0.870  1.324518
 0.871  1.322480
 0.872  1.322743
 0.873  1.322990
 0.874  1.322773
 0.875  1.322121
 0.876  1.321731
 0.877  1.321315
 0.878  1.320773
 0.879  1.319956
 0.880  1.318156
 0.881  1.317062
 0.882  1.317822
 0.883  1.318622
 0.884  1.319088
 0.885  1.319132
 0.886  1.319410
 0.887  1.319726
 0.888  1.319970
 0.889  1.320041
 0.890  1.319716
 0.891  1.317985
 0.892  1.319431
 0.893  1.320962
 0.894  1.322182
 0.895  1.323195
 0.896  1.324409
 0.897  1.325645
 0.898  1.326893
 0.899  1.328108
 0.900  1.329212
 0.901  1.330006
 0.902  1.329295
 0.903  1.331765
 0.904  1.334028
 0.905  1.336332
 0.906  1.338783
 0.907  1.341278
 0.908  1.343850
 0.909  1.346475
 0.910  1.349161
 0.911  1.351835
 0.912  1.354527
 0.913  1.356839
 0.914  1.358557
 0.915  1.362670
 0.916  1.366899
 0.917  1.371276
 0.918  1.375777
 0.919  1.380495
 0.920  1.385338
 0.921  1.390423
 0.922  1.395784
 0.923  1.401784
 0.924  1.407835
 0.925  1.413842
 0.926  1.418605
 0.927  1.426379
 0.928  1.434500
 0.929  1.443104
 0.930  1.452229
 0.931  1.461908
 0.932  1.474493
 0.933  1.486511
 0.934  1.499315
 0.935  1.512948
 0.936  1.527859
 0.937  1.543894
 0.938  1.561491
 0.939  1.582615
 0.940  1.609034
 0.941  1.638942
 0.942  1.673313
 0.943  1.714425
 0.944  1.766012
 0.945  1.836318
 0.946  1.956545
 0.947  2.200612
 0.948  2.213329
 0.949  1.925342
 0.950  1.813986
 0.951  1.704054
 0.952  1.640922
 0.953  1.586708
 0.954  1.559253
 0.955  1.519708
 0.956  1.481164
 0.957  1.455375
 0.958  1.429204
 0.959  1.398493
 0.960  1.383197
 0.961  1.357341
 0.962  1.343802
 0.963  1.319684
 0.964  1.308451
 0.965  1.289846
 0.966  1.275632
 0.967  1.262457
 0.968  1.245729
 0.969  1.236878
 0.970  1.224441
 0.971  1.211316
 0.972  1.202335
 0.973  1.190544
 0.974  1.179878
 0.975  1.172328
 0.976  1.162448
 0.977  1.151649
 0.978  1.144730
 0.979  1.136399
 0.980  1.124504
 0.981  1.117960
 0.982  1.110586
 0.983  1.102695
 0.984  1.093829
 0.985  1.088741
 0.986  1.082960
 0.987  1.075067
 0.988  1.067725
 0.989  1.062794
 0.990  1.057202
 0.991  1.050549
 0.992  1.042999
 0.993  1.038382
 0.994  1.033904
 0.995  1.028110
 0.996  1.019426
 0.997  1.014366
 0.998  1.010274
 0.999  1.005830
 1.000  1.000571
 1.001  0.994073
 1.002  0.990830
 1.003  0.987197
 1.004  0.982851
 1.005  0.978082
 1.006  0.971642
 1.007  0.968120
 1.008  0.964517
 1.009  0.960628
 1.010  0.956489
 1.011  0.950752
 1.012  0.946659
 1.013  0.942628
 1.014  0.939337
 1.015  0.935718
 1.016  0.931962
 1.017  0.926868
 1.018  0.924192
 1.019  0.921546
 1.020  0.918236
 1.021  0.914782
 1.022  0.910827
 1.023  0.906043
 1.024  0.903305
 1.025  0.900505
 1.026  0.897766
 1.027  0.894834
 1.028  0.891063
 1.029  0.885581
 1.030  0.883207
 1.031  0.880652
 1.032  0.878096
 1.033  0.875411
 1.034  0.873050
 1.035  0.869656
 1.036  0.865779
 1.037  0.863320
 1.038  0.860867
 1.039  0.858321
 1.040  0.855868
 1.041  0.853223
 1.042  0.850475
 1.043  0.847022
 1.044  0.844472
 1.045  0.841774
 1.046  0.838881
 1.047  0.836477
 1.048  0.834167
 1.049  0.831896
 1.050  0.828530
 1.051  0.826400
 1.052  0.824257
 1.053  0.822119
 1.054  0.820099
 1.055  0.818045
 1.056  0.816154
 1.057  0.812404
 1.058  0.810233
 1.059  0.808062
 1.060  0.805874
 1.061  0.803776
 1.062  0.801623
 1.063  0.799525
 1.064  0.796904
 1.065  0.793938
 1.066  0.792392
 1.067  0.790512
 1.068  0.788707
 1.069  0.787124
 1.070  0.785484
 1.071  0.783121
 1.072  0.780638
 1.073  0.777715
 1.074  0.776039
 1.075  0.774521
 1.076  0.773602
 1.077  0.771771
 1.078  0.769623
 1.079  0.767324
 1.080  0.764816
 1.081  0.761975
 1.082  0.761225
 1.083  0.759324
 1.084  0.757445
 1.085  0.755685
 1.086  0.753996
 1.087  0.752616
 1.088  0.752050
 1.089  0.749553
 1.090  0.746774
 1.091  0.745017
 1.092  0.743380
 1.093  0.741971
 1.094  0.741194
 1.095  0.739142
 1.096  0.737174
 1.097  0.735374
 1.098  0.733451
 1.099  0.731793
 1.100  0.730428
 1.101  0.728538
 1.102  0.726802
 1.103  0.725235
 1.104  0.724169
 1.105  0.723359
 1.106  0.721474
 1.107  0.719820
 1.108  0.717463
 1.109  0.716322
 1.110  0.715575
 1.111  0.713584
 1.112  0.711687
 1.113  0.710176
 1.114  0.709464
 1.115  0.708909
 1.116  0.706389
 1.117  0.703663
 1.118  0.702301
 1.119  0.702277
 1.120  0.700193
 1.121  0.698452
 1.122  0.697272
 1.123  0.698056
 1.124  0.696040
 1.125  0.693503
 1.126  0.691566
 1.127  0.690604
 1.128  0.689398
 1.129  0.687619
 1.130  0.687330
 1.131  0.687629
 1.132  0.684685
 1.133  0.682284
 1.134  0.680958
 1.135  0.680740
 1.136  0.679710
 1.137  0.677005
 1.138  0.677666
 1.139  0.674296
 1.140  0.672635
 1.141  0.674292
 1.142  0.672310
 1.143  0.669870
 1.144  0.669920
 1.145  0.666029
 1.146  0.668263
 1.147  0.665434
 1.148  0.662706
 1.149  0.661919
 1.150  0.663757
 1.151  0.660406
 1.152  0.662870
 1.153  0.659109
 1.154  0.653813
 1.155  0.660810
 1.156  0.637707
 1.157  0.379613
 1.158  0.378918
 1.159  0.378207
 1.160  0.377474
 1.161  0.376735
 1.162  0.375993
 1.163  0.375206
 1.164  0.374398
 1.165  0.373561
 1.166  0.372642
 1.167  0.371590
 1.168  0.370485
 1.169  0.369778
 1.170  0.369057
 1.171  0.368301
 1.172  0.367459
 1.173  0.366741
 1.174  0.366017
 1.175  0.365252
 1.176  0.364468
 1.177  0.363596
 1.178  0.362499
 1.179  0.361705
 1.180  0.361071
 1.181  0.360414
 1.182  0.359749
 1.183  0.359081
 1.184  0.358395
 1.185  0.357671
 1.186  0.356939
 1.187  0.356143
 1.188  0.355308
 1.189  0.354075
 1.190  0.353405
 1.191  0.352729
 1.192  0.352133
 1.193  0.351528
 1.194  0.350889
 1.195  0.350239
 1.196  0.349585
 1.197  0.348885
 1.198  0.348177
 1.199  0.347381
 1.200  0.346355
 1.201  0.345698
 1.202  0.345125
 1.203  0.344529
 1.204  0.343926
 1.205  0.343319
 1.206  0.342701
 1.207  0.342043
 1.208  0.341372
 1.209  0.340639
 1.210  0.339882
 1.211  0.339025
 1.212  0.338228
 1.213  0.337686
 1.214  0.337142
 1.215  0.336597
 1.216  0.336026
 1.217  0.335443
 1.218  0.334850
 1.219  0.334236
 1.220  0.333597
 1.221  0.332936
 1.222  0.332182
 1.223  0.331279
 1.224  0.330763
 1.225  0.330235
 1.226  0.329685
 1.227  0.329131
 1.228  0.328556
 1.229  0.327990
 1.230  0.327412
 1.231  0.326830
 1.232  0.326201
 1.233  0.325549
 1.234  0.324740
 1.235  0.324072
 1.236  0.323576
 1.237  0.323079
 1.238  0.322581
 1.239  0.322060
 1.240  0.321529
 1.241  0.320989
 1.242  0.320433
 1.243  0.319853
 1.244  0.319259
 1.245  0.318577
 1.246  0.317738
 1.247  0.317265
 1.248  0.316792
 1.249  0.316301
 1.250  0.315809
 1.251  0.315315
 1.252  0.314814
 1.253  0.314288
 1.254  0.313756
 1.255  0.313200
 1.256  0.312607
 1.257  0.311923
 1.258  0.311217
 1.259  0.310765
 1.260  0.310312
 1.261  0.309859
 1.262  0.309397
 1.263  0.308918
 1.264  0.308432
 1.265  0.307948
 1.266  0.307442
 1.267  0.306909
 1.268  0.306321
 1.269  0.305630
 1.270  0.305026
 1.271  0.304594
 1.272  0.304153
 1.273  0.303701
 1.274  0.303249
 1.275  0.302797
 1.276  0.302329
 1.277  0.301846
 1.278  0.301362
 1.279  0.300840
 1.280  0.300302
 1.281  0.299642
 1.282  0.299083
 1.283  0.298679
 1.284  0.298285
 1.285  0.297901
 1.286  0.297461
 1.287  0.297009
 1.288  0.296551
 1.289  0.296089
 1.290  0.295601
 1.291  0.295112
 1.292  0.294562
 1.293  0.293886
 1.294  0.293402
 1.295  0.293006
 1.296  0.292601
 1.297  0.292191
 1.298  0.291781
 1.299  0.291373
 1.300  0.290952
 1.301  0.290522
 1.302  0.290099
 1.303  0.289669
 1.304  0.289189
 1.305  0.288568
 1.306  0.288032
 1.307  0.287639
 1.308  0.287246
 1.309  0.286852
 1.310  0.286447
 1.311  0.286032
 1.312  0.285613
 1.313  0.285194
 1.314  0.284749
 1.315  0.284305
 1.316  0.283814
 1.317  0.283240
 1.318  0.282752
 1.319  0.282402
 1.320  0.282052
 1.321  0.281713
 1.322  0.281408
 1.323  0.281007
 1.324  0.280596
 1.325  0.280173
 1.326  0.279747
 1.327  0.279297
 1.328  0.278829
 1.329  0.278284
 1.330  0.277749
 1.331  0.277390
 1.332  0.277032
 1.333  0.276674
 1.334  0.276312
 1.335  0.275939
 1.336  0.275566
 1.337  0.275199
 1.338  0.274819
 1.339  0.274450
 1.340  0.274130
 1.341  0.273630
 1.342  0.273055
 1.343  0.272697
 1.344  0.272335
 1.345  0.271967
 1.346  0.271598
 1.347  0.271231
 1.348  0.270860
 1.349  0.270474
 1.350  0.270088
 1.351  0.269690
 1.352  0.269269
 1.353  0.268810
 1.354  0.268276
 1.355  0.267964
 1.356  0.267661
 1.357  0.267376
 1.358  0.267186
 1.359  0.266812
 1.360  0.266432
 1.361  0.266053
 1.362  0.265662
 1.363  0.265261
 1.364  0.264852
 1.365  0.264396
 1.366  0.263832
 1.367  0.263506
 1.368  0.263181
 1.369  0.262850
 1.370  0.262521
 1.371  0.262197
 1.372  0.261876
 1.373  0.261545
 1.374  0.261224
 1.375  0.260922
 1.376  0.260689
 1.377  0.260254
 1.378  0.259668
 1.379  0.259334
 1.380  0.259000
 1.381  0.258666
 1.382  0.258333
 1.383  0.257989
 1.384  0.257644
 1.385  0.257301
 1.386  0.256952
 1.387  0.256597
 1.388  0.256239
 1.389  0.255847
 1.390  0.255362
 1.391  0.255054
 1.392  0.254803
 1.393  0.254593
 1.394  0.254393
 1.395  0.254048
 1.396  0.253703
 1.397  0.253345
 1.398  0.252986
 1.399  0.252625
 1.400  0.252242
 1.401  0.251859
 1.402  0.251397
 1.403  0.251006
 1.404  0.250708
 1.405  0.250419
 1.406  0.250128
 1.407  0.249837
 1.408  0.249554
 1.409  0.249288
 1.410  0.249055
 1.411  0.248892
 1.412  0.248514
 1.413  0.248104
 1.414  0.247621
 1.415  0.247249
 1.416  0.246938
 1.417  0.246620
 1.418  0.246309
 1.419  0.245998
 1.420  0.245692
 1.421  0.245374
 1.422  0.245061
 1.423  0.244754
 1.424  0.244431
 1.425  0.244115
 1.426  0.243750
 1.427  0.243499
 1.428  0.243399
 1.429  0.243075
 1.430  0.242750
 1.431  0.242418
 1.432  0.242089
 1.433  0.241763
 1.434  0.241429
 1.435  0.241092
 1.436  0.240756
 1.437  0.240387
 1.438  0.239933
 1.439  0.239663
 1.440  0.239405
 1.441  0.239152
 1.442  0.238911
 1.443  0.238706
 1.444  0.238606
 1.445  0.238370
 1.446  0.238023
 1.447  0.237671
 1.448  0.237308
 1.449  0.236925
 1.450  0.236481
 1.451  0.236187
 1.452  0.235899
 1.453  0.235615
 1.454  0.235330
 1.455  0.235051
 1.456  0.234779
 1.457  0.234519
 1.458  0.234264
 1.459  0.234034
 1.460  0.233871
 1.461  0.233665
 1.462  0.233244
 1.463  0.232932
 1.464  0.232622
 1.465  0.232313
 1.466  0.232008
 1.467  0.231704
 1.468  0.231396
 1.469  0.231098
 1.470  0.230800
 1.471  0.230498
 1.472  0.230194
 1.473  0.229824
 1.474  0.229617
 1.475  0.229449
 1.476  0.229431
 1.477  0.229207
 1.478  0.228876
 1.479  0.228548
 1.480  0.228228
 1.481  0.227899
 1.482  0.227573
 1.483  0.227238
 1.484  0.226882
 1.485  0.226542
 1.486  0.226283
 1.487  0.226033
 1.488  0.225794
 1.489  0.225583
 1.490  0.225399
 1.491  0.225301
 1.492  0.225219
 1.493  0.224870
 1.494  0.224515
 1.495  0.224144
 1.496  0.223759
 1.497  0.223464
 1.498  0.223175
 1.499  0.222892
 1.500  0.222611
 1.501  0.222350
 1.502  0.222090
 1.503  0.221849
 1.504  0.221627
 1.505  0.221438
 1.506  0.221381
 1.507  0.221180
 1.508  0.220858
 1.509  0.220536
 1.510  0.220216
 1.511  0.219912
 1.512  0.219609
 1.513  0.219306
 1.514  0.219018
 1.515  0.218729
 1.516  0.218459
 1.517  0.218181
 1.518  0.217919
 1.519  0.217754
 1.520  0.217674
 1.521  0.217729
 1.522  0.217386
 1.523  0.217052
 1.524  0.216720
 1.525  0.216390
 1.526  0.216080
 1.527  0.215764
 1.528  0.215442
 1.529  0.215142
 1.530  0.214890
 1.531  0.214667
 1.532  0.214464
 1.533  0.214298
 1.534  0.214247
 1.535  0.214283
 1.536  0.213925
 1.537  0.213573
 1.538  0.213228
 1.539  0.212872
 1.540  0.212573
 1.541  0.212282
 1.542  0.211992
 1.543  0.211730
 1.544  0.211480
 1.545  0.211277
 1.546  0.211103
 1.547  0.211006
 1.548  0.211191
 1.549  0.210816
 1.550  0.210459
 1.551  0.210117
 1.552  0.209792
 1.553  0.209469
 1.554  0.209172
 1.555  0.208884
 1.556  0.208605
 1.557  0.208366
 1.558  0.208166
 1.559  0.208014
 1.560  0.207973
 1.561  0.208119
 1.562  0.207749
 1.563  0.207382
 1.564  0.207026
 1.565  0.206698
 1.566  0.206375
 1.567  0.206077
 1.568  0.205807
 1.569  0.205573
 1.570  0.205357
 1.571  0.205203
 1.572  0.205141
 1.573  0.205408
 1.574  0.205007
 1.575  0.204629
 1.576  0.204268
 1.577  0.203933
 1.578  0.203637
 1.579  0.203353
 1.580  0.203069
 1.581  0.202801
 1.582  0.202599
 1.583  0.202463
 1.584  0.202529
 1.585  0.202643
 1.586  0.202231
 1.587  0.201880
 1.588  0.201587
 1.589  0.201216
 1.590  0.200875
 1.591  0.200554
 1.592  0.200297
 1.593  0.200058
 1.594  0.199959
 1.595  0.200049
 1.596  0.200292
 1.597  0.199925
 1.598  0.199484
 1.599  0.199086
 1.600  0.198699
 1.601  0.198355
 1.602  0.198052
 1.603  0.197812
 1.604  0.197676
 1.605  0.197797
 1.606  0.198331
 1.607  0.197821
 1.608  0.197328
 1.609  0.196879
 1.610  0.196492
 1.611  0.196140
 1.612  0.195865
 1.613  0.195703
 1.614  0.195675
 1.615  0.195679
 1.616  0.196091
 1.617  0.195557
 1.618  0.195062
 1.619  0.194582
 1.620  0.194284
 1.621  0.194099
 1.622  0.193883
 1.623  0.193584
 1.624  0.193561
 1.625  0.194244
 1.626  0.193649
 1.627  0.193166
 1.628  0.192745
 1.629  0.192625
 1.630  0.192193
 1.631  0.191812
 1.632  0.191592
 1.633  0.191786
 1.634  0.192179
 1.635  0.191673
 1.636  0.191524
 1.637  0.190861
 1.638  0.190393
 1.639  0.190007
 1.640  0.189851
 1.641  0.190241
 1.642  0.190698
 1.643  0.190358
 1.644  0.189572
 1.645  0.188896
 1.646  0.188451
 1.647  0.188202
 1.648  0.188562
 1.649  0.189861
 1.650  0.188910
 1.651  0.187958
 1.652  0.187252
 1.653  0.186787
 1.654  0.186996
 1.655  0.188333
 1.656  0.187913
 1.657  0.186899
 1.658  0.185885
 1.659  0.185550
 1.660  0.186411
 1.661  0.187662
 1.662  0.186326
 1.663  0.185283
 1.664  0.184383
 1.665  0.185371
 1.666  0.185616
 1.667  0.185596
 1.668  0.184044
 1.669  0.183751
 1.670  0.184019
 1.671  0.186011
 1.672  0.183510
 1.673  0.183025
 1.674  0.182636
 1.675  0.184982
 1.676  0.182243
 1.677  0.182616
 1.678  0.183356
 1.679  0.182348
 1.680  0.180242
 1.681  0.183203
 1.682  0.180877
 1.683  0.182911
 1.684  0.168582
 1.685  0.000000
