-0.101  0.000000  0.000000
-0.100  0.180282  0.000395
-0.099  0.169474  0.000536
-0.098  0.167565  0.000685
-0.097  0.172292  0.000853
-0.096  0.170449  0.000989
-0.095  0.174187  0.001153
-0.094  0.173302  0.001283
-0.093  0.171516  0.001409
-0.092  0.173878  0.001566
-0.091  0.173499  0.001696
-0.090  0.172498  0.001822
-0.089  0.173290  0.001964
-0.088  0.173542  0.002097
-0.087  0.174250  0.002236
-0.086  0.173548  0.002361
-0.085  0.173920  0.002497
-0.084  0.175207  0.002647
-0.083  0.174608  0.002767
-0.082  0.175847  0.002917
-0.081  0.174811  0.003032
-0.080  0.175371  0.003171
-0.079  0.175463  0.003301
-0.078  0.175736  0.003434
-0.077  0.176614  0.003579
-0.076  0.176180  0.003702
-0.075  0.176396  0.003836
-0.074  0.176987  0.003978
-0.073  0.176618  0.004097
-0.072  0.177269  0.004240
-0.071  0.178187  0.004391
-0.070  0.177565  0.004507
-0.069  0.177959  0.004646
-0.068  0.177949  0.004773
-0.067  0.177970  0.004901
-0.066  0.178505  0.005043
-0.065  0.179297  0.005194
-0.064  0.179398  0.005327
-0.063  0.179252  0.005453
-0.062  0.179715  0.005596
-0.061  0.179389  0.005713
-0.060  0.179732  0.005852
-0.059  0.180283  0.005998
-0.058  0.180938  0.006149
-0.057  0.181110  0.006286
-0.056  0.181079  0.006415
-0.055  0.180978  0.006540
-0.054  0.181082  0.006671
-0.053  0.181409  0.006811
-0.052  0.181902  0.006959
-0.051  0.182466  0.007109
-0.050  0.183079  0.007263
-0.049  0.182896  0.007388
-0.048  0.182978  0.007521
-0.047  0.182831  0.007644
-0.046  0.183074  0.007783
-0.045  0.183491  0.007931
-0.044  0.183938  0.008080
-0.043  0.184490  0.008234
-0.042  0.185054  0.008390
-0.041  0.184879  0.008515
-0.040  0.184799  0.008642
-0.039  0.184889  0.008776
-0.038  0.185127  0.008917
-0.037  0.185493  0.009066
-0.036  0.185943  0.009218
-0.035  0.186407  0.009372
-0.034  0.186935  0.009530
-0.033  0.187235  0.009678
-0.032  0.186895  0.009794
-0.031  0.186996  0.009930
-0.030  0.187239  0.010075
-0.029  0.187562  0.010224
-0.028  0.187916  0.010376
-0.027  0.188348  0.010532
-0.026  0.188804  0.010690
-0.025  0.189282  0.010851
-0.024  0.189426  0.010993
-0.023  0.189266  0.011117
-0.022  0.189402  0.011259
-0.021  0.189680  0.011408
-0.020  0.190003  0.011561
-0.019  0.190367  0.011717
-0.018  0.190756  0.011875
-0.017  0.191172  0.012035
-0.016  0.191622  0.012198
-0.015  0.191911  0.012350
-0.014  0.191816  0.012481
-0.013  0.191955  0.012625
-0.012  0.192180  0.012775
-0.011  0.192495  0.012932
-0.010  0.192837  0.013090
-0.009  0.193207  0.013251
-0.008  0.193601  0.013414
-0.007  0.193997  0.013578
-0.006  0.194305  0.013736
-0.005  0.194638  0.013896
-0.004  0.194598  0.014032
-0.003  0.194802  0.014184
-0.002  0.195082  0.014342
-0.001  0.195379  0.014501
 0.000  0.195731  0.014665
 0.001  0.196089  0.014830
 0.002  0.196470  0.014997
 0.003  0.196837  0.015164
 0.004  0.197119  0.015324
 0.005  0.197473  0.015490
 0.006  0.197576  0.015639
 0.007  0.197782  0.015795
 0.008  0.198051  0.015957
 0.009  0.198368  0.016123
 0.010  0.198694  0.016290
 0.011  0.199049  0.016459
 0.012  0.199412  0.016630
 0.013  0.199723  0.016797
 0.014  0.200065  0.016967
 0.015  0.200422  0.017139
 0.016  0.200793  0.017312
 0.017  0.200871  0.017463
 0.018  0.201137  0.017629
 0.019  0.201445  0.017799
 0.020  0.201766  0.017970
 0.021  0.202108  0.018144
 0.022  0.202455  0.018319
 0.023  0.202778  0.018491
 0.024  0.203119  0.018667
 0.025  0.203482  0.018844
 0.026  0.203854  0.019023
 0.027  0.204176  0.019199
 0.028  0.204343  0.019362
 0.029  0.204637  0.019535
 0.030  0.204957  0.019712
 0.031  0.205288  0.019890
 0.032  0.205628  0.020070
 0.033  0.205967  0.020250
 0.034  0.206313  0.020431
 0.035  0.206674  0.020615
 0.036  0.207039  0.020799
 0.037  0.207409  0.020984
 0.038  0.207788  0.021172
 0.039  0.396700  0.794720
 0.040  0.393054  0.778496
 0.041  0.393396  0.778139
 0.042  0.393470  0.775989
 0.043  0.393239  0.772364
 0.044  0.394498  0.775091
 0.045  0.396058  0.778517
 0.046  0.396227  0.776501
 0.047  0.397328  0.778034
 0.048  0.400095  0.786144
 0.049  0.398864  0.778373
 0.050  0.401099  0.784670
 0.051  0.402715  0.788417
 0.052  0.401907  0.782325
 0.053  0.404073  0.788026
 0.054  0.405776  0.791797
 0.055  0.405715  0.788404
 0.056  0.407047  0.790574
 0.057  0.408442  0.793056
 0.058  0.409865  0.795471
 0.059  0.410510  0.794915
 0.060  0.411680  0.796379
 0.061  0.413003  0.798456
 0.062  0.414163  0.799979
 0.063  0.415571  0.802529
 0.064  0.416161  0.801673
 0.065  0.417362  0.803043
 0.066  0.418584  0.804426
 0.067  0.420325  0.807912
 0.068  0.421335  0.808764
 0.069  0.422344  0.809427
 0.070  0.423246  0.809490
 0.071  0.424873  0.812419
 0.072  0.426073  0.813851
 0.073  0.427327  0.815501
 0.074  0.428459  0.816628
 0.075  0.429524  0.817157
 0.076  0.431175  0.819937
 0.077  0.432226  0.820669
 0.078  0.433512  0.822265
 0.079  0.434735  0.823443
 0.080  0.436352  0.826167
 0.081  0.437492  0.827043
 0.082  0.438728  0.828378
 0.083  0.439769  0.828980
 0.084  0.441026  0.830274
 0.085  0.442582  0.832689
 0.086  0.444232  0.835177
 0.087  0.445379  0.835889
 0.088  0.446762  0.837503
 0.089  0.447771  0.837695
 0.090  0.449254  0.839682
 0.091  0.450870  0.842145
 0.092  0.452212  0.843719
 0.093  0.453859  0.846324
 0.094  0.454876  0.846499
 0.095  0.456054  0.847348
 0.096  0.457542  0.849313
 0.097  0.458984  0.850832
 0.098  0.460635  0.852982
 0.099  0.462341  0.855453
 0.100  0.463860  0.857198
 0.101  0.465029  0.857819
 0.102  0.466396  0.859157
 0.103  0.467771  0.860579
 0.104  0.469351  0.862683
 0.105  0.470915  0.864661
 0.106  0.472483  0.866622
 0.107  0.473977  0.868386
 0.108  0.475534  0.870071
 0.109  0.476894  0.871098
 0.110  0.478542  0.872925
 0.111  0.480192  0.874843
 0.112  0.481813  0.876685
 0.113  0.483526  0.878909
 0.114  0.484960  0.880280
 0.115  0.486551  0.882166
 0.116  0.488242  0.884377
 0.117  0.489740  0.885921
 0.118  0.491245  0.887393
 0.119  0.492993  0.889411
 0.120  0.494751  0.891493
 0.121  0.496326  0.893077
 0.122  0.498095  0.895034
 0.123  0.499934  0.897281
 0.124  0.501700  0.899335
 0.125  0.503362  0.901065
 0.126  0.505026  0.902870
 0.127  0.506788  0.904989
 0.128  0.508440  0.906759
 0.129  0.510132  0.908669
 0.130  0.511982  0.910860
 0.131  0.513831  0.912808
 0.132  0.515705  0.915055
 0.133  0.517634  0.917500
 0.134  0.519481  0.919467
 0.135  0.521455  0.921668
 0.136  0.523160  0.923223
 0.137  0.525014  0.925303
 0.138  0.526831  0.927232
 0.139  0.528810  0.929689
 0.140  0.530781  0.932136
 0.141  0.532752  0.934608
 0.142  0.534954  0.937183
 0.143  0.536797  0.938991
 0.144  0.538597  0.940750
 0.145  0.540579  0.942960
 0.146  0.542609  0.945384
 0.147  0.544882  0.947861
 0.148  0.547018  0.950358
 0.149  0.549135  0.952880
 0.150  0.551246  0.955427
 0.151  0.553268  0.957683
 0.152  0.555396  0.960123
 0.153  0.557624  0.962375
 0.154  0.559797  0.964781
 0.155  0.561958  0.967241
 0.156  0.564112  0.969751
 0.157  0.566269  0.972285
 0.158  0.568777  0.975662
 0.159  0.571299  0.978354
 0.160  0.573564  0.980706
 0.161  0.575837  0.983244
 0.162  0.578015  0.985562
 0.163  0.580210  0.987988
 0.164  0.582972  0.991313
 0.165  0.585623  0.994563
 0.166  0.588149  0.997598
 0.167  0.590617  1.000535
 0.168  0.592795  1.002655
 0.169  0.595093  1.005175
 0.170  0.597677  1.008372
 0.171  0.600816  1.012117
 0.172  0.603488  1.015122
 0.173  0.606093  1.018101
 0.174  0.608663  1.021068
 0.175  0.611396  1.024087
 0.176  0.614156  1.027086
 0.177  0.617285  1.030937
 0.178  0.620097  1.034231
 0.179  0.622835  1.037397
 0.180  0.625523  1.040521
 0.181  0.628170  1.043573
 0.182  0.631136  1.047266
 0.183  0.634944  1.051950
 0.184  0.638164  1.055802
 0.185  0.640987  1.058704
 0.186  0.643961  1.061765
 0.187  0.646931  1.064869
 0.188  0.650657  1.069588
 0.189  0.654247  1.074085
 0.190  0.657564  1.078165
 0.191  0.660755  1.082011
 0.192  0.663828  1.085612
 0.193  0.666838  1.089114
 0.194  0.671232  1.094670
 0.195  0.675152  1.098955
 0.196  0.678700  1.102947
 0.197  0.682255  1.106783
 0.198  0.685752  1.110636
 0.199  0.690642  1.117154
 0.200  0.694945  1.122608
 0.201  0.698841  1.127344
 0.202  0.702566  1.131806
 0.203  0.705925  1.135304
 0.204  0.710996  1.141844
 0.205  0.715575  1.147598
 0.206  0.720141  1.152797
 0.207  0.724375  1.157633
 0.208  0.728507  1.162193
 0.209  0.735229  1.171111
 0.210  0.740409  1.177537
 0.211  0.745100  1.183185
 0.212  0.749430  1.188150
 0.213  0.755502  1.195628
 0.214  0.761558  1.203433
 0.215  0.766774  1.209964
 0.216  0.771599  1.215813
 0.217  0.778630  1.224765
 0.218  0.786209  1.234381
 0.219  0.792567  1.241978
 0.220  0.798257  1.248576
 0.221  0.807142  1.260377
 0.222  0.814871  1.269844
 0.223  0.821503  1.278014
 0.224  0.827378  1.284962
 0.225  0.839644  1.301877
 0.226  0.847650  1.312120
 0.227  0.854599  1.320753
 0.228  0.869001  1.340374
 0.229  0.879264  1.353221
 0.230  0.887807  1.363399
 0.231  0.906810  1.389906
 0.232  0.917423  1.402547
 0.233  0.937035  1.429182
 0.234  0.952339  1.449435
 0.235  0.976462  1.482754
 0.236  0.996680  1.510169
 0.237  1.033246  1.561369
 0.238  1.066249  1.607136
 0.239  1.118546  1.680418
 0.240  1.265397  1.889915
 0.241  1.271598  1.894295
 0.242  1.146286  1.710179
 0.243  1.075657  1.605684
 0.244  1.045603  1.560884
 0.245  1.013290  1.513898
 0.246  0.994719  1.484873
 0.247  0.976238  1.456718
 0.248  0.959081  1.431000
 0.249  0.947969  1.413168
 0.250  0.937739  1.395536
 0.251  0.925586  1.376259
 0.252  0.918423  1.362914
 0.253  0.911933  1.351923
 0.254  0.904305  1.339610
 0.255  0.896843  1.327889
 0.256  0.892280  1.320040
 0.257  0.887377  1.311692
 0.258  0.881862  1.302655
 0.259  0.875836  1.293087
 0.260  0.873672  1.286911
 0.261  0.870611  1.280356
 0.262  0.867894  1.274032
 0.263  0.863478  1.266163
 0.264  0.861258  1.262078
 0.265  0.859472  1.258164
 0.266  0.857399  1.253896
 0.267  0.855110  1.249414
 0.268  0.851511  1.243462
 0.269  0.850583  1.239700
 0.270  0.850031  1.236477
 0.271  0.848981  1.232967
 0.272  0.848955  1.231417
 0.273  0.847628  1.227726
 0.274  0.845964  1.224242
 0.275  0.845699  1.222429
 0.276  0.845333  1.220519
 0.277  0.844723  1.218338
 0.278  0.844834  1.216191
 0.279  0.844490  1.213363
 0.280  0.844481  1.212084
 0.281  0.845898  1.212526
 0.282  0.846890  1.211988
 0.283  0.847461  1.210930
 0.284  0.847563  1.209114
 0.285  0.847261  1.207404
 0.286  0.847164  1.206031
 0.287  0.849575  1.206010
 0.288  0.851478  1.206831
 0.289  0.853583  1.208017
 0.290  0.855346  1.208766
 0.291  0.856398  1.208708
 0.292  0.857138  1.208021
 0.293  0.858862  1.208432
 0.294  0.860339  1.208604
 0.295  0.863514  1.209017
 0.296  0.866327  1.210618
 0.297  0.869460  1.212883
 0.298  0.872064  1.214598
 0.299  0.874074  1.215629
 0.300  0.876628  1.217240
 0.301  0.878935  1.218600
 0.302  0.881628  1.220036
 0.303  0.887089  1.222162
 0.304  0.890852  1.225240
 0.305  0.895654  1.229087
 0.306  0.899192  1.231458
 0.307  0.902846  1.233721
 0.308  0.906391  1.236368
 0.309  0.909687  1.238807
 0.310  0.916933  1.242333
 0.311  0.921990  1.246036
 0.312  0.929478  1.252684
 0.313  0.934661  1.256758
 0.314  0.939935  1.260958
 0.315  0.944786  1.264758
 0.316  0.953679  1.269735
 0.317  0.960667  1.273889
 0.318  0.969944  1.280657
 0.319  0.977936  1.287934
 0.320  0.984212  1.293240
 0.321  0.991337  1.298956
 0.322  1.005096  1.306982
 0.323  1.014392  1.313199
 0.324  1.029167  1.324612
 0.325  1.039476  1.332223
 0.326  1.048928  1.340669
 0.327  1.067575  1.352019
 0.328  1.083430  1.363135
 0.329  1.101527  1.376539
 0.330  1.116435  1.387213
 0.331  1.142358  1.401721
 0.332  1.167699  1.418415
 0.333  1.195644  1.439000
 0.334  1.228729  1.460029
 0.335  1.263411  1.480987
 0.336  1.317199  1.516453
 0.337  1.386774  1.555610
 0.338  1.489311  1.618276
 0.339  1.712187  1.743188
 0.340  1.762031  1.776515
 0.341  1.508024  1.641963
 0.342  1.395471  1.584012
 0.343  1.322710  1.547532
 0.344  1.266387  1.520066
 0.345  1.222031  1.499467
 0.346  1.185628  1.483077
 0.347  1.156349  1.473612
 0.348  1.128779  1.463690
 0.349  1.104092  1.454713
 0.350  1.083361  1.448023
 0.351  1.062503  1.440726
 0.352  1.044231  1.434953
 0.353  1.026107  1.430867
 0.354  1.010768  1.429134
 0.355  0.995008  1.425903
 0.356  0.982111  1.424268
 0.357  0.968106  1.421789
 0.358  0.956520  1.420884
 0.359  0.944448  1.420742
 0.360  0.932897  1.422878
 0.361  0.921416  1.423368
 0.362  0.909881  1.423508
 0.363  0.900381  1.424959
 0.364  0.891048  1.426307
 0.365  0.881780  1.429368
 0.366  0.873550  1.434989
 0.367  0.864060  1.437963
 0.368  0.855560  1.441166
 0.369  0.847201  1.444354
 0.370  0.837322  1.446356
 0.371  0.830086  1.454627
 0.372  0.823658  1.462447
 0.373  0.815977  1.468356
 0.374  0.809072  1.474707
 0.375  0.802145  1.480962
 0.376  0.794756  1.489412
 0.377  0.787962  1.500316
 0.378  0.781017  1.509423
 0.379  0.773313  1.517373
 0.380  0.767706  1.527084
 0.381  0.761723  1.538896
 0.382  0.756164  1.554765
 0.383  0.749853  1.568114
 0.384  0.743504  1.581203
 0.385  0.737235  1.594492
 0.386  0.731525  1.613995
 0.387  0.725861  1.634098
 0.388  0.719746  1.652826
 0.389  0.714812  1.672941
 0.390  0.708554  1.693157
 0.391  0.703011  1.725409
 0.392  0.697334  1.753879
 0.393  0.692126  1.784579
 0.394  0.686436  1.817427
 0.395  0.681295  1.865313
 0.396  0.676202  1.910553
 0.397  0.669639  1.957582
 0.398  0.663643  2.039735
 0.399  0.657802  2.134334
 0.400  0.652261  2.215310
 0.401  0.646776  2.468929
 0.402  0.641086  3.202904
 0.403  0.634179  2.572209
 0.404  0.628218  2.343139
 0.405  0.620933  2.218975
 0.406  0.613399  2.130910
 0.407  0.607543  2.057642
 0.408  0.604152  2.035396
 0.409  0.597450  1.978771
 0.410  0.590781  1.938965
 0.411  0.586086  1.903828
 0.412  0.580558  1.876003
 0.413  0.574816  1.855215
 0.414  0.572330  1.839926
 0.415  0.571328  1.833546
 0.416  0.566618  1.829276
 0.417  0.568459  1.843501
 0.418  0.565482  1.854549
 0.419  0.564274  1.867380
 0.420  0.562854  1.882069
 0.421  0.561036  1.899804
 0.422  0.559472  1.913043
 0.423  0.557252  1.919378
 0.424  0.553435  1.929405
 0.425  0.551866  1.940411
 0.426  0.551857  1.956910
 0.427  0.551379  1.971905
 0.428  0.549487  1.985104
 0.429  0.546703  1.997154
 0.430  0.547755  2.013996
 0.431  0.546506  2.028174
 0.432  0.543643  2.040631
 0.433  0.541883  2.057789
 0.434  0.542538  2.076858
 0.435  0.539103  2.090983
 0.436  0.538355  2.108963
 0.437  0.537839  2.128208
 0.438  0.538330  2.148953
 0.439  0.533549  2.163488
 0.440  0.533222  2.185415
 0.441  0.536600  2.213802
 0.442  0.533305  2.233430
 0.443  0.528530  2.251737
 0.444  0.527627  2.276273
 0.445  0.532866  2.311381
 0.446  0.527644  2.332710
 0.447  0.523634  2.356061
 0.448  0.526299  2.391710
 0.449  0.527485  2.428090
 0.450  0.522910  2.457080
 0.451  0.519329  2.488582
 0.452  0.526106  2.539928
 0.453  0.520684  2.575752
 0.454  0.517169  2.617779
 0.455  0.523970  2.680875
 0.456  0.518718  2.728440
 0.457  0.515301  2.784458
 0.458  0.518477  2.861707
 0.459  0.516420  2.937947
 0.460  0.513597  3.025163
 0.461  0.519068  3.146784
 0.462  0.514374  3.276502
 0.463  0.514619  3.452145
 0.464  0.516952  3.701493
 0.465  0.517160  4.199453
 0.466  0.527016  4.907757
 0.467  0.529950  4.014183
 0.468  0.535696  3.708863
 0.469  0.536338  3.496093
 0.470  0.535253  3.347919
 0.471  0.540196  3.276835
 0.472  0.538525  3.172522
 0.473  0.542708  3.138365
 0.474  0.552740  3.144407
 0.475  0.120550  0.559770
 0.476  0.122020  0.563977
 0.477  0.123802  0.569522
 0.478  0.125284  0.574290
 0.479  0.126832  0.579014
 0.480  0.128280  0.583315
 0.481  0.129670  0.587377
 0.482  0.131128  0.592540
 0.483  0.132581  0.597462
 0.484  0.134010  0.601911
 0.485  0.135415  0.606171
 0.486  0.136992  0.610791
 0.487  0.138911  0.616209
 0.488  0.140613  0.621626
 0.489  0.142166  0.626314
 0.490  0.143715  0.630722
 0.491  0.145250  0.634974
 0.492  0.146736  0.639038
 0.493  0.148451  0.645319
 0.494  0.150034  0.650238
 0.495  0.151578  0.654739
 0.496  0.153091  0.658904
 0.497  0.155068  0.663588
 0.498  0.156837  0.669301
 0.499  0.158656  0.674716
 0.500  0.160425  0.679935
 0.501  0.162134  0.684695
 0.502  0.163816  0.689196
 0.503  0.165513  0.694455
 0.504  0.167202  0.699868
 0.505  0.168864  0.704666
 0.506  0.170728  0.710060
 0.507  0.172849  0.715260
 0.508  0.174774  0.719983
 0.509  0.176692  0.726352
 0.510  0.178530  0.731482
 0.511  0.180273  0.736107
 0.512  0.182232  0.741461
 0.513  0.184173  0.746670
 0.514  0.186147  0.753085
 0.515  0.188041  0.758717
 0.516  0.189892  0.763874
 0.517  0.192064  0.769078
 0.518  0.194214  0.774549
 0.519  0.196501  0.781367
 0.520  0.198626  0.787667
 0.521  0.200672  0.793260
 0.522  0.202675  0.798536
 0.523  0.204631  0.803498
 0.524  0.206833  0.809849
 0.525  0.209151  0.817046
 0.526  0.211293  0.822994
 0.527  0.213608  0.828700
 0.528  0.215917  0.834256
 0.529  0.218110  0.839720
 0.530  0.220752  0.848162
 0.531  0.223192  0.854967
 0.532  0.225516  0.861139
 0.533  0.227769  0.866899
 0.534  0.230001  0.872459
 0.535  0.232456  0.880374
 0.536  0.235180  0.888183
 0.537  0.237804  0.894952
 0.538  0.240474  0.901356
 0.539  0.243041  0.908075
 0.540  0.245698  0.915971
 0.541  0.248526  0.923738
 0.542  0.251280  0.930945
 0.543  0.253869  0.937466
 0.544  0.256620  0.945461
 0.545  0.259358  0.953352
 0.546  0.262242  0.961211
 0.547  0.265252  0.969212
 0.548  0.268379  0.976655
 0.549  0.271592  0.986176
 0.550  0.274566  0.994237
 0.551  0.277726  1.002567
 0.552  0.280962  1.011023
 0.553  0.284183  1.020077
 0.554  0.287440  1.029536
 0.555  0.290514  1.037697
 0.556  0.293983  1.046892
 0.557  0.297327  1.055516
 0.558  0.301377  1.067136
 0.559  0.304862  1.076333
 0.560  0.308265  1.085022
 0.561  0.312261  1.095517
 0.562  0.316372  1.107925
 0.563  0.320118  1.118154
 0.564  0.323729  1.127595
 0.565  0.327847  1.138409
 0.566  0.332378  1.152213
 0.567  0.336421  1.163300
 0.568  0.340654  1.173868
 0.569  0.345412  1.186622
 0.570  0.350433  1.201388
 0.571  0.354892  1.213336
 0.572  0.359177  1.224412
 0.573  0.364744  1.240802
 0.574  0.369863  1.255159
 0.575  0.374622  1.267756
 0.576  0.379510  1.281170
 0.577  0.385919  1.300229
 0.578  0.391615  1.315277
 0.579  0.396912  1.328950
 0.580  0.404040  1.350355
 0.581  0.410240  1.367446
 0.582  0.416006  1.382670
 0.583  0.423637  1.405750
 0.584  0.430630  1.425258
 0.585  0.437494  1.444534
 0.586  0.445700  1.468750
 0.587  0.453353  1.490100
 0.588  0.462088  1.515358
 0.589  0.471375  1.541723
 0.590  0.480336  1.567069
 0.591  0.489991  1.595486
 0.592  0.500591  1.625653
 0.593  0.512054  1.660218
 0.594  0.523907  1.694333
 0.595  0.537178  1.734625
 0.596  0.550750  1.774152
 0.597  0.566437  1.822068
 0.598  0.584026  1.874072
 0.599  0.601892  1.927864
 0.600  0.625594  2.000613
 0.601  0.651276  2.079402
 0.602  0.679712  2.166485
 0.603  0.716407  2.281557
 0.604  0.771574  2.455979
 0.605  0.864993  2.756698
 0.606  1.373211  4.422058
 0.607  0.877541  2.780345
 0.608  0.794213  2.497775
 0.609  0.741475  2.316761
 0.610  0.718418  2.235710
 0.611  0.689838  2.134455
 0.612  0.672261  2.073046
 0.613  0.653804  2.004514
 0.614  0.642109  1.962759
 0.615  0.628360  1.911913
 0.616  0.619296  1.876563
 0.617  0.608699  1.839899
 0.618  0.600424  1.802898
 0.619  0.594167  1.779475
 0.620  0.587221  1.753817
 0.621  0.581591  1.728856
 0.622  0.575176  1.703317
 0.623  0.570098  1.683984
 0.624  0.566187  1.666422
 0.625  0.560377  1.640957
 0.626  0.556052  1.625016
 0.627  0.553464  1.612390
 0.628  0.550326  1.597515
 0.629  0.544796  1.574315
 0.630  0.543018  1.564860
 0.631  0.540817  1.554210
 0.632  0.537846  1.541347
 0.633  0.534347  1.525948
 0.634  0.532148  1.513716
 0.635  0.530334  1.504870
 0.636  0.527656  1.493884
 0.637  0.525763  1.483721
 0.638  0.523839  1.471214
 0.639  0.522318  1.462811
 0.640  0.520160  1.453765
 0.641  0.518696  1.445857
 0.642  0.517509  1.438219
 0.643  0.515854  1.428282
 0.644  0.513868  1.418576
 0.645  0.512476  1.411852
 0.646  0.511633  1.406052
 0.647  0.510970  1.399956
 0.648  0.509691  1.392199
 0.649  0.507745  1.381552
 0.650  0.507262  1.377116
 0.651  0.506632  1.372279
 0.652  0.505763  1.366796
 0.653  0.504149  1.359580
 0.654  0.503499  1.353619
 0.655  0.502604  1.346133
 0.656  0.502272  1.342195
 0.657  0.501676  1.337633
 0.658  0.500751  1.332318
 0.659  0.500425  1.328064
 0.660  0.499921  1.323020
 0.661  0.499057  1.315776
 0.662  0.498247  1.311528
 0.663  0.497786  1.307870
 0.664  0.497525  1.304479
 0.665  0.497150  1.300724
 0.666  0.497004  1.296757
 0.667  0.496086  1.290812
 0.668  0.495843  1.286259
 0.669  0.495752  1.283594
 0.670  0.495557  1.280683
 0.671  0.495199  1.277360
 0.672  0.494512  1.273297
 0.673  0.494348  1.269910
 0.674  0.494017  1.265327
 0.675  0.494026  1.261790
 0.676  0.493919  1.259322
 0.677  0.493528  1.256347
 0.678  0.493553  1.254063
 0.679  0.493503  1.251507
 0.680  0.493340  1.248527
 0.681  0.492993  1.244633
 0.682  0.492471  1.240440
 0.683  0.492489  1.238623
 0.684  0.492696  1.236922
 0.685  0.492814  1.235005
 0.686  0.492733  1.232699
 0.687  0.492443  1.229900
 0.688  0.492441  1.227311
 0.689  0.492283  1.223411
 0.690  0.492277  1.221789
 0.691  0.492172  1.219947
 0.692  0.491881  1.217669
 0.693  0.492101  1.216228
 0.694  0.492313  1.214651
 0.695  0.492362  1.212691
 0.696  0.492267  1.210109
 0.697  0.491948  1.206772
 0.698  0.492044  1.205602
 0.699  0.492093  1.204326
 0.700  0.492094  1.202944
 0.701  0.492026  1.201376
 0.702  0.491936  1.199589
 0.703  0.492143  1.198148
 0.704  0.492193  1.196136
 0.705  0.492153  1.193673
 0.706  0.492155  1.192569
 0.707  0.491963  1.191126
 0.708  0.491994  1.190039
 0.709  0.491989  1.188817
 0.710  0.491946  1.187500
 0.711  0.492021  1.186215
 0.712  0.491998  1.184511
 0.713  0.491897  1.182082
 0.714  0.491939  1.181353
 0.715  0.491930  1.180532
 0.716  0.491870  1.179603
 0.717  0.491729  1.178516
 0.718  0.491573  1.177368
 0.719  0.491480  1.176252
 0.720  0.491535  1.175147
 0.721  0.491470  1.173323
 0.722  0.491337  1.172014
 0.723  0.491170  1.171185
 0.724  0.491081  1.170494
 0.725  0.490949  1.169701
 0.726  0.490771  1.168788
 0.727  0.490532  1.167737
 0.728  0.490221  1.166545
 0.729  0.490184  1.165552
 0.730  0.489993  1.163731
 0.731  0.489809  1.163177
 0.732  0.489557  1.162517
 0.733  0.489202  1.161677
 0.734  0.488951  1.161030
 0.735  0.488662  1.160291
 0.736  0.488332  1.159440
 0.737  0.487946  1.158412
 0.738  0.487591  1.157183
 0.739  0.487248  1.155651
 0.740  0.486909  1.155125
 0.741  0.486520  1.154516
 0.742  0.486069  1.153804
 0.743  0.485459  1.152782
 0.744  0.485012  1.152031
 0.745  0.484536  1.151262
 0.746  0.484058  1.150406
 0.747  0.483535  1.149302
 0.748  0.482831  1.147541
 0.749  0.482243  1.146910
 0.750  0.481678  1.146319
 0.751  0.481066  1.145647
 0.752  0.480391  1.144865
 0.753  0.479603  1.143866
 0.754  0.478816  1.142858
 0.755  0.478156  1.142023
 0.756  0.477427  1.140951
 0.757  0.476594  1.139236
 0.758  0.475695  1.138299
 0.759  0.474725  1.137248
 0.760  0.473943  1.136535
 0.761  0.473105  1.135668
 0.762  0.472203  1.134761
 0.763  0.471194  1.133636
 0.764  0.469971  1.132115
 0.765  0.469061  1.131096
 0.766  0.468089  1.129661
 0.767  0.467061  1.128463
 0.768  0.465938  1.127378
 0.769  0.464521  1.125743
 0.770  0.463562  1.124979
 0.771  0.462551  1.124098
 0.772  0.461401  1.122974
 0.773  0.460120  1.121586
 0.774  0.458568  1.119602
 0.775  0.457316  1.118088
 0.776  0.456182  1.116596
 0.777  0.455007  1.115567
 0.778  0.453744  1.114326
 0.779  0.452292  1.112768
 0.780  0.450701  1.110937
 0.781  0.449423  1.109803
 0.782  0.448127  1.108573
 0.783  0.446765  1.107160
 0.784  0.445278  1.105418
 0.785  0.443268  1.102361
 0.786  0.442095  1.101288
 0.787  0.440877  1.100306
 0.788  0.439593  1.099173
 0.789  0.438202  1.097796
 0.790  0.436328  1.095548
 0.791  0.434345  1.092970
 0.792  0.433071  1.091824
 0.793  0.431750  1.090517
 0.794  0.430356  1.088954
 0.795  0.428833  1.086844
 0.796  0.427011  1.084546
 0.797  0.425322  1.082546
 0.798  0.424138  1.081625
 0.799  0.422517  1.079953
 0.800  0.421019  1.078378
 0.801  0.419421  1.076518
 0.802  0.417450  1.073762
 0.803  0.415786  1.071627
 0.804  0.414583  1.070423
 0.805  0.413329  1.069001
 0.806  0.412012  1.067707
 0.807  0.410540  1.066050
 0.808  0.408391  1.063036
 0.809  0.406438  1.060270
 0.810  0.405228  1.059177
 0.811  0.403991  1.057959
 0.812  0.402706  1.056556
 0.813  0.401329  1.054861
 0.814  0.399779  1.052638
 0.815  0.397663  1.049027
 0.816  0.396683  1.048346
 0.817  0.395189  1.046733
 0.818  0.393904  1.045378
 0.819  0.392605  1.043896
 0.820  0.391220  1.042130
 0.821  0.389604  1.039699
 0.822  0.387783  1.036663
 0.823  0.386855  1.035855
 0.824  0.385899  1.034824
 0.825  0.384909  1.033810
 0.826  0.383427  1.031922
 0.827  0.382033  1.030022
 0.828  0.380480  1.027568
 0.829  0.378673  1.024316
 0.830  0.377820  1.023586
 0.831  0.376957  1.022792
 0.832  0.376072  1.021871
 0.833  0.375146  1.020768
 0.834  0.374153  1.019312
 0.835  0.372745  1.017133
 0.836  0.370586  1.012753
 0.837  0.369789  1.012065
 0.838  0.369016  1.011355
 0.839  0.368245  1.010575
 0.840  0.367460  1.009690
 0.841  0.366643  1.008648
 0.842  0.365772  1.007366
 0.843  0.364763  1.005592
 0.844  0.363200  1.002003
 0.845  0.362288  1.000966
 0.846  0.361570  1.000193
 0.847  0.360902  0.999456
 0.848  0.360248  0.998672
 0.849  0.359585  0.997778
 0.850  0.358883  0.996691
 0.851  0.358101  0.995267
 0.852  0.357000  0.992734
 0.853  0.356246  0.991221
 0.854  0.355926  0.991031
 0.855  0.355112  0.989902
 0.856  0.354572  0.989206
 0.857  0.354070  0.988489
 0.858  0.353571  0.987676
 0.859  0.353041  0.986673
 0.860  0.352432  0.985317
 0.861  0.351259  0.981907
 0.862  0.351108  0.981930
 0.863  0.350963  0.981903
 0.864  0.350687  0.981593
 0.865  0.350210  0.980824
 0.866  0.349887  0.980256
 0.867  0.349595  0.979643
 0.868  0.349298  0.978905
 0.869  0.348955  0.977908
 0.870  0.348459  0.976222
 0.871  0.347980  0.974487
 0.872  0.348044  0.974685
 0.873  0.348116  0.974860
 0.874  0.348076  0.974770
 0.875  0.347881  0.974261
 0.876  0.347826  0.973924
 0.877  0.347799  0.973542
 0.878  0.347770  0.973039
 0.879  0.347721  0.972293
 0.880  0.347510  0.970801
 0.881  0.347407  0.969615
 0.882  0.347731  0.970051
 0.883  0.348076  0.970500
 0.884  0.348371  0.970774
 0.885  0.348506  0.970613
 0.886  0.348774  0.970620
 0.887  0.349092  0.970617
 0.888  0.349430  0.970530
 0.889  0.349757  0.970286
 0.890  0.350045  0.969718
 0.891  0.350065  0.967847
 0.892  0.350735  0.968620
 0.893  0.351427  0.969462
 0.894  0.352090  0.970072
 0.895  0.352688  0.970446
 0.896  0.353399  0.970945
 0.897  0.354150  0.971430
 0.898  0.354943  0.971884
 0.899  0.355765  0.972281
 0.900  0.356602  0.972555
 0.901  0.357417  0.972567
 0.902  0.357976  0.971192
 0.903  0.359151  0.972491
 0.904  0.360328  0.973589
 0.905  0.361547  0.974661
 0.906  0.362863  0.975791
 0.907  0.364226  0.976921
 0.908  0.365652  0.978063
 0.909  0.367131  0.979204
 0.910  0.368682  0.980340
 0.911  0.370263  0.981434
 0.912  0.371896  0.982488
 0.913  0.373545  0.983196
 0.914  0.375191  0.983155
 0.915  0.377331  0.985123
 0.916  0.379556  0.987118
 0.917  0.381886  0.989162
 0.918  0.384295  0.991237
 0.919  0.386849  0.993398
 0.920  0.389480  0.995599
 0.921  0.392256  0.997898
 0.922  0.395160  1.000355
 0.923  0.398450  1.003012
 0.924  0.401901  1.005617
 0.925  0.405478  1.008065
 0.926  0.409010  1.009520
 0.927  0.413119  1.012848
 0.928  0.417475  1.016597
 0.929  0.422125  1.020517
 0.930  0.427077  1.024668
 0.931  0.432304  1.029073
 0.932  0.438892  1.034998
 0.933  0.445467  1.040397
 0.934  0.452555  1.046062
 0.935  0.460172  1.052036
 0.936  0.468565  1.058489
 0.937  0.477646  1.065338
 0.938  0.487777  1.072763
 0.939  0.500020  1.081326
 0.940  0.514416  1.093188
 0.941  0.530887  1.106449
 0.942  0.550094  1.121307
 0.943  0.573199  1.138906
 0.944  0.602187  1.160641
 0.945  0.641971  1.189941
 0.946  0.708550  1.240104
 0.947  0.842373  1.336578
 0.948  0.897286  1.379768
 0.949  0.690054  1.237128
 0.950  0.627064  1.197355
 0.951  0.556736  1.148523
 0.952  0.521192  1.124380
 0.953  0.495889  1.107119
 0.954  0.470682  1.090527
 0.955  0.446671  1.074284
 0.956  0.423740  1.058329
 0.957  0.409354  1.049106
 0.958  0.392548  1.037481
 0.959  0.374505  1.024568
 0.960  0.365388  1.018782
 0.961  0.350529  1.007472
 0.962  0.342425  1.002106
 0.963  0.328885  0.991332
 0.964  0.322309  0.986956
 0.965  0.312459  0.979129
 0.966  0.303966  0.972280
 0.967  0.297035  0.966326
 0.968  0.287393  0.958777
 0.969  0.282142  0.955205
 0.970  0.275322  0.949830
 0.971  0.267984  0.943707
 0.972  0.262905  0.939929
 0.973  0.256600  0.934673
 0.974  0.250614  0.929653
 0.975  0.246313  0.926409
 0.976  0.241039  0.921962
 0.977  0.235153  0.916826
 0.978  0.231425  0.913719
 0.979  0.227096  0.909743
 0.980  0.221196  0.903615
 0.981  0.217877  0.900459
 0.982  0.214283  0.896641
 0.983  0.210187  0.892927
 0.984  0.205597  0.888498
 0.985  0.202681  0.886319
 0.986  0.199500  0.883797
 0.987  0.195656  0.879905
 0.988  0.191889  0.876072
 0.989  0.189290  0.873783
 0.990  0.186457  0.871040
 0.991  0.183228  0.867678
 0.992  0.179594  0.863639
 0.993  0.177208  0.861417
 0.994  0.174781  0.859419
 0.995  0.172095  0.856323
 0.996  0.168321  0.851345
 0.997  0.166173  0.848397
 0.998  0.164093  0.846410
 0.999  0.161882  0.844191
 1.000  0.159381  0.841481
 1.001  0.156354  0.837891
 1.002  0.154541  0.836453
 1.003  0.152628  0.834783
 1.004  0.150623  0.832473
 1.005  0.148488  0.829879
 1.006  0.145709  0.826114
 1.007  0.144041  0.824265
 1.008  0.142355  0.822361
 1.009  0.140561  0.820268
 1.010  0.138680  0.818056
 1.011  0.136277  0.814946
 1.012  0.134505  0.812348
 1.013  0.132939  0.809860
 1.014  0.131415  0.808099
 1.015  0.129787  0.806128
 1.016  0.128083  0.804147
 1.017  0.125933  0.801072
 1.018  0.124603  0.799719
 1.019  0.123245  0.798466
 1.020  0.121845  0.796570
 1.021  0.120402  0.794559
 1.022  0.118816  0.792228
 1.023  0.116936  0.789249
 1.024  0.115735  0.787711
 1.025  0.114509  0.786145
 1.026  0.113254  0.784638
 1.027  0.111954  0.783074
 1.028  0.110552  0.780710
 1.029  0.108704  0.776986
 1.030  0.107649  0.775691
 1.031  0.106568  0.774217
 1.032  0.105474  0.772754
 1.033  0.104322  0.771228
 1.034  0.103161  0.769983
 1.035  0.101870  0.767977
 1.036  0.100463  0.765441
 1.037  0.099487  0.763961
 1.038  0.098504  0.762497
 1.039  0.097491  0.760959
 1.040  0.096480  0.759512
 1.041  0.095386  0.757968
 1.042  0.094171  0.756409
 1.043  0.092995  0.754156
 1.044  0.092105  0.752504
 1.045  0.091191  0.750724
 1.046  0.090256  0.748745
 1.047  0.089326  0.747277
 1.048  0.088388  0.745902
 1.049  0.087351  0.744707
 1.050  0.086232  0.742409
 1.051  0.085448  0.741063
 1.052  0.084655  0.739714
 1.053  0.083843  0.738386
 1.054  0.083022  0.737164
 1.055  0.082184  0.735977
 1.056  0.081301  0.735000
 1.057  0.080174  0.732345
 1.058  0.079456  0.730891
 1.059  0.078733  0.729442
 1.060  0.078000  0.727987
 1.061  0.077267  0.726620
 1.062  0.076499  0.725232
 1.063  0.075695  0.723952
 1.064  0.074876  0.722167
 1.065  0.073946  0.720079
 1.066  0.073308  0.719183
 1.067  0.072666  0.717945
 1.068  0.072019  0.716780
 1.069  0.071350  0.715836
 1.070  0.070682  0.714920
 1.071  0.069988  0.713258
 1.072  0.069266  0.711525
 1.073  0.068407  0.709396
 1.074  0.067824  0.708304
 1.075  0.067237  0.707348
 1.076  0.066640  0.707067
 1.077  0.066046  0.705802
 1.078  0.065440  0.704306
 1.079  0.064810  0.702632
 1.080  0.064144  0.700816
 1.081  0.063367  0.698782
 1.082  0.062796  0.698529
 1.083  0.062270  0.697154
 1.084  0.061745  0.695796
 1.085  0.061217  0.694563
 1.086  0.060671  0.693413
 1.087  0.060128  0.692552
 1.088  0.059565  0.692613
 1.089  0.058973  0.690727
 1.090  0.058297  0.688575
 1.091  0.057820  0.687288
 1.092  0.057340  0.686122
 1.093  0.056851  0.685184
 1.094  0.056363  0.684940
 1.095  0.055875  0.683374
 1.096  0.055368  0.681906
 1.097  0.054858  0.680585
 1.098  0.054296  0.679306
 1.099  0.053700  0.678073
 1.100  0.053269  0.677264
 1.101  0.052835  0.675795
 1.102  0.052404  0.674487
 1.103  0.051969  0.673346
 1.104  0.051525  0.672667
 1.105  0.051080  0.672382
 1.106  0.050618  0.670949
 1.107  0.050142  0.669809
 1.108  0.049594  0.667943
 1.109  0.049201  0.667164
 1.110  0.048808  0.666879
 1.111  0.048409  0.665277
 1.112  0.048007  0.663769
 1.113  0.047607  0.662619
 1.114  0.047200  0.662272
 1.115  0.046787  0.662181
 1.116  0.046348  0.660191
 1.117  0.045848  0.657970
 1.118  0.045463  0.656874
 1.119  0.045106  0.657293
 1.120  0.044749  0.655547
 1.121  0.044394  0.654140
 1.122  0.044038  0.653266
 1.123  0.043678  0.654114
 1.124  0.043312  0.652857
 1.125  0.042930  0.650689
 1.126  0.042538  0.649139
 1.127  0.042093  0.648419
 1.128  0.041769  0.647734
 1.129  0.041447  0.646260
 1.130  0.041127  0.646281
 1.131  0.040794  0.647007
 1.132  0.040461  0.644371
 1.133  0.040129  0.642261
 1.134  0.039786  0.641211
 1.135  0.039440  0.641427
 1.136  0.039084  0.639879
 1.137  0.038697  0.638402
 1.138  0.038403  0.639449
 1.139  0.038106  0.636336
 1.140  0.037812  0.634840
 1.141  0.037519  0.636825
 1.142  0.037227  0.635311
 1.143  0.036924  0.632920
 1.144  0.036623  0.633519
 1.145  0.036309  0.629818
 1.146  0.035990  0.631935
 1.147  0.035633  0.630045
 1.148  0.035361  0.627304
 1.149  0.035093  0.627168
 1.150  0.034830  0.628370
 1.151  0.034554  0.626367
 1.152  0.034279  0.626647
 1.153  0.034006  0.625791
 1.154  0.033725  0.620933
 1.155  0.033456  0.627908
 1.156  0.033163  0.608410
 1.157  0.032761  0.346912
 1.158  0.032522  0.346432
 1.159  0.032286  0.345959
 1.160  0.032048  0.345464
 1.161  0.031811  0.344963
 1.162  0.031575  0.344457
 1.163  0.031335  0.343913
 1.164  0.031093  0.343347
 1.165  0.030850  0.342758
 1.166  0.030599  0.342091
 1.167  0.030334  0.341318
 1.168  0.030060  0.340462
 1.169  0.029842  0.339972
 1.170  0.029626  0.339469
 1.171  0.029408  0.338935
 1.172  0.029186  0.338310
 1.173  0.028969  0.337810
 1.174  0.028752  0.337303
 1.175  0.028532  0.336760
 1.176  0.028311  0.336198
 1.177  0.028082  0.335562
 1.178  0.027831  0.334750
 1.179  0.027608  0.334129
 1.180  0.027412  0.333692
 1.181  0.027214  0.333234
 1.182  0.027017  0.332768
 1.183  0.026820  0.332296
 1.184  0.026623  0.331810
 1.185  0.026422  0.331287
 1.186  0.026223  0.330755
 1.187  0.026018  0.330168
 1.188  0.025810  0.329542
 1.189  0.025581  0.328728
 1.190  0.025376  0.328066
 1.191  0.025194  0.327566
 1.192  0.025016  0.327148
 1.193  0.024838  0.326721
 1.194  0.024658  0.326264
 1.195  0.024478  0.325795
 1.196  0.024298  0.325321
 1.197  0.024114  0.324808
 1.198  0.023931  0.324284
 1.199  0.023740  0.323684
 1.200  0.023529  0.322899
 1.201  0.023351  0.322377
 1.202  0.023187  0.321967
 1.203  0.023023  0.321537
 1.204  0.022858  0.321099
 1.205  0.022694  0.320657
 1.206  0.022530  0.320205
 1.207  0.022363  0.319715
 1.208  0.022197  0.319211
 1.209  0.022027  0.318654
 1.210  0.021855  0.318065
 1.211  0.021673  0.317400
 1.212  0.021495  0.316761
 1.213  0.021345  0.316368
 1.214  0.021196  0.315974
 1.215  0.021048  0.315578
 1.216  0.020898  0.315159
 1.217  0.020747  0.314726
 1.218  0.020597  0.314284
 1.219  0.020446  0.313824
 1.220  0.020293  0.313338
 1.221  0.020139  0.312836
 1.222  0.019978  0.312244
 1.223  0.019803  0.311503
 1.224  0.019666  0.311124
 1.225  0.019529  0.310735
 1.226  0.019391  0.310324
 1.227  0.019253  0.309907
 1.228  0.019115  0.309473
 1.229  0.018978  0.309041
 1.230  0.018840  0.308602
 1.231  0.018702  0.308158
 1.232  0.018562  0.307673
 1.233  0.018420  0.307163
 1.234  0.018266  0.306517
 1.235  0.018124  0.305974
 1.236  0.017998  0.305604
 1.237  0.017873  0.305232
 1.238  0.017748  0.304859
 1.239  0.017623  0.304465
 1.240  0.017497  0.304060
 1.241  0.017371  0.303646
 1.242  0.017244  0.303218
 1.243  0.017117  0.302766
 1.244  0.016989  0.302305
 1.245  0.016855  0.301758
 1.246  0.016708  0.301054
 1.247  0.016593  0.300696
 1.248  0.016479  0.300338
 1.249  0.016364  0.299964
 1.250  0.016249  0.299586
 1.251  0.016134  0.299207
 1.252  0.016020  0.298822
 1.253  0.015904  0.298411
 1.254  0.015788  0.297996
 1.255  0.015672  0.297559
 1.256  0.015553  0.297086
 1.257  0.015429  0.296534
 1.258  0.015302  0.295939
 1.259  0.015196  0.295592
 1.260  0.015091  0.295245
 1.261  0.014986  0.294897
 1.262  0.014881  0.294541
 1.263  0.014775  0.294168
 1.264  0.014669  0.293788
 1.265  0.014564  0.293408
 1.266  0.014458  0.293011
 1.267  0.014352  0.292585
 1.268  0.014242  0.292111
 1.269  0.014127  0.291555
 1.270  0.014016  0.291032
 1.271  0.013919  0.290697
 1.272  0.013822  0.290354
 1.273  0.013725  0.289999
 1.274  0.013629  0.289644
 1.275  0.013532  0.289288
 1.276  0.013436  0.288918
 1.277  0.013338  0.288533
 1.278  0.013241  0.288146
 1.279  0.013143  0.287725
 1.280  0.013043  0.287287
 1.281  0.012937  0.286741
 1.282  0.012837  0.286267
 1.283  0.012748  0.285952
 1.284  0.012660  0.285645
 1.285  0.012573  0.285351
 1.286  0.012484  0.285001
 1.287  0.012395  0.284638
 1.288  0.012306  0.284269
 1.289  0.012217  0.283898
 1.290  0.012127  0.283500
 1.291  0.012037  0.283101
 1.292  0.011945  0.282647
 1.293  0.011846  0.282088
 1.294  0.011757  0.281666
 1.295  0.011675  0.281352
 1.296  0.011593  0.281030
 1.297  0.011511  0.280701
 1.298  0.011430  0.280373
 1.299  0.011349  0.280045
 1.300  0.011267  0.279707
 1.301  0.011185  0.279359
 1.302  0.011104  0.279017
 1.303  0.011022  0.278666
 1.304  0.010939  0.278276
 1.305  0.010850  0.277751
 1.306  0.010766  0.277287
 1.307  0.010690  0.276969
 1.308  0.010615  0.276651
 1.309  0.010540  0.276332
 1.310  0.010465  0.276004
 1.311  0.010389  0.275664
 1.312  0.010314  0.275321
 1.313  0.010239  0.274977
 1.314  0.010163  0.274609
 1.315  0.010088  0.274241
 1.316  0.010010  0.273830
 1.317  0.009930  0.273354
 1.318  0.009852  0.272918
 1.319  0.009783  0.272637
 1.320  0.009714  0.272356
 1.321  0.009646  0.272084
 1.322  0.009578  0.271850
 1.323  0.009509  0.271518
 1.324  0.009440  0.271178
 1.325  0.009370  0.270824
 1.326  0.009301  0.270469
 1.327  0.009231  0.270091
 1.328  0.009160  0.269693
 1.329  0.009086  0.269228
 1.330  0.009013  0.268755
 1.331  0.008949  0.268459
 1.332  0.008885  0.268165
 1.333  0.008821  0.267872
 1.334  0.008758  0.267573
 1.335  0.008694  0.267265
 1.336  0.008630  0.266955
 1.337  0.008567  0.266651
 1.338  0.008503  0.266335
 1.339  0.008440  0.266029
 1.340  0.008378  0.265778
 1.341  0.008311  0.265345
 1.342  0.008242  0.264832
 1.343  0.008182  0.264534
 1.344  0.008123  0.264231
 1.345  0.008064  0.263922
 1.346  0.008005  0.263613
 1.347  0.007946  0.263304
 1.348  0.007888  0.262992
 1.349  0.007829  0.262665
 1.350  0.007770  0.262338
 1.351  0.007711  0.262001
 1.352  0.007651  0.261640
 1.353  0.007590  0.261246
 1.354  0.007526  0.260766
 1.355  0.007472  0.260508
 1.356  0.007418  0.260258
 1.357  0.007365  0.260025
 1.358  0.007313  0.259867
 1.359  0.007258  0.259574
 1.360  0.007204  0.259248
 1.361  0.007149  0.258923
 1.362  0.007095  0.258588
 1.363  0.007040  0.258242
 1.364  0.006985  0.257890
 1.365  0.006929  0.257491
 1.366  0.006869  0.256980
 1.367  0.006818  0.256705
 1.368  0.006768  0.256429
 1.369  0.006718  0.256150
 1.370  0.006668  0.255871
 1.371  0.006618  0.255596
 1.372  0.006568  0.255325
 1.373  0.006518  0.255043
 1.374  0.006469  0.254772
 1.375  0.006419  0.254517
 1.376  0.006371  0.254340
 1.377  0.006320  0.253961
 1.378  0.006264  0.253422
 1.379  0.006217  0.253135
 1.380  0.006170  0.252848
 1.381  0.006123  0.252560
 1.382  0.006077  0.252273
 1.383  0.006030  0.251977
 1.384  0.005984  0.251678
 1.385  0.005937  0.251382
 1.386  0.005891  0.251080
 1.387  0.005845  0.250771
 1.388  0.005798  0.250459
 1.389  0.005751  0.250116
 1.390  0.005702  0.249692
 1.391  0.005657  0.249411
 1.392  0.005615  0.249201
 1.393  0.005573  0.249027
 1.394  0.005532  0.248879
 1.395  0.005489  0.248577
 1.396  0.005445  0.248275
 1.397  0.005402  0.247961
 1.398  0.005359  0.247646
 1.399  0.005316  0.247328
 1.400  0.005273  0.246989
 1.401  0.005230  0.246649
 1.402  0.005185  0.246237
 1.403  0.005141  0.245880
 1.404  0.005101  0.245622
 1.405  0.005062  0.245372
 1.406  0.005022  0.245120
 1.407  0.004982  0.244869
 1.408  0.004943  0.244625
 1.409  0.004904  0.244397
 1.410  0.004866  0.244200
 1.411  0.004828  0.244083
 1.412  0.004788  0.243746
 1.413  0.004748  0.243377
 1.414  0.004706  0.242948
 1.415  0.004666  0.242599
 1.416  0.004629  0.242325
 1.417  0.004592  0.242045
 1.418  0.004555  0.241771
 1.419  0.004518  0.241497
 1.420  0.004481  0.241226
 1.421  0.004444  0.240946
 1.422  0.004408  0.240670
 1.423  0.004371  0.240399
 1.424  0.004335  0.240112
 1.425  0.004298  0.239832
 1.426  0.004261  0.239509
 1.427  0.004225  0.239278
 1.428  0.004193  0.239223
 1.429  0.004158  0.238933
 1.430  0.004124  0.238643
 1.431  0.004089  0.238346
 1.432  0.004055  0.238051
 1.433  0.004021  0.237759
 1.434  0.003986  0.237460
 1.435  0.003952  0.237157
 1.436  0.003918  0.236855
 1.437  0.003884  0.236522
 1.438  0.003848  0.236114
 1.439  0.003815  0.235861
 1.440  0.003784  0.235635
 1.441  0.003752  0.235412
 1.442  0.003721  0.235203
 1.443  0.003690  0.235027
 1.444  0.003660  0.234943
 1.445  0.003629  0.234759
 1.446  0.003597  0.234443
 1.447  0.003566  0.234124
 1.448  0.003534  0.233793
 1.449  0.003502  0.233445
 1.450  0.003468  0.233028
 1.451  0.003438  0.232764
 1.452  0.003409  0.232506
 1.453  0.003379  0.232250
 1.454  0.003350  0.231995
 1.455  0.003320  0.231745
 1.456  0.003291  0.231501
 1.457  0.003262  0.231271
 1.458  0.003233  0.231043
 1.459  0.003205  0.230840
 1.460  0.003177  0.230700
 1.461  0.003149  0.230544
 1.462  0.003119  0.230142
 1.463  0.003091  0.229858
 1.464  0.003063  0.229576
 1.465  0.003035  0.229294
 1.466  0.003007  0.229017
 1.467  0.002980  0.228741
 1.468  0.002952  0.228459
 1.469  0.002925  0.228188
 1.470  0.002898  0.227918
 1.471  0.002871  0.227643
 1.472  0.002844  0.227368
 1.473  0.002816  0.227019
 1.474  0.002790  0.226836
 1.475  0.002766  0.226688
 1.476  0.002742  0.226682
 1.477  0.002717  0.226507
 1.478  0.002691  0.226202
 1.479  0.002666  0.225899
 1.480  0.002640  0.225605
 1.481  0.002614  0.225302
 1.482  0.002589  0.225000
 1.483  0.002564  0.224692
 1.484  0.002538  0.224368
 1.485  0.002513  0.224043
 1.486  0.002489  0.223807
 1.487  0.002465  0.223581
 1.488  0.002442  0.223365
 1.489  0.002418  0.223175
 1.490  0.002395  0.223011
 1.491  0.002373  0.222929
 1.492  0.002351  0.222885
 1.493  0.002328  0.222561
 1.494  0.002304  0.222230
 1.495  0.002280  0.221884
 1.496  0.002256  0.221518
 1.497  0.002233  0.221246
 1.498  0.002211  0.220979
 1.499  0.002189  0.220718
 1.500  0.002166  0.220459
 1.501  0.002144  0.220219
 1.502  0.002123  0.219981
 1.503  0.002101  0.219760
 1.504  0.002080  0.219557
 1.505  0.002059  0.219386
 1.506  0.002038  0.219334
 1.507  0.002017  0.219179
 1.508  0.001996  0.218879
 1.509  0.001975  0.218577
 1.510  0.001954  0.218278
 1.511  0.001933  0.217994
 1.512  0.001913  0.217712
 1.513  0.001892  0.217430
 1.514  0.001872  0.217161
 1.515  0.001851  0.216893
 1.516  0.001831  0.216642
 1.517  0.001811  0.216385
 1.518  0.001791  0.216137
 1.519  0.001772  0.215988
 1.520  0.001754  0.215918
 1.521  0.001737  0.216010
 1.522  0.001717  0.215686
 1.523  0.001698  0.215372
 1.524  0.001678  0.215059
 1.525  0.001659  0.214748
 1.526  0.001640  0.214456
 1.527  0.001621  0.214160
 1.528  0.001602  0.213858
 1.529  0.001583  0.213572
 1.530  0.001565  0.213336
 1.531  0.001548  0.213131
 1.532  0.001530  0.212942
 1.533  0.001513  0.212794
 1.534  0.001496  0.212744
 1.535  0.001480  0.212821
 1.536  0.001462  0.212482
 1.537  0.001444  0.212147
 1.538  0.001426  0.211820
 1.539  0.001409  0.211480
 1.540  0.001391  0.211196
 1.541  0.001374  0.210922
 1.542  0.001358  0.210650
 1.543  0.001341  0.210403
 1.544  0.001324  0.210169
 1.545  0.001308  0.209979
 1.546  0.001292  0.209817
 1.547  0.001276  0.209726
 1.548  0.001263  0.209948
 1.549  0.001246  0.209590
 1.550  0.001230  0.209248
 1.551  0.001214  0.208921
 1.552  0.001198  0.208611
 1.553  0.001182  0.208304
 1.554  0.001166  0.208021
 1.555  0.001150  0.207748
 1.556  0.001135  0.207483
 1.557  0.001120  0.207257
 1.558  0.001105  0.207069
 1.559  0.001090  0.206932
 1.560  0.001077  0.206899
 1.561  0.001064  0.207075
 1.562  0.001049  0.206719
 1.563  0.001034  0.206367
 1.564  0.001019  0.206024
 1.565  0.001004  0.205711
 1.566  0.000990  0.205402
 1.567  0.000975  0.205115
 1.568  0.000961  0.204860
 1.569  0.000947  0.204637
 1.570  0.000934  0.204434
 1.571  0.000921  0.204288
 1.572  0.000908  0.204228
 1.573  0.000896  0.204533
 1.574  0.000882  0.204145
 1.575  0.000868  0.203780
 1.576  0.000855  0.203432
 1.577  0.000841  0.203108
 1.578  0.000828  0.202824
 1.579  0.000815  0.202555
 1.580  0.000802  0.202281
 1.581  0.000789  0.202026
 1.582  0.000777  0.201832
 1.583  0.000765  0.201699
 1.584  0.000753  0.201753
 1.585  0.000742  0.201924
 1.586  0.000729  0.201521
 1.587  0.000717  0.201181
 1.588  0.000705  0.200902
 1.589  0.000692  0.200541
 1.590  0.000680  0.200213
 1.591  0.000668  0.199901
 1.592  0.000657  0.199653
 1.593  0.000645  0.199424
 1.594  0.000634  0.199330
 1.595  0.000623  0.199416
 1.596  0.000614  0.199697
 1.597  0.000602  0.199348
 1.598  0.000590  0.198914
 1.599  0.000579  0.198527
 1.600  0.000568  0.198151
 1.601  0.000556  0.197815
 1.602  0.000545  0.197522
 1.603  0.000535  0.197288
 1.604  0.000524  0.197157
 1.605  0.000515  0.197267
 1.606  0.000506  0.197851
 1.607  0.000495  0.197352
 1.608  0.000485  0.196868
 1.609  0.000474  0.196426
 1.610  0.000464  0.196049
 1.611  0.000453  0.195704
 1.612  0.000443  0.195435
 1.613  0.000434  0.195275
 1.614  0.000425  0.195259
 1.615  0.000416  0.195253
 1.616  0.000408  0.195714
 1.617  0.000397  0.195185
 1.618  0.000388  0.194700
 1.619  0.000378  0.194224
 1.620  0.000368  0.193930
 1.621  0.000359  0.193734
 1.622  0.000351  0.193549
 1.623  0.000341  0.193255
 1.624  0.000333  0.193227
 1.625  0.000326  0.193950
 1.626  0.000317  0.193358
 1.627  0.000308  0.192883
 1.628  0.000299  0.192461
 1.629  0.000291  0.192356
 1.630  0.000282  0.191933
 1.631  0.000274  0.191551
 1.632  0.000266  0.191332
 1.633  0.000259  0.191510
 1.634  0.000252  0.191954
 1.635  0.000244  0.191456
 1.636  0.000236  0.191323
 1.637  0.000228  0.190665
 1.638  0.000220  0.190193
 1.639  0.000212  0.189815
 1.640  0.000205  0.189645
 1.641  0.000198  0.189992
 1.642  0.000192  0.190523
 1.643  0.000185  0.190218
 1.644  0.000177  0.189432
 1.645  0.000170  0.188758
 1.646  0.000163  0.188301
 1.647  0.000157  0.188049
 1.648  0.000151  0.188385
 1.649  0.000146  0.189765
 1.650  0.000139  0.188820
 1.651  0.000132  0.187876
 1.652  0.000125  0.187154
 1.653  0.000119  0.186687
 1.654  0.000113  0.186853
 1.655  0.000109  0.188179
 1.656  0.000103  0.187863
 1.657  0.000097  0.186854
 1.658  0.000091  0.185846
 1.659  0.000086  0.185477
 1.660  0.000081  0.186198
 1.661  0.000077  0.187380
 1.662  0.000072  0.186345
 1.663  0.000067  0.185267
 1.664  0.000062  0.184324
 1.665  0.000058  0.185361
 1.666  0.000054  0.185490
 1.667  0.000050  0.185655
 1.668  0.000046  0.184032
 1.669  0.000042  0.183578
 1.670  0.000039  0.184008
 1.671  0.000037  0.186104
 1.672  0.000034  0.183607
 1.673  0.000031  0.182957
 1.674  0.000028  0.182719
 1.675  0.000027  0.185098
 1.676  0.000025  0.182360
 1.677  0.000024  0.182690
 1.678  0.000024  0.182789
 1.679  0.000024  0.182408
 1.680  0.000024  0.180149
 1.681  0.000027  0.183732
 1.682  0.000030  0.181544
 1.683  0.000038  0.183824
 1.684  0.000042  0.170040
 1.685  0.000000  0.000000
